time,ax,ay,az,fx,fy,fz,tx,ty,tz,
0.0018600000000000001,0.17263837679916444,10.779198404802216,-0.70898845344727657,-9.2663276887288824,0.11816545978759752,0.17816715415134501,-0.0069282483003750839,-0.40376920921099702,0.0078082732607092998,
0.0032910000000000001,0.17263458795793948,11.810678016631403,-0.70898472638136556,-9.2586734369292554,0.59436077648104901,0.17677446968755456,-0.027778149936465348,-0.40360862116074325,0.0085474114495316198,
0.0047070000000000002,0.17263079911671453,12.842157628460591,-0.70898099931545455,-9.258492075615294,1.0718590526709677,0.17614207699165599,-0.048947082737684749,-0.40377884466287028,0.0088281940667272307,
0.0061440000000000002,0.17262701027548957,13.873637240289778,-0.70897727224954354,-9.262958632131145,1.5445547298257103,0.17209004617847037,-0.069540907896017592,-0.40375106655147175,0.0088932963398707602,
0.0065830000000000003,-9.3494978620382199,-0.49594147125477583,-0.17683674672265826,-9.2629621644523539,2.5061989619135741,0.17209352090680707,-0.11175592996460618,-0.40375122258877699,0.009162484794383273,
0.0076,-9.3495016508794446,0.53553814057441151,-0.17683301965674725,-9.2712132232170177,2.7714113969542185,0.16959670223157511,-0.12385113216170285,-0.40419900664279496,0.0091118444779973735,
0.0090209999999999995,-9.3495054397206694,1.5670177524035989,-0.17682929259083624,-9.2740915579294931,3.0953106970039137,0.16925375452809877,-0.13843983236651444,-0.40429537135985105,0.0092024041539574709,
0.010447,-9.3495054397206694,1.5670177524035989,-0.17682923081552229,-9.2754771957536963,2.636215419409861,0.16684780534942356,-0.11861121401734018,-0.40444748612462422,0.0090697236273198593,
0.010529,-9.5026891056908216,0.44782986571057815,-0.1576868662557637,-9.2754771957536963,2.636215419409861,0.16684786294229662,-0.11861121401420749,-0.40444748614074588,0.0090697236273198593,
0.011906,-9.5026891056908216,0.44782986571057815,-0.15768680448044975,-9.2754848757407284,2.288036341226042,0.17064354272235061,-0.10357457608553425,-0.40433047813051537,0.0089541233980083446,
0.013346,-9.5026891056908216,0.44782986571057815,-0.1576867427051358,-9.2778903497996996,2.011138442594131,0.17284920798467712,-0.091775068135322782,-0.40454232074568203,0.0089011224390051612,
0.014463,-9.5743719072842879,0.057345978964127964,-0.15089309120911371,-9.2778903497996996,2.011138442594131,0.17284926557755018,-0.091775068132190094,-0.40454232076180369,0.0089011224390051612,
0.014782,-9.5743719072842879,0.057345978964127964,-0.15089302943379976,-9.2807000118377942,1.7868986341291708,0.1737925097291981,-0.082244626354737671,-0.40464972311933783,0.0087605457835156428,
0.016187,-9.5743719072842879,0.057345978964127964,-0.15089296765848581,-9.282253630012141,1.6025944455915377,0.17464969729538579,-0.074339363417798648,-0.40485818074129803,0.0087886946841428896,
0.017631000000000001,-9.5743719072842879,0.057345978964127964,-0.15089290588317186,-9.2839072983449586,1.4460573963357293,0.17466091571028203,-0.067716270854738969,-0.40481270242950224,0.0087115141069111536,
0.018404,-9.6107515139840434,-0.14109059337332014,-0.15918374467150789,-9.2839072983449586,1.4460573963357293,0.17466097330315508,-0.067716270851606281,-0.4048127024456239,0.0087115141069111536,
0.019039,-9.6107515139840434,-0.14109059337332014,-0.15918368289619395,-9.2863388591679392,1.3122406325778431,0.17467050033635087,-0.06207794233473872,-0.40492047887952759,0.0086196069988950675,
0.020483000000000001,-9.6107515139840434,-0.14109059337332014,-0.15918399198937441,-9.287445997400992,1.1963246307802948,0.17472200232562504,-0.057215059172893393,-0.40493514398083186,0.0086856809111525383,
0.021916000000000001,-9.6107515139840434,-0.14109059337332014,-0.15918430108255488,-9.2881883348225696,1.0952575127029234,0.17428263359438984,-0.052862712247150168,-0.40505526212436493,0.0087632697526480209,
0.022335000000000001,-9.6255018162444923,-0.25602539269622654,-0.14330521854604192,-9.2881883348225696,1.0952575127029234,0.17428234542807924,-0.052862712262824609,-0.40505526204369996,0.0087632697526480209,
0.023328999999999999,-9.6255018162444923,-0.25602539269622654,-0.14330552763922239,-9.2901045085933056,1.0060318684690315,0.17778348417593218,-0.048966454025422837,-0.40508358668470767,0.0087433163992432644,
0.024771999999999999,-9.6255018162444923,-0.25602539269622654,-0.14330583673240285,-9.2926303407434645,0.9284244583067891,0.17857949130854395,-0.045547400062302297,-0.40523776828722219,0.008750221064300262,
0.026239999999999999,-9.6255018162444923,-0.25602539269622654,-0.14330614582558332,-9.292651686853457,0.85740835494278633,0.17886808098894558,-0.042501273029398295,-0.40526872416090692,0.0088506859438244097,
0.02631,-9.6424723547489481,-0.34668142003321956,-0.13259919938881365,-9.292651686853457,0.85740835494278633,0.17886779282263499,-0.042501273045072736,-0.40526872408024195,0.0088506859438244097,
0.027675000000000002,-9.6424723547489481,-0.34668142003321956,-0.13259950848199412,-9.2923680434507538,0.79324863914195465,0.17823021991439547,-0.039778655191501588,-0.40521282214319265,0.008786291757314121,
0.029064,-9.6424723547489481,-0.34668142003321956,-0.13259981757517458,-9.2928954812886477,0.73627315869211507,0.17890013574066035,-0.037323549471913096,-0.40526820327724655,0.0088457659693166341,
0.030227,-9.6547203662021879,-0.41264314572225719,-0.13319511784776597,-9.2928954812886477,0.73627315869211507,0.17890042390697095,-0.037323549456238655,-0.40526820335791153,0.0088457659693166341,
0.030506999999999999,-9.6547203662021879,-0.41264314572225719,-0.1331948087545855,-9.2944352405214765,0.68347052308963241,0.17834078923461913,-0.035037278019920778,-0.40530587700085735,0.0087869777164097541,
0.031935999999999999,-9.6547203662021879,-0.41264314572225719,-0.13319449966140504,-9.2956127911906385,0.63570928212514022,0.17895260779944494,-0.032932855479039798,-0.40536454541852363,0.0087819244478232195,
0.033371999999999999,-9.6547203662021879,-0.41264314572225719,-0.13319419056822457,-9.2954203098834238,0.59178976920177417,0.17876797691707783,-0.031074253264240757,-0.4053345829389321,0.0087374020622654289,
0.034148999999999999,-9.6662588127881541,-0.44976133721743528,-0.1339508797714947,-9.2954203098834238,0.59178976920177417,0.17876826508338842,-0.03107425324856632,-0.40533458301959707,0.0087374020622654289,
0.034789,-9.6662588127881541,-0.44976133721743528,-0.13395057067831423,-9.2943469922967772,0.55386974447057047,0.18130774370696445,-0.02930052644773648,-0.40527222200048757,0.0086184012711993854,
0.036228000000000003,-9.6662588127881541,-0.44976133721743528,-0.13395026158513376,-9.2942313880205134,0.51742120106415812,0.18069450057514233,-0.02773037850228615,-0.40526206606707071,0.0085794053208305219,
0.037664000000000003,-9.6662588127881541,-0.44976133721743528,-0.13394995249195329,-9.2937203494701972,0.48511079061698004,0.18082046183661346,-0.026255364720851548,-0.40525212763946217,0.00875656980746632,
0.038102999999999998,-9.6729931084281429,-0.48190283368017012,-0.13454327860860152,-9.2937203494701972,0.48511079061698004,0.18082075000292405,-0.026255364705177111,-0.40525212772012714,0.00875656980746632,
0.039105000000000001,-9.6729931084281429,-0.48190283368017012,-0.13454296951542105,-9.2934041936109182,0.45536032316247521,0.18027677685205817,-0.024937216786891554,-0.40528505272194298,0.0087469891558703307,
0.040536999999999997,-9.6729931084281429,-0.48190283368017012,-0.13454296951542105,-9.2945132245789459,0.42737124346344818,0.17950399730664107,-0.023647751542914708,-0.40533156027136136,0.008811702726383085,
0.041958000000000002,-9.6729931084281429,-0.48190283368017012,-0.13454296951542105,-9.2930802060255981,0.40082397243806794,0.17841949773571289,-0.022495669281188926,-0.40530275481580413,0.0086459092335658544,
0.042054000000000001,-9.6784417169959305,-0.50801572978656451,-0.13401811809490563,-9.2930802060255981,0.40082397243806794,0.17841949773571289,-0.022495669281188926,-0.40530275481580413,0.0086459092335658544,
0.043403999999999998,-9.6784417169959305,-0.50801572978656451,-0.13401811809490563,-9.2905093745908385,0.37799473513919968,0.17826404634687401,-0.021366797073817577,-0.40520020295000908,0.0085607835962307303,
0.044833999999999999,-9.6784417169959305,-0.50801572978656451,-0.13401811809490563,-9.289107992922121,0.35545928493242224,0.17758294330109956,-0.020390239770663371,-0.40515105268737406,0.0085970617075880416,
0.046022,-9.678171658708715,-0.53185958977368353,-0.13243013471901255,-9.289107992922121,0.35545928493242224,0.17758294330109956,-0.020390239770663371,-0.40515105268737406,0.0085970617075880416,
0.046273000000000002,-9.678171658708715,-0.53185958977368353,-0.13243013471901255,-9.2872069221848488,0.33654842777035954,0.17693133630468602,-0.01943442479047177,-0.40504240679147929,0.0085906936024460791,
0.047688000000000001,-9.678171658708715,-0.53185958977368353,-0.13243013471901255,-9.2863790469906782,0.31806710618160905,0.175799107818985,-0.018641129900652961,-0.40502103577302018,0.0086494408167452751,
0.049147999999999997,-9.678171658708715,-0.53185958977368353,-0.13243013471901255,-9.2838568392515342,0.30168825629044854,0.17551068995524477,-0.017753349904599567,-0.40495212303546141,0.0086607017477698355,
0.049964000000000001,-9.6779440932152667,-0.55251935849549549,-0.13109672455810312,-9.2838568392515342,0.30168825629044854,0.17551068995524477,-0.017753349904599567,-0.40495212303546141,0.0086607017477698355,
0.050556999999999998,-9.6779440932152667,-0.55251935849549549,-0.1310969717625069,-9.2834456459843544,0.28532175661284226,0.17498921438736223,-0.017036584528767718,-0.40492669426693589,0.0087076800480394064,
0.051987999999999999,-9.6779440932152667,-0.55251935849549549,-0.13109721896691068,-9.2838805911778035,0.27062648583394666,0.1742414611650491,-0.016362363672995022,-0.40490531215171011,0.0087106423766108911,
0.053423999999999999,-9.6779440932152667,-0.55251935849549549,-0.13109746617131446,-9.2832944056879096,0.25855169481043555,0.17327628243137067,-0.015719496793922531,-0.40484121167597908,0.0087079779100917472,
0.053878000000000002,-9.6797720742639282,-0.57008792684348997,-0.13599318261691087,-9.2832944056879096,0.25855169481043555,0.17327605196371401,-0.015719496806458524,-0.40484121161146541,0.0087079779100917472,
0.054837999999999998,-9.6797720742639282,-0.57008792684348997,-0.13599342982131465,-9.281554989714337,0.2488059218238734,0.17357760696119823,-0.01509274405851912,-0.40478923458374061,0.0087783691239477508,
0.056285000000000002,-9.6797720742639282,-0.57008792684348997,-0.13599367702571843,-9.2776875286943401,0.23909698658566864,0.1735619292123014,-0.014504645653430012,-0.40455837946118833,0.0085892948725996756,
0.057754,-9.6797720742639282,-0.57008792684348997,-0.13599392423012222,-9.2759886358702097,0.22944901916987215,0.17405093622769049,-0.013985591704366435,-0.40449285004879643,0.0085565565181205637,
0.057840999999999997,-9.6841500405524652,-0.57676502292837528,-0.13870609498088435,-9.2759886358702097,0.22944901916987215,0.17405070576003384,-0.01398559171690243,-0.40449284998428275,0.0085565565181205637,
0.059159000000000003,-9.6841500405524652,-0.57676502292837528,-0.13870634218528813,-9.2752167120378868,0.21956319398264912,0.17339197984626584,-0.013467704102997184,-0.40445945745739448,0.0086261528800756042,
0.060579000000000001,-9.6841500405524652,-0.57676502292837528,-0.13870646583906399,-9.2768317942479044,0.21034822347990498,0.17347802153631225,-0.013036442508763162,-0.40449965376128771,0.0088275128104868955,
0.061794000000000002,-9.6879829170252361,-0.58397034554490423,-0.14107512012723811,-9.2768317942479044,0.21034822347990498,0.17347790625440171,-0.013036442515033775,-0.40449965372901742,0.0088275128104868955,
0.062023000000000002,-9.6879829170252361,-0.58397034554490423,-0.14107524378101396,-9.2800959735128039,0.20335258830962891,0.1731046412723681,-0.012642170883657926,-0.40476898732239341,0.0088351386967547955,
0.063459000000000002,-9.6879829170252361,-0.58397034554490423,-0.14107536743478982,-9.2783494427907804,0.19671878122336289,0.17403484990430915,-0.01221371745656046,-0.40467474446121476,0.0088131042350268526,
0.064869999999999997,-9.6879829170252361,-0.58397034554490423,-0.14107549108856568,-9.2764084663814028,0.18943664714282246,0.17446262097503809,-0.01188235043016465,-0.40463983198399212,0.0086525425985717781,
0.065721000000000002,-9.6899690497192115,-0.59023388485383632,-0.14230656763180943,-9.2764084663814028,0.18943664714282246,0.17446250569312755,-0.011882350436435263,-0.40463983195172182,0.0086525425985717781,
0.066318000000000002,-9.6899690497192115,-0.59023388485383632,-0.14230669128558529,-9.2715411319517216,0.18298220243765942,0.17530292013352433,-0.011490563895787755,-0.40433052998166391,0.0086375873716946511,
0.067747000000000002,-9.6899690497192115,-0.59023388485383632,-0.14230681493936115,-9.2723026954310477,0.17661088691264099,0.17572149938386311,-0.011188157249568913,-0.40436478558607181,0.0086667238893084128,
0.069205000000000003,-9.6899690497192115,-0.59023388485383632,-0.14230693859313701,-9.2734437671942214,0.17111163959187689,0.17591384055203785,-0.010871914790403949,-0.40440420276810829,0.0086542545602123783,
0.069664000000000004,-9.6899911551182889,-0.6043657098157128,-0.14225223200145068,-9.2734437671942214,0.17111163959187689,0.1759137252701273,-0.010871914796674561,-0.40440420273583799,0.0086542545602123783,
0.070626999999999995,-9.6899911551182889,-0.6043657098157128,-0.14226211406092742,-9.2769714784719177,0.16695546768565009,0.17612543696036589,-0.010702481678578133,-0.4045422203684948,0.0088550807013160881,
0.072054999999999994,-9.6899911551182889,-0.6043657098157128,-0.14227199612040417,-9.2809423507533158,0.16389097210214507,0.17716556466359287,-0.01049210056855414,-0.40476835174316966,0.0090117106269674598,
0.073481000000000005,-9.6899911551182889,-0.6043657098157128,-0.14228187817988092,-9.2816864696163552,0.15755750465229104,0.17730446573575095,-0.010197337859473875,-0.40480518186827014,0.008876372196559755,
0.073602000000000001,-9.6900109542985557,-0.60899026555713853,-0.1422400500693134,-9.2816864696163552,0.15755750465229104,0.17729525273203475,-0.010197338360603457,-0.40480517928932008,0.008876372196559755,
0.074911000000000005,-9.6900109542985557,-0.60899026555713853,-0.14224993212879014,-9.2804631738747894,0.15366851243572099,0.17864537170265041,-0.009932484826692364,-0.40479950533442643,0.0088824875528621776,
0.076349,-9.6900109542985557,-0.60899026555713853,-0.14225981418826689,-9.2753105326418481,0.14932391967579223,0.17911106654660569,-0.0096303514742218464,-0.40448619280259257,0.0088060107609884229,
0.077632000000000007,-9.704096138481237,-0.61306348544679756,-0.14450748078248368,-9.2753105326418481,0.14932391967579223,0.17910185354288949,-0.0096303519753514286,-0.40448619022364252,0.0088060107609884229,
0.077766000000000002,-9.704096138481237,-0.61306348544679756,-0.14451736284196043,-9.2753316591706128,0.14620375838385349,0.17977322741698268,-0.0094269554138726921,-0.40445213258113499,0.0087628289784707439,
0.079203999999999997,-9.704096138481237,-0.61306348544679756,-0.14452724490143717,-9.2778364044235584,0.14366247186786624,0.17926510926957442,-0.0092564092439180786,-0.40458082520627908,0.0087901022417117662,
0.080641000000000004,-9.704096138481237,-0.61306348544679756,-0.14452693593203425,-9.2833232171554734,0.14163396299337039,0.1797921532929499,-0.009086974420739238,-0.40477492212322008,0.0089350479266519806,
0.081533999999999995,-9.7043166075838201,-0.61911384067249153,-0.14419317103858786,-9.2833232171554734,0.14163396299337039,0.17979244134386319,-0.0090869744050710768,-0.40477492220385275,0.0089350479266519806,
0.082075999999999996,-9.7043166075838201,-0.61911384067249153,-0.14419286206918494,-9.2902522145123516,0.13975994366160038,0.1801237428751078,-0.0089388761843735565,-0.40515550877053291,0.0090395000744136079,
0.083498000000000003,-9.7043166075838201,-0.61911384067249153,-0.14419255309978202,-9.2923398452787058,0.13515589319468169,0.18138275433561044,-0.0087124079560670434,-0.4051882751115562,0.0090878366174842549,
0.084928000000000003,-9.7043166075838201,-0.61911384067249153,-0.14419224413037909,-9.2918149180937384,0.1302315971235484,0.18182518632373393,-0.0085123289778277714,-0.40522495970062594,0.0091020290856818915,
0.085510000000000003,-9.704517035012838,-0.62500153065553432,-0.14388811138872062,-9.2918149180937384,0.1302315971235484,0.18182547437464722,-0.0085123289621596102,-0.40522495978125861,0.0091020290856818915,
0.086370000000000002,-9.704517035012838,-0.62500153065553432,-0.1438878024193177,-9.2842658959202531,0.12631673766456661,0.18255603478790969,-0.0082762314413181489,-0.40485028591097821,0.0088642528377816734,
0.087809999999999999,-9.704517035012838,-0.62500153065553432,-0.14388749344991478,-9.2811933951410364,0.12480429902034573,0.18328380005179007,-0.0081655746837032833,-0.40466500886994489,0.0087672070598744621,
0.089226,-9.704517035012838,-0.62500153065553432,-0.14388718448051185,-9.2831570226397666,0.12402572305933907,0.1830794389867868,-0.0081443730698883329,-0.40478093821136335,0.0087283044772435148,
0.089416999999999996,-9.7161181179053724,-0.63019520235543036,-0.14277240849929443,-9.2831570226397666,0.12402572305933907,0.18307972703770009,-0.0081443730542201716,-0.40478093829199602,0.0087283044772435148,
0.090663999999999995,-9.7161181179053724,-0.63019520235543036,-0.14277197586580084,-9.2895895458469724,0.12278811562879711,0.18257769480294617,-0.007980754172792287,-0.40495743442508414,0.0089533710595920864,
0.092094999999999996,-9.7161181179053724,-0.63019520235543036,-0.14277154323230726,-9.3005460040357413,0.12305696972062788,0.18321930847607576,-0.0079288905522718854,-0.40561620955205674,0.0090310017948249804,
0.093359999999999999,-9.7123363334264976,-0.63560240548034097,-0.14215510577429635,-9.3005460040357413,0.12305696972062788,0.18321971181851601,-0.0079288905303325878,-0.40561620966496237,0.0090310017948249804,
0.093575000000000005,-9.7123363334264976,-0.63560240548034097,-0.14215467314080277,-9.3032299502458802,0.12091511237057791,0.18379181040592202,-0.0078644681863238898,-0.40564995940004356,0.0090795607377857478,
0.095036999999999996,-9.7123363334264976,-0.63560240548034097,-0.14215424050730918,-9.3007730422028434,0.11583283790851193,0.18398275942218154,-0.0075925826947246394,-0.40566204789441945,0.0090872273577532834,
0.096426999999999999,-9.7123363334264976,-0.63560240548034097,-0.1421538078738156,-9.2897736406413216,0.1145643548553848,0.18422813391084003,-0.0074333109643307917,-0.40507912828847764,0.0087422010302443641,
0.097287999999999999,-9.7088683701834597,-0.64553631444990567,-0.14158535563518163,-9.2897736406413216,0.1145643548553848,0.18422853725328028,-0.0074333109423914941,-0.40507912840138327,0.0087422010302443641,
0.097867999999999997,-9.7088683701834597,-0.64553631444990567,-0.14158492300168804,-9.2822475564540508,0.11362164745752625,0.18561936347827157,-0.0074155476204157359,-0.40470385119472801,0.0088419651270620625,
0.099281999999999995,-9.7088683701834597,-0.64553631444990567,-0.14158449036819445,-9.2807129003276589,0.11103522089136078,0.18481453046478591,-0.0072240180681021979,-0.40463811195925736,0.008702385584707626,
0.100704,-9.7088683701834597,-0.64553631444990567,-0.14158424316379067,-9.288095742549519,0.11323546266424001,0.18461497640538013,-0.0072181447130698264,-0.40483725350570438,0.0087716398117079122,
0.10123500000000001,-9.7090758229880034,-0.65433433391271145,-0.1409280638508488,-9.288095742549519,0.11323546266424001,0.18461520687303679,-0.0072181447005338325,-0.40483725357021805,0.0087716398117079122,
0.10215200000000001,-9.7090758229880034,-0.65433433391271145,-0.14092781664644502,-9.3037637660556136,0.11573857848872107,0.18484831835126866,-0.007316208221050534,-0.40579254830163247,0.0089003110494668362,
0.103563,-9.7090758229880034,-0.65433433391271145,-0.14092756944204124,-9.30761188494753,0.11129684910898734,0.18358018309219287,-0.0070663961689554251,-0.40581455111995746,0.0088335526404542675,
0.104995,-9.7090758229880034,-0.65433433391271145,-0.14092732223763746,-9.3063185685000551,0.10899892257883387,0.18393872163515312,-0.007060754943993431,-0.40587235837622349,0.0089432950623211036,
0.105173,-9.7217265829962738,-0.64941873971625252,-0.14313314223394374,-9.3063185685000551,0.10899892257883387,0.18393895210280978,-0.007060754931457437,-0.40587235844073716,0.0089432950623211036,
0.106456,-9.7217265829962738,-0.64941873971625252,-0.14313289502953996,-9.2909058537843698,0.10691366982883768,0.18434633288347985,-0.0069291709810685737,-0.4051322243539317,0.0086897504068184292,
0.10785500000000001,-9.7217265829962738,-0.64941873971625252,-0.14313264782513618,-9.2791417172366994,0.10340625983675134,0.18443342806404484,-0.0067326350216369308,-0.40453409211429869,0.0086430940143113599,
0.10908900000000001,-9.7333964687247292,-0.58161611157196547,-0.14518505313518354,-9.2791417172366994,0.10340625983675134,0.18443365853170149,-0.0067326350091009369,-0.40453409217881237,0.0086430940143113599,
0.10928300000000001,-9.7333964687247292,-0.58161611157196547,-0.14518480593077976,-9.2752630280060337,0.1012479319276938,0.18347330851150995,-0.0066074432184473064,-0.4043123222682713,0.0084799223670168258,
0.110724,-9.7333964687247292,-0.58161611157196547,-0.14519499708343697,-9.2841792698845147,0.10188556243104036,0.18118616763833625,-0.0066910148363913931,-0.40450867864799728,0.0085538357091149916,
0.112155,-9.7333964687247292,-0.58161611157196547,-0.14520518823609418,-9.3083278887788694,0.10500649657453787,0.17921654954917746,-0.0068515995085213117,-0.40577889894337221,0.0085680383676339702,
0.11301600000000001,-9.7116579127875635,-0.59056716499117923,-0.14403315912818501,-9.3083278887788694,0.10500649657453787,0.17920704837915069,-0.0068516000253253332,-0.40577889628375718,0.0085680383676339702,
0.113598,-9.7116579127875635,-0.59056716499117923,-0.14404335028084223,-9.3303080784562145,0.10360125253694848,0.17712052007116932,-0.0067686637770402952,-0.40652774429807459,0.0086304689438079455,
0.11504200000000001,-9.7116579127875635,-0.59056716499117923,-0.14405354143349944,-9.3526415192740426,0.10566758885880326,0.17774275882368892,-0.0068480916389536345,-0.40772362703618859,0.0088945478871429121,
0.116451,-9.7116579127875635,-0.59056716499117923,-0.14406373258615665,-9.3496949556405102,0.10274555073672753,0.17745795914718787,-0.0068111439733200656,-0.40755724406249388,0.0085500515341765844,
0.116978,-9.7537566466248684,-0.60336729236556086,-0.15261229372500779,-9.3496949556405102,0.10274555073672753,0.17744845797716111,-0.006811144490124087,-0.40755724140287886,0.0085500515341765844,
0.1179,-9.7537566466248684,-0.60336729236556086,-0.152622484877665,-9.3377544353429887,0.096060168527983075,0.17857503873709812,-0.0063581430452228195,-0.40689129126137769,0.0084949191702882853,
0.11933000000000001,-9.7537566466248684,-0.60336729236556086,-0.15263267603032221,-9.3272095985231651,0.099685773253241516,0.17855000827032805,-0.0067151547455388894,-0.4064755846469239,0.0082942053528202164,
0.12074500000000001,-9.7537566466248684,-0.60336729236556086,-0.15267257541522311,-9.3233088281623591,0.094043074681628536,0.1775323803000019,-0.0063039359517264885,-0.40593333101010531,0.0080404476736077903,
0.120883,-9.7927406273265056,-0.61471053673460407,-0.16070379055932105,-9.3233088281623591,0.094043074681628536,0.17749518226630956,-0.0063039379750660721,-0.40593332059744569,0.0080404476736077903,
0.122182,-9.7927406273265056,-0.61471053673460407,-0.16074368994422195,-9.3485952004415438,0.095519145786762974,0.17637678609713967,-0.0063793913815415586,-0.40745394381186067,0.0084316391058317057,
0.123617,-9.7927406273265056,-0.61471053673460407,-0.16078358932912284,-9.3703138095227629,0.10490423785620209,0.17601083248934837,-0.0069620445011962196,-0.40809567842189098,0.0084897348496103218,
0.124847,-9.7721712347522498,-0.62505186143733338,-0.16105393543300456,-9.3703138095227629,0.10490423785620209,0.17597363445565603,-0.0069620465245358032,-0.40809566800923136,0.0084897348496103218,
0.125057,-9.7721712347522498,-0.62505186143733338,-0.16109383481790546,-9.4047720133666921,0.10137407846366873,0.17546637415817307,-0.0066096516252848753,-0.40997562365256557,0.008538882028550087,
0.126473,-9.7721712347522498,-0.62505186143733338,-0.16113373420280636,-9.4095978363018329,0.10179106003520834,0.175032270366523,-0.0066911546941888023,-0.41012838601070278,0.0079758895712665912,
0.12790699999999999,-9.7721712347522498,-0.62505186143733338,-0.16117363358770725,-9.4015789249045127,0.10470467699499902,0.17735437704145474,-0.0067228436229706777,-0.40974264972599128,0.0080953648555697495,
0.12876799999999999,-9.8206693128438634,-0.62829695372405758,-0.1614222789879472,-9.4015789249045127,0.10470467699499902,0.17731717900776239,-0.0067228456463102612,-0.40974263931333166,0.0080953648555697495,
0.129354,-9.8206693128438634,-0.62829695372405758,-0.1614621783728481,-9.3856638749359771,0.10130413710867535,0.17731590375826028,-0.0065662318560230862,-0.4091452150728303,0.0078883832777160313,
0.130797,-9.8206693128438634,-0.62829695372405758,-0.16153308434432445,-9.3650258240992912,0.098917546454752259,0.17773396089530166,-0.0064513453564918445,-0.4077118811307236,0.0077231325677633864,
0.13219800000000001,-9.8206693128438634,-0.62829695372405758,-0.16160399031580081,-9.3848339405889778,0.10284703112828561,0.17809923874468028,-0.0064667818142655382,-0.40898551577008357,0.0081372543977681223,
0.13270199999999999,-9.8657200733172097,-0.63117637869976351,-0.16489193878346978,-9.3848339405889778,0.10284703112828561,0.1780331333968781,-0.0064667854099815921,-0.40898549726554406,0.0081372543977681223,
0.13363800000000001,-9.8657200733172097,-0.63117637869976351,-0.16496284475494613,-9.4059304027154589,0.11005382946174069,0.17810341827868789,-0.0069183370396111808,-0.4095534983326094,0.0080806309734312246,
0.13506899999999999,-9.8657200733172097,-0.63117637869976351,-0.16503375072642248,-9.444202919120297,0.10863519523540505,0.17940784762318399,-0.0068538008134802798,-0.41167693639729969,0.0083370175397869881,
0.13650799999999999,-9.8657200733172097,-0.63117637869976351,-0.16510465669789884,-9.4539487926545789,0.10360590165729774,0.17861987669263077,-0.0065639791383027193,-0.41232080754330597,0.0079297332928458791,
0.13664100000000001,-9.8388082108678248,-0.64046337695144373,-0.15975594562353757,-9.4539487926545789,0.10360590165729774,0.17855377134482858,-0.0065639827340187732,-0.41232078903876646,0.0079297332928458791,
0.13792399999999999,-9.8388082108678248,-0.64046337695144373,-0.15982685159501392,-9.4394312482831353,0.10846270203041807,0.18204679351010505,-0.0067730158501403213,-0.41152337016523122,0.008036825265642606,
0.13936299999999999,-9.8388082108678248,-0.64046337695144373,-0.15989775756649027,-9.4156858582196534,0.098994123431177208,0.18138638797961176,-0.0064050134795746796,-0.41064140639776214,0.007717041217090324,
0.140602,-9.8513996955679541,-0.65086555304997118,-0.15486940790670642,-9.4156858582196534,0.098994123431177208,0.18129310464252232,-0.0064050185536027862,-0.41064138028542396,0.007717041217090324,
0.14080799999999999,-9.8513996955679541,-0.65086555304997118,-0.15496946555497229,-9.3853600728633957,0.085709307153956277,0.1784036945941975,-0.0056053407777223929,-0.40861656666753815,0.0075427469246425877,
0.142236,-9.8513996955679541,-0.65086555304997118,-0.15506952320323816,-9.4020165971883909,0.10359461481371554,0.17980546491486671,-0.0065968666742896812,-0.40964219063381807,0.0080821644135936968,
0.143677,-9.8513996955679541,-0.65086555304997118,-0.15516958085150404,-9.4268222772567878,0.10569499943790435,0.17800962223114311,-0.0066495660000722547,-0.4104155499634029,0.0079612813575251525,
0.14447699999999999,-9.8631048430372097,-0.6600812277415834,-0.14813261632300939,-9.4268222772567878,0.10569499943790435,0.17791633889405367,-0.0066495710741003612,-0.41041552385106472,0.0079612813575251525,
0.14511199999999999,-9.8631048430372097,-0.6600812277415834,-0.14823267397127526,-9.4727519321413673,0.10184164929984575,0.17807386291028846,-0.0063194223429752817,-0.41283630028429791,0.0082286875941427248,
0.14655299999999999,-9.8631048430372097,-0.6600812277415834,-0.14833273161954114,-9.4976987460525848,0.11152133546826455,0.18078425493924324,-0.0071592426016617878,-0.41453196617008398,0.0076456231416042958,
0.14800099999999999,-9.8631048430372097,-0.6600812277415834,-0.14843278926780701,-9.4822032271157894,0.098132116350563736,0.18125944274208033,-0.006318831876616169,-0.41352031710485743,0.0078381241192448312,
0.14840600000000001,-9.8924844815354493,-0.64406040897125438,-0.15271977833805653,-9.4822032271157894,0.098132116350563736,0.1811661594049909,-0.0063188369506442755,-0.41352029099251925,0.0078381241192448312,
0.14938899999999999,-9.8924844815354493,-0.64406040897125438,-0.1528198359863224,-9.4579822575618522,0.089722254860733999,0.18221075878413795,-0.0060288967697995017,-0.41280780550577734,0.0077212394921657261,
0.15083299999999999,-9.8924844815354493,-0.64406040897125438,-0.15296034929644384,-9.4096071260793099,0.085455273184446123,0.17976440349088574,-0.0059289676587945903,-0.40994257509505255,0.0072020113937048902,
0.15229300000000001,-9.8924844815354493,-0.64406040897125438,-0.15310086260656527,-9.4129607013024934,0.090682289976495148,0.17692898143699476,-0.006089586192607431,-0.41017857690453724,0.0078913400089584661,
0.15237999999999999,-9.8699381555158805,-0.66508832414477048,-0.15718291390973338,-9.4129607013024934,0.090682289976495148,0.1767979814514786,-0.0060895933181845082,-0.41017854023436617,0.0078913400089584661,
0.15370800000000001,-9.8699381555158805,-0.66508832414477048,-0.15732342721985482,-9.4354958572485064,0.10364895873230745,0.17378042165307114,-0.0069321164300362916,-0.41094659563715291,0.0076891540953208173,
0.15515699999999999,-9.8699381555158805,-0.66508832414477048,-0.15746394052997625,-9.4837505339152965,0.10339649188234143,0.17346145596290974,-0.0067961820358889771,-0.41325793241083542,0.0079699183844775742,
0.15629599999999999,-9.8489400788382184,-0.68374157730719309,-0.15082646929457075,-9.4837505339152965,0.10339649188234143,0.17333045597739358,-0.0067961891614660543,-0.41325789574066435,0.0079699183844775742,
0.156554,-9.8489400788382184,-0.68374157730719309,-0.15096698260469218,-9.5247601576976653,0.10851847661757802,0.17426183882217094,-0.0070429510665885537,-0.41584410572951763,0.0077087032339106651,
0.15799299999999999,-9.8489400788382184,-0.68374157730719309,-0.15110749591481362,-9.5094504015262409,0.1009747456866298,0.17605903262115621,-0.0067674877824601565,-0.41477701812760887,0.0073982313142271338,
0.15942400000000001,-9.8489400788382184,-0.68374157730719309,-0.15124800922493506,-9.4840372356820133,0.080907528457863531,0.17358123492283459,-0.005643018664312438,-0.41420350425744773,0.0072729771736829325,
0.160249,-9.908136620182054,-0.66854500515044724,-0.15562451119486836,-9.4840372356820133,0.080907528457863531,0.17342115577738432,-0.0056430273716133192,-0.41420345944729281,0.0072729771736829325,
0.16087799999999999,-9.908136620182054,-0.66854500515044724,-0.15579621541697189,-9.4242392166071198,0.086358947826998017,0.17103034556818636,-0.0060139589203906628,-0.41070550494629038,0.006740065125193294,
0.16229099999999999,-9.908136620182054,-0.66854500515044724,-0.15596791963907541,-9.4107995988076123,0.098432185795399585,0.16773231322581467,-0.00669112082189825,-0.40995263638116686,0.0075353818153043525,
0.16372100000000001,-9.908136620182054,-0.66854500515044724,-0.15613962386117894,-9.427046272581741,0.10083329866518913,0.16162182939148223,-0.0066725154863886867,-0.41061618013930512,0.0073583797957231167,
0.16412599999999999,-9.9573548387572508,-0.66555868105958005,-0.16026781584049521,-9.427046272581741,0.10083329866518913,0.16146175024603196,-0.0066725241936895678,-0.4106161353291502,0.0073583797957231167,
0.16516400000000001,-9.9573548387572508,-0.66555868105958005,-0.16043952006259873,-9.4691157442195948,0.11564050933317521,0.16194305509404774,-0.0074368977115221073,-0.41246917563865082,0.0078881854124877478,
0.16658899999999999,-9.9573548387572508,-0.66555868105958005,-0.16061122428470226,-9.5179437000295195,0.11441926357126725,0.16433533321810007,-0.0074877209617910927,-0.41548759797539553,0.0078482294209736604,
0.16800399999999999,-9.9573548387572508,-0.66555868105958005,-0.16078292850680578,-9.5104055638801341,0.088534182905569192,0.16477049003605926,-0.0061217390279495777,-0.41481803517208199,0.0073020693297681898,
0.16806099999999999,-9.8806428071099202,-0.6629068145601098,-0.15555255331988732,-9.5104055638801341,0.088534182905569192,0.16461041089060899,-0.0061217477352504589,-0.41481799036192707,0.0073020693297681898,
0.169492,-9.8806428071099202,-0.6629068145601098,-0.15572425754199085,-9.4814978992146521,0.081528358340063459,0.16661618665630429,-0.0059826844623217619,-0.41419961698341079,0.0075091987817920538,
0.17088800000000001,-9.8806428071099202,-0.6629068145601098,-0.15592894641912144,-9.4135503681586084,0.077169064978990232,0.16288040442891807,-0.0057622161157400431,-0.41049750064176277,0.0068687910496148157,
0.17200399999999999,-9.9411867114357246,-0.671308597577844,-0.1549168845344287,-9.4135503681586084,0.077169064978990232,0.16268957382421409,-0.0057622264957273165,-0.41049744722350562,0.0068687910496148157,
0.17232900000000001,-9.9411867114357246,-0.671308597577844,-0.1551215734115593,-9.3803686413983911,0.085840810290396141,0.15994871505437402,-0.0061175923230985,-0.40868211947409394,0.0074215256735068996,
0.17377200000000001,-9.9411867114357246,-0.671308597577844,-0.1553262622886899,-9.388687766348875,0.098295300321746409,0.15490966182810556,-0.0066348503914971345,-0.40905613497606341,0.0073549524682565148,
0.17519199999999999,-9.9411867114357246,-0.671308597577844,-0.1555309511658205,-9.424795384758605,0.10133248032422341,0.15453966732875443,-0.0066293150640979286,-0.41045299851931577,0.0078962967091638532,
0.17593300000000001,-9.9815584659299983,-0.6607495655950405,-0.15454154181475482,-9.424795384758605,0.10133248032422341,0.15434883672405045,-0.0066293254440852019,-0.41045294510105862,0.0078962967091638532,
0.17663699999999999,-9.9815584659299983,-0.6607495655950405,-0.15474623069188542,-9.4802282182193061,0.10808470756695783,0.1573837340945804,-0.0072120187223795934,-0.41387407474580856,0.0081367940559233746,
0.17805499999999999,-9.9815584659299983,-0.6607495655950405,-0.15495091956901602,-9.4807704544930083,0.082706136875514202,0.15739915341571264,-0.0057505562585850297,-0.4138388565255795,0.0080193847009214936,
0.17947099999999999,-9.9815584659299983,-0.6607495655950405,-0.15515560844614662,-9.4544390171813291,0.074461991887614973,0.1577638103790909,-0.0054553790740415296,-0.4130548691997018,0.0084073923043284024,
0.17988199999999999,-9.9376320203145649,-0.65137166865742568,-0.16441361535131643,-9.4544390171813291,0.074461991887614973,0.15757297977438692,-0.005455389454028803,-0.41305481578144465,0.0084073923043284024,
0.18090800000000001,-9.9376320203145649,-0.65137166865742568,-0.16463924326456716,-9.3877736973597017,0.08337212937504318,0.15533277980864713,-0.0059489735844467798,-0.40959781974747278,0.007879250731443254,
0.18234400000000001,-9.9376320203145649,-0.65137166865742568,-0.1648648711778179,-9.3453773338335573,0.082343179439876416,0.15094193948570309,-0.0055679088504941186,-0.40727513313772662,0.00819481323858238,
0.18378,-9.9376320203145649,-0.65137166865742568,-0.16509049909106863,-9.3542380476514335,0.10001094967985243,0.14708833121729406,-0.0065187763903448437,-0.40765644689698621,0.0082769972131322683,
0.18381400000000001,-9.9230916293835438,-0.6823251172881527,-0.15371762143137269,-9.3542380476514335,0.10001094967985243,0.14687797923467868,-0.0065187878321725625,-0.40765638801420734,0.0082769972131322683,
0.185195,-9.9230916293835438,-0.6823251172881527,-0.15394324934462342,-9.3930630820786121,0.10578879783295755,0.14732296306131432,-0.0067265434026345453,-0.40913258528081325,0.0086958573263711883,
0.186637,-9.9230916293835438,-0.6823251172881527,-0.15416887725787415,-9.4558284290876262,0.10385036408459725,0.14782541890414702,-0.0066209272223013158,-0.41280466014187922,0.0091592653737652581,
0.187777,-9.9155704489012102,-0.6610927764814456,-0.14331842008988588,-9.4558284290876262,0.10385036408459725,0.14761506692153165,-0.0066209386641290346,-0.41280460125910035,0.0091592653737652581,
0.18807499999999999,-9.9155704489012102,-0.6610927764814456,-0.14354404800313661,-9.4773028766189391,0.088280754195756886,0.14839072663025432,-0.0057741626378857835,-0.41393520914709936,0.0089634964277372428,
0.18951399999999999,-9.9155704489012102,-0.6610927764814456,-0.14376967591638734,-9.4675509719823214,0.083147355009809076,0.14800483720089572,-0.0056191339415372996,-0.41369321668345099,0.0091883046312391681,
0.19094700000000001,-9.9155704488908949,-0.66109380796105743,-0.14404471067156507,-9.4283419836144553,0.086551550934510002,0.14496873113328168,-0.0058726673448282873,-0.41157073670648392,0.0086559046365973155,
0.19170899999999999,-9.9493060131633175,-0.64225280298844167,-0.15196200571700796,-9.4283419836048381,0.086550589290277924,0.14471231735359355,-0.005872639077106433,-0.41157066492943428,0.0086559043674085297,
0.19236300000000001,-9.9493060131530022,-0.64225383446805351,-0.1522370404721857,-9.4048770239683535,0.087737480437876644,0.14013024489212231,-0.0056683743908491025,-0.4100041327263439,0.0089984102334158891,
0.1938,-9.9493060131426869,-0.64225486594766534,-0.15251207522736343,-9.4288216585381619,0.10768735336829914,0.13807435393221495,-0.0067310778581421218,-0.41099014863241934,0.0092538730190630941,
0.19523799999999999,-9.9493060131323716,-0.64225589742727718,-0.15278710998254116,-9.4763590088721426,0.11366046095780835,0.13833685342069077,-0.0069641798755505774,-0.41282251147903204,0.0090492786437254783,
0.19564000000000001,-9.8999522896574561,-0.637376326979612,-0.15491097507500545,-9.4763590088625254,0.11365949931357627,0.13808043964100264,-0.0069641516078287231,-0.4128224397019824,0.0090492783745366925,
0.19667100000000001,-9.8999522896471408,-0.63737735845922383,-0.15518600983018319,-9.5430453211109931,0.10265156586981,0.13816517523315316,-0.006298985583022697,-0.41645678674448222,0.0094844848721232031,
0.19809599999999999,-9.8999522896368255,-0.63737838993883567,-0.15546104458536092,-9.5765741149850854,0.093313478856100834,0.14083628643659782,-0.0058672444235340626,-0.41825603941728151,0.0095710074897571856,
0.19952800000000001,-9.8999522896265102,-0.6373794214184475,-0.15573607934053865,-9.5699840299257755,0.09383528475885336,0.14069244249500729,-0.0060779180799055187,-0.41802692010308262,0.0093993886614408429,
0.19959399999999999,-9.8538789519746501,-0.65781554420983557,-0.15772404865529027,-9.5699840299161583,0.093834323114621282,0.14043602871531916,-0.0060778898121836645,-0.41802684832603298,0.0093993883922520571,
0.20100199999999999,-9.8538789519746501,-0.65781554420983557,-0.15807987817698299,-9.5392865142064966,0.090546535037850484,0.13812755316714498,-0.0057045052058647006,-0.41642915243010192,0.0089542851913845273,
0.202433,-9.8538789519746501,-0.65781554420983557,-0.15843570769867571,-9.5157642067292176,0.095659529066377438,0.13604911615424109,-0.0058635445443651823,-0.4147817370843469,0.0090344781904555475,
0.20352899999999999,-9.957534187143585,-0.67595094070110773,-0.16219934665010152,-9.5157642067292176,0.095659529066377438,0.13571737774349774,-0.0058635625888527887,-0.41478164422247205,0.0090344781904555475,
0.20383699999999999,-9.957534187143585,-0.67595094070110773,-0.16255517617179424,-9.5370234151462281,0.11855734781721264,0.13777756094369134,-0.0070112455913984998,-0.4157261648226051,0.0091011774251485971,
0.20530200000000001,-9.957534187143585,-0.67595094070110773,-0.16291100569348696,-9.5817139750732103,0.1135788586431755,0.14147917164424892,-0.0067498568483964263,-0.41763379001081841,0.0088093293388824667,
0.20671500000000001,-9.957534187143585,-0.67595094070110773,-0.16326683521517968,-9.6380756994865191,0.10515100950303605,0.14760932995501977,-0.0061361826298229607,-0.42071825587468098,0.0091732781254963529,
0.20747099999999999,-9.9421706981015312,-0.66297355896392585,-0.17237437253907728,-9.6380756994865191,0.10515100950303605,0.14727759154427641,-0.0061362006743105671,-0.42071816301280612,0.0091732781254963529,
0.20813599999999999,-9.9421706981015312,-0.66297355896392585,-0.17273020206077,-9.656583926041689,0.10130084092021016,0.15434807944104892,-0.0059837886815120624,-0.42201393738955678,0.0091589428779863102,
0.209562,-9.9421706981015312,-0.66297355896392585,-0.17308603158246272,-9.6302008516310309,0.0988374386387635,0.15818004008165851,-0.0058913551153207504,-0.42105580682331584,0.0086925897686328385,
0.21099899999999999,-9.9421706981015312,-0.66297459044353768,-0.17348336784373544,-9.5685158231746676,0.10273230477759528,0.15869067874930257,-0.0061801209004387608,-0.41826346234846246,0.0082123065008290076,
0.21140300000000001,-9.9278318070876033,-0.66814718421490171,-0.18215991082183663,-9.5685158231746676,0.1027313431333632,0.15832024377466,-0.0061800988347543327,-0.41826335865445191,0.0082123062316407456,
0.212454,-9.9278318070876033,-0.66814821569451355,-0.18255724708310936,-9.5029727174988032,0.10243496916919451,0.15919544673558811,-0.005830780408312369,-0.41489838737100809,0.008134657213598363,
0.21388199999999999,-9.9278318070876033,-0.66814924717412538,-0.18295458334438208,-9.4716300606954853,0.11948889712895172,0.16183851417397432,-0.0067497599768040796,-0.41309717089082304,0.0076739532950326813,
0.215309,-9.9278318070876033,-0.66815027865373722,-0.18335191960565481,-9.4826935387375517,0.11500160560129119,0.1675369548729522,-0.0065993165134258791,-0.41345757623623142,0.0073754274882089164,
0.21531700000000001,-9.9446419251189262,-0.67273839192030305,-0.17429464312118903,-9.4826935387375517,0.11500064395705911,0.16716651989830963,-0.006599294447741451,-0.41345747254222087,0.0073754272190206544,
0.216751,-9.9446419251189262,-0.67273942339991488,-0.17469197938246175,-9.5307778968380941,0.097571862121832942,0.17085090193349936,-0.0053978114800924933,-0.41589982782371393,0.0079272015017507313,
0.21815799999999999,-9.9446419251189262,-0.67274045487952672,-0.17508931564373448,-9.5738083835001149,0.11315707492002544,0.18142616383095228,-0.0065145912505040534,-0.41830743233825007,0.008062968571224044,
0.21925800000000001,-9.9228391462555141,-0.65259912000614062,-0.17205783661921487,-9.5738083835001149,0.11315611327579336,0.18105572885630972,-0.0065145691848196253,-0.41830732864423953,0.008062968302035782,
0.21959999999999999,-9.9228391462555141,-0.65260015148575246,-0.17245517288048759,-9.5684949542935751,0.10249373445248196,0.18375589858973415,-0.0059799784175098587,-0.41878845993185626,0.0078251920451106894,
0.22103300000000001,-9.9228391462451988,-0.65260118296536429,-0.17288629009904771,-9.5016149617731056,0.096954806451120298,0.18408438845872746,-0.0055452843279690522,-0.41607200408147471,0.0077713728381170744,
0.222494,-9.9228391462348835,-0.65260221444497613,-0.17331740731760784,-9.3960130139499149,0.11104256516449303,0.18882722784547876,-0.0065515647278130244,-0.41112092038630049,0.0078271809506341456,
0.22317899999999999,-9.9024902079223729,-0.60218533341831204,-0.17040172898755829,-9.3960130139402978,0.11104160352026095,0.18842529902223532,-0.0065515443751963101,-0.41112080787595218,0.0078271806814453598,
0.22390299999999999,-9.9024902079120576,-0.60218636489792388,-0.17083284620611841,-9.2966905271594502,0.09922583397713193,0.18717621961464331,-0.0057992920588993638,-0.40637484826921189,0.0079736860536638761,
0.22531999999999999,-9.9024902079017423,-0.60218739637753571,-0.17126396342467853,-9.2584976568799782,0.091436127202450146,0.18874053917313838,-0.0054123148055132252,-0.40425286965570278,0.0075051490677461828,
0.22676399999999999,-9.902490207891427,-0.60218842785714755,-0.17169508064323866,-9.2872090803676368,0.093530444375100455,0.18755608646511568,-0.0056513133735056108,-0.40577164671717175,0.0080456367911869303,
0.22714899999999999,-9.8426431167525177,-0.6263099220122641,-0.15694894314074598,-9.2872090803580196,0.093529482730868377,0.18715415764187224,-0.0056512930208888965,-0.40577153420682344,0.0080456365219981445,
0.22817899999999999,-9.8426431167422024,-0.62631095349187593,-0.1573800603593061,-9.33317176739153,0.099194376172897614,0.18941749367232011,-0.0056998076637998236,-0.40800852184525599,0.0087159400722641601,
0.229626,-9.8426431167318871,-0.62631198497148777,-0.15781117757786622,-9.375540973658083,0.11151452387958589,0.18817543736307801,-0.0065873753031431099,-0.4111860948012363,0.0081236699497918997,
0.23103599999999999,-9.8598506906934649,-0.63613210924750507,-0.13272993971475033,-9.375540973658083,0.11151356223535382,0.18781559009143073,-0.0065873526615540861,-0.41118599407098855,0.0081236696806036377,
0.23106399999999999,-9.8598506906934649,-0.63613314072711691,-0.13311591938549683,-9.3375331027009274,0.092132778105375096,0.18328794265678089,-0.00549747009282374,-0.40912163339849966,0.0078484313445848723,
0.232492,-9.8598506906934649,-0.63613417220672874,-0.13350189905624332,-9.2747086235528116,0.1007845231717055,0.18275450739617768,-0.0057814955070433936,-0.40664313262926371,0.007816850358914643,
0.23393700000000001,-9.8598506906934649,-0.63613520368634058,-0.13388787872698982,-9.1864178590293548,0.10190333867884512,0.17854876291553504,-0.0062206626150215121,-0.40191279686119019,0.0074499891343659105,
0.23496400000000001,-9.8759152275994175,-0.69942932908106348,-0.13703249872588069,-9.1864178590293548,0.10190237703461304,0.17818891564388775,-0.0062206399734324883,-0.40191269613094244,0.0074499888651776485,
0.235345,-9.8759152275994175,-0.69943036056067531,-0.13741847839662719,-9.1570499931030991,0.067786124541268783,0.17233368722075901,-0.0037598961730314884,-0.39990801898168116,0.0072825257355335089,
0.236787,-9.8759152275994175,-0.69943139204028715,-0.13780445806737368,-9.1921976713453404,0.093962855317995059,0.16714681216486701,-0.0054291129303660262,-0.40156533765955299,0.0078633707514158737,
0.23822099999999999,-9.8759152275994175,-0.69943242351989898,-0.13819043773812018,-9.2591106219092438,0.11635661984171633,0.164073438521738,-0.0066216117074714784,-0.40438831018000548,0.0084307891842008223,
0.238903,-9.771696469751177,-0.68679153584715491,-0.14103660424657732,-9.2591106219092438,0.11635565819748425,0.16371359125009072,-0.0066215890658824546,-0.40438820944975773,0.0084307889150125603,
0.23965900000000001,-9.771696469751177,-0.68679256732676675,-0.14142258391732382,-9.3384912123425181,0.10702048559622841,0.15473463281991234,-0.0058583715810535961,-0.40911369311937329,0.0083490563716253161,
0.24107799999999999,-9.771696469751177,-0.68679359880637858,-0.14182345815366512,-9.3441870433534611,0.11273554667425095,0.14947534923106343,-0.0062709933380448437,-0.40918357649643966,0.0090818547667033227,
0.24251800000000001,-9.771696469751177,-0.68679463028599042,-0.14222433239000642,-9.3062106046722182,0.10934991465192262,0.14548941866455817,-0.0060468702338957736,-0.40766942001502149,0.0094704561637913662,
0.24282899999999999,-9.872159671832069,-0.66670071801082498,-0.13717788771826187,-9.3062106046722182,0.10934895300769054,0.14511568525019955,-0.0060468483476257655,-0.40766931539769519,0.0094704558946031043,
0.24395,-9.872159671832069,-0.66670174949043681,-0.13757876195460317,-9.2328115626518983,0.097928241099861882,0.13851682281242023,-0.0053539259500042773,-0.40391713578216776,0.0091135082303283963,
0.245389,-9.872159671832069,-0.66670278097004865,-0.13797963619094447,-9.1877474206234133,0.10343880212388767,0.13443732764545599,-0.0058068474121559417,-0.40122687933521067,0.0094300885118269451,
0.24676000000000001,-9.9659589647930016,-0.64886405119310075,-0.16019981968727121,-9.1877474206234133,0.1034378404796556,0.13406359423109737,-0.0058068255258859336,-0.40122677471788437,0.0094300882426386831,
0.246805,-9.9659589647930016,-0.64886508267271259,-0.16060069392361251,-9.2005605271959574,0.10716864231496609,0.13013337187964638,-0.0056138211831173344,-0.40185141493535831,0.00988927659175819,
0.24824299999999999,-9.9659589647930016,-0.64886611415232442,-0.16100156815995381,-9.2348207811226573,0.13339760858367394,0.12866921551121635,-0.0070323862592442561,-0.40338649976133151,0.010016914928338297,
0.24967400000000001,-9.9659589647930016,-0.64886714563193626,-0.16140244239629511,-9.2800247528147821,0.12724452253474952,0.12535379710393257,-0.0068547092329626297,-0.40594619743483229,0.01016667308758621,
0.25068400000000002,-9.8496274201291847,-0.65077813117798144,-0.16910789710452209,-9.2800247528051649,0.12724356089051744,0.12502204907674691,-0.0068546850629510533,-0.40594610456984337,0.010166672818397424,
0.25115700000000002,-9.8496274201188694,-0.65077916265759328,-0.16946373694101091,-9.2835404967900423,0.099963772378996368,0.11871257846637363,-0.0051219801428989461,-0.40648975861459047,0.010683942374345359,
0.25258399999999998,-9.8496274201085541,-0.65078019413720511,-0.16981957677749973,-9.2464767769371736,0.120981180489534,0.11968370477156413,-0.0065852082979702556,-0.40455847563340891,0.010729785841838022,
0.253996,-9.8496274200982388,-0.65078122561681695,-0.17017541661398855,-9.205194623706678,0.11065726150301877,0.1133371653570522,-0.0059886162340909493,-0.40274367643221898,0.010068453916602525,
0.25463799999999998,-9.8773177405306711,-0.68368618126214686,-0.17865318243679976,-9.2051946236970608,0.11065629985878669,0.11300541732986652,-0.0059885920640793729,-0.40274358356723006,0.010068453647413739,
0.25540400000000002,-9.8773177405203558,-0.6836872127417587,-0.17900902227328858,-9.1727584106846738,0.099827516969676414,0.1103208631643689,-0.005051404252036755,-0.40033523587105802,0.0099994506247134945,
0.25687700000000002,-9.8773177405100405,-0.68368824422137053,-0.1793648621097774,-9.1999955871659722,0.13032482794946398,0.11371768350886606,-0.0071152935279000518,-0.40191174032706967,0.010383395664942794,
0.25828299999999998,-9.8773177404997252,-0.68368927570098237,-0.17972070194626621,-9.2317758185496448,0.09892704568728683,0.11270468843711343,-0.0050942238332134654,-0.40309345102984462,0.0097264015977386372,
0.25855,-9.9031631223070189,-0.7128813112871335,-0.18777136427963342,-9.2317758185400276,0.098926084043054752,0.11237294040992775,-0.005094199663201889,-0.4030933581648557,0.0097264013285498514,
0.25970199999999999,-9.9031631222967036,-0.71288234276674534,-0.18812720411612224,-9.278776859530014,0.098923069200848923,0.11564111784417012,-0.0052492212588646642,-0.40577987062529836,0.0097289184905760984,
0.26117699999999999,-9.9031631222967036,-0.71288337424635717,-0.18849122358593287,-9.277853641182821,0.10097738750229862,0.11779197493438215,-0.0056200271583251391,-0.40591586454170098,0.010015519129825066,
0.262463,-9.9023850899546186,-0.68906467887218803,-0.20058828577675339,-9.277853641182821,0.10097642585806654,0.11745260106843602,-0.0056200034031113327,-0.40591576954247133,0.010015518860636804,
0.26257599999999998,-9.9023850899546186,-0.68906571035179986,-0.20095230524656402,-9.2463872190645411,0.078090242778014574,0.11510820063837082,-0.0042251755500891906,-0.40414731370066165,0.010049727978793105,
0.26400800000000002,-9.9023850899546186,-0.6890667418314117,-0.20131632471637464,-9.218758017505527,0.09634891692493619,0.11690057188125132,-0.0054220423176793656,-0.40277446002320161,0.0092031248827147034,
0.26544800000000002,-9.9023850899546186,-0.68906777331102353,-0.20168034418618527,-9.2217890663439963,0.078385603087974501,0.11464771854604001,-0.0044627203110088947,-0.40189671382611136,0.0094339569380452563,
0.266432,-9.8502337651830416,-0.7079889743227018,-0.21319589016492782,-9.2217890663439963,0.078384641443742423,0.11430834468009389,-0.0044626965557950883,-0.40189661882688171,0.0094339566688569944,
0.26685700000000001,-9.8502337651830416,-0.70799000580231364,-0.21355990963473845,-9.2938652429532933,0.07263796442251666,0.11279719970993597,-0.0038741444443371751,-0.40528638226994856,0.0096801823026134264,
0.26829700000000001,-9.8502337651830416,-0.70799103728192547,-0.21392392910454908,-9.3799560525018251,0.094349166017661454,0.11573355835631069,-0.0052374623093255062,-0.40876927534723323,0.0095185335771331946,
0.26975500000000002,-9.8502337651830416,-0.70799206876153731,-0.2142879485743597,-9.4834585377055571,0.093626902669017006,0.11339362386579185,-0.0049622379257225372,-0.41426323150067085,0.0098069797593622037,
0.27034599999999998,-9.801554829576995,-0.72477920936465412,-0.21217641832966694,-9.4834585376959399,0.093624979380552684,0.11294570921536996,-0.0049621778594239573,-0.41426310611773987,0.0098069792209851559,
0.27117999999999998,-9.8015548295666797,-0.7247812723238779,-0.21265686090326474,-9.5221825814743539,0.10161187735260106,0.11343713197852652,-0.0054221141034519671,-0.41597998905101019,0.0099663616094115039,
0.272588,-9.8015548295563644,-0.72478333528310168,-0.21313730347686255,-9.5132908138302756,0.11380911545724143,0.11706943692337335,-0.0064388083966029378,-0.41559148309756283,0.0099264539038809562,
0.27405299999999999,-9.8015548295460491,-0.72478539824232546,-0.21361774605046036,-9.4755867491552621,0.092748553778851689,0.1183277353531869,-0.0049792876801710521,-0.41361220272661564,0.0093338572776441708,
0.27428200000000003,-9.9373052916544644,-0.69988338970854591,-0.22386545744101743,-9.4755867491456449,0.092746630490387366,0.11787982070276501,-0.0049792276138724721,-0.41361207734368466,0.009333856739267123,
0.27547100000000002,-9.9373052916441491,-0.69988545266776969,-0.22434590001461524,-9.4626562416712598,0.087593609409707868,0.12374022916975513,-0.0047377958977118714,-0.41155494292156464,0.009517952312723928,
0.27690199999999998,-9.9373052916338338,-0.69988751562699347,-0.22482634258821305,-9.523444671867427,0.08734643864656691,0.12676125889709627,-0.0047809243002334221,-0.41463948930861355,0.0095949052449444822,
0.27820800000000001,-9.8844480642021058,-0.71005485563475479,-0.2345769819810474,-9.5234446718578099,0.087344515358102587,0.1263133442466744,-0.0047808642339348421,-0.41463936392568257,0.0095949047065674344,
0.27832400000000002,-9.8844480641917905,-0.71005691859397857,-0.23505742455464521,-9.6028378914141665,0.098724335639009078,0.12780689711082058,-0.0050396728428376654,-0.41773290946170294,0.0094657374248372037,
0.27976600000000001,-9.8844480641814751,-0.71005898155320235,-0.23553786712824301,-9.7098605610396227,0.13580567521519524,0.13318138217865397,-0.0071294319753381491,-0.42347672247747131,0.010140105743399191,
0.28120200000000001,-9.8844480641711598,-0.71006207599203786,-0.23610311795552541,-9.7481054684769202,0.13097350827115167,0.13603578827649512,-0.0067305638685577311,-0.42541480786362063,0.0099692859429859008,
0.28214099999999998,-9.8350916356323488,-0.71908847784500873,-0.21753238866694535,-9.748105468467303,0.13097062333845544,0.13550880723731099,-0.0067304658879522418,-0.42541466034803072,0.009969285135420591,
0.28264,-9.8350916356220335,-0.71909157228384424,-0.21809763949422775,-9.7398125533686652,0.11773369966417285,0.14201103337515714,-0.0061002680610516575,-0.42506902385914647,0.0095047358026730863,
0.284082,-9.8350916356117182,-0.71909466672267974,-0.21866289032151015,-9.6995992077211355,0.11005355907203843,0.15010668912242678,-0.0060460926063010323,-0.42295404044289259,0.0090386850928761992,
0.28548200000000001,-9.8350916356014029,-0.71909776116151525,-0.21922814114879255,-9.6774690137254673,0.081474477470624612,0.15251788463434843,-0.0041986868284950973,-0.42083154679702944,0.0088862797475871384,
0.28608499999999998,-9.9791033516940892,-0.67922616530486613,-0.22509031724115428,-9.6774690137158501,0.081471592537928378,0.15199090359516429,-0.004198588847889608,-0.42083139928143953,0.0088862789400218287,
0.28692200000000001,-9.9791033516837739,-0.67922925974370163,-0.22565556806843667,-9.7310299700429894,0.099418590643766541,0.15656348620965885,-0.0052086915924570145,-0.42347294763606114,0.009404479125156873,
0.28838900000000001,-9.9791033516734586,-0.67923235418253713,-0.22622081889571907,-9.7993471330102793,0.12133383267307693,0.15753546351617653,-0.0063793328119977222,-0.42616955020474928,0.0091122375338161601,
0.289821,-9.9791033516631433,-0.67923544862137264,-0.22678606972300147,-9.8915617813474892,0.13690804853025154,0.16050807613743648,-0.0070730005720661959,-0.43133435587643565,0.010012806532636876,
0.29000700000000001,-10.11497810598202,-0.68284865625911295,-0.23244032861482933,-9.891561781337872,0.13690516359755531,0.15985799502010276,-0.0070729092873324014,-0.43133417390205625,0.010012805725071567,
0.291238,-10.114978105971705,-0.68285175069794846,-0.23313761914722197,-9.9200932938596349,0.13893870867697655,0.16606366793088789,-0.0075747504081056264,-0.43282380093310352,0.01015995131992951,
0.29267300000000002,-10.11497810596139,-0.68285484513678396,-0.23383490967961462,-9.9012509603375403,0.096242600745754886,0.17028913058874465,-0.0055813004619962147,-0.431977157952875,0.0097967981738352715,
0.29394799999999999,-10.160624938087638,-0.68606241065240181,-0.22381623892697794,-9.9012509603279231,0.096239715813058652,0.16963904947141092,-0.0055812091772624202,-0.4319769759784956,0.0097967973662699617,
0.29412300000000002,-10.160624938077323,-0.68606550509123732,-0.22451352945937059,-9.8583874755734087,0.073658603384996219,0.17371102894372045,-0.0044167266665114608,-0.42994223338475729,0.0092216061398271952,
0.29557499999999998,-10.160624938067008,-0.68606859953007282,-0.22521081999176323,-9.8300388992593959,0.073688068187292538,0.17716826524262819,-0.0045052736818755046,-0.42751214683656058,0.0093486459438737179,
0.296991,-10.160624938056692,-0.68607169396890832,-0.22590811052415588,-9.8751025267876802,0.082013848423320768,0.1763967237588355,-0.0046672744659038874,-0.42993823328661512,0.0097135868199019482,
0.29794599999999999,-10.158177106355252,-0.72125687085417844,-0.20381081853491176,-9.875102526778063,0.082010963490624533,0.17574664264150178,-0.0046671831811700929,-0.42993805131223573,0.0097135860123366384,
0.29845300000000002,-10.158177106344937,-0.72125996529301395,-0.20450810906730441,-9.9325746249445075,0.11470328573935745,0.17609021940091044,-0.0065150461932145893,-0.43227246822909343,0.0092196159459575523,
0.29982500000000001,-10.158177106334621,-0.72126305973184945,-0.20520539959969705,-10.01002387834394,0.1290876890842769,0.17954888640845063,-0.0071768722637291955,-0.43677795956126969,0.009335734278701829,
0.30129299999999998,-10.158177106313993,-0.72126821712990852,-0.20602190854562491,-10.015952812422704,0.12503129510447261,0.18302466439620815,-0.0071169135702787894,-0.43727733263413532,0.0093787409995987996,
0.301844,-10.143832538733859,-0.67656597809717078,-0.184926631904646,-10.015952812403471,0.12502648688331222,0.18226343643852971,-0.0071167439011910558,-0.4372771195465544,0.009378739653656442,
0.30269499999999999,-10.14383253871323,-0.67657113549522985,-0.18574314085057386,-9.9708377893520463,0.090586447693910166,0.18638960096268017,-0.0055439695985943071,-0.43532609481610585,0.0092904537497828753,
0.30412699999999998,-10.143832538692601,-0.67657629289328891,-0.18655964979650172,-9.9055545281276718,0.076001203944779785,0.18659244130888811,-0.0043458854664258483,-0.43232021835497431,0.0086808695530006339,
0.30558099999999999,-10.143832538671973,-0.67658145029134797,-0.18737615874242958,-9.8504963305358348,0.097328648870284612,0.18562761257101013,-0.0057693645901555277,-0.42872500196480429,0.0088183739496231327,
0.30582599999999999,-10.252423881672881,-0.63685482314632791,-0.2004535431814376,-9.8504963305166022,0.097323840649124221,0.18486638461333169,-0.0057691949210677941,-0.42872478887722337,0.0088183726036807752,
0.30700300000000003,-10.252423881652252,-0.63685998054438697,-0.20127005212736546,-9.8732995973033812,0.11313212306329365,0.17893811783675406,-0.0061639853393595243,-0.4303129017514124,0.0093216546071418199,
0.30842900000000001,-10.252423881631623,-0.63686513794244604,-0.20208656107329331,-9.9058453885554929,0.14847736321690472,0.1763976393497162,-0.0078266580282845589,-0.43150152298807049,0.0091986248133501727,
0.30973400000000001,-10.166417485318089,-0.6605871698544602,-0.1902141893550702,-9.9058453885362603,0.14847255499574433,0.17563641139203776,-0.0078264883591968246,-0.43150130990048957,0.0091986234674078151,
0.30984699999999998,-10.16641748529746,-0.66059232725251926,-0.19103069830099806,-9.9649494075888789,0.16763714181585057,0.17826531093283321,-0.0089425849753136197,-0.43532463262747439,0.0097856627368631023,
0.31131300000000001,-10.166417485276831,-0.66059851613019016,-0.19197098480034544,-9.9590868348432906,0.13330835498389937,0.17947654938748192,-0.006849788801773512,-0.43529160245496895,0.0096847506967882475,
0.31274000000000002,-10.166417485256202,-0.66060470500786106,-0.19291127129969282,-9.9067939279328634,0.11345493340699836,0.18174092649050458,-0.0062496113890846616,-0.43317118426601503,0.0092162973684127344,
0.313666,-10.076912063647068,-0.65582080177048663,-0.18156271246734496,-9.9067939279136308,0.1134491635416059,0.1808643012249756,-0.0062494057818640028,-0.43317093887584263,0.0092162957532821149,
0.31415500000000002,-10.076912063626439,-0.65582699064815753,-0.18250299896669234,-9.8307618906618934,0.10464437829737744,0.17999833545344507,-0.0057273265080858933,-0.42977039714333726,0.0088677352638916775,
0.31559999999999999,-10.07691206360581,-0.65583317952582842,-0.18344328546603972,-9.7690112670361167,0.10694487365317983,0.17638264642767557,-0.0054762823329837828,-0.42592914298735929,0.0089961360473649627,
0.31702900000000001,-10.076912063585182,-0.65583936840349932,-0.1843835719653871,-9.7849069997344973,0.13251908519240196,0.17184674045465784,-0.0070079921592640145,-0.42725331309348452,0.0093978561872718764,
0.317606,-10.155900749103429,-0.65159059168618727,-0.18539801204462614,-9.7849069997152647,0.1325133153270095,0.17097011518912886,-0.0070077865520433557,-0.42725306770331212,0.0093978545721412569,
0.31850499999999998,-10.1559007490828,-0.65159678056385817,-0.18633829854397352,-9.8162412812832791,0.14160732961874581,0.16873522049667575,-0.0073699924951597185,-0.42820292738352816,0.0091512043797308817,
0.31988499999999997,-10.155900749062171,-0.65160296944152907,-0.1872785850433209,-9.8764159615584877,0.1355327752904299,0.16720218088998784,-0.0074575119823257425,-0.43215286430055166,0.0094129877942203261,
0.32133200000000001,-10.155900749031227,-0.65161122127842375,-0.18835074621104064,-9.8695564581409041,0.11011218958061925,0.16546539718124048,-0.0062604587011634381,-0.43204040918484932,0.0092479814356405364,
0.321552,-10.140428270504126,-0.63410936043879318,-0.19993713998522353,-9.8695564581120543,0.11010449642676245,0.16446582570063908,-0.0062601753514007659,-0.43204012937853542,0.0092479792821328673,
0.32274700000000001,-10.140428270473182,-0.63411761227568786,-0.20100930115294327,-9.81827487396267,0.090719546487916775,0.16226050400949618,-0.0051447393242278604,-0.42997002206897,0.0092616008739952183,
0.32417000000000001,-10.140428270442237,-0.63412586411258254,-0.20208146232066301,-9.7372179446558302,0.10733023770659995,0.16049261474698293,-0.0063304886938487176,-0.42629918679154649,0.0089221950965084618,
0.325459,-10.125988671875685,-0.67186016793177405,-0.21306065932720872,-9.7372179446269804,0.10732254455274316,0.15949304326638153,-0.0063302053440860455,-0.4262989069852326,0.0089221929430007927,
0.32561600000000002,-10.125988671844741,-0.67186841976866873,-0.21413282049492846,-9.6661321921010686,0.090979920123229585,0.15621010417585485,-0.0052204623098440163,-0.42203032231113896,0.008930925046051523,
0.32702300000000001,-10.125988671813797,-0.67187667160556341,-0.2152049816626482,-9.674713889802117,0.098225738596004697,0.15254010146860866,-0.0055901451991705849,-0.42301801428259517,0.0093232732266972564,
0.32847300000000001,-10.125988671782853,-0.67188492344245809,-0.21627714283036795,-9.6981942778209049,0.11674050211421938,0.15589831730918768,-0.0066244145861969212,-0.42358545828882382,0.0092624715620212676,
0.32939499999999999,-10.075530552321347,-0.70538158435714915,-0.20939730915360372,-9.6981942777920551,0.11673280896036259,0.15489874582858629,-0.006624131236434249,-0.42358517848250993,0.0092624694085135986,
0.32990900000000001,-10.075530552290402,-0.70538983619404383,-0.21046947032132346,-9.7542791557856781,0.097425964163813203,0.15413357952728285,-0.0055870428634823416,-0.42726700597911954,0.0097550219764720569,
0.331347,-10.075530552259458,-0.70540015099016218,-0.21161136982559897,-9.7441265692451786,0.089671610310474423,0.15339237843304751,-0.0052004604105442779,-0.42701793045008579,0.010024065021861112,
0.33279599999999998,-10.075530552228514,-0.70541046578628053,-0.21275326932987448,-9.698262991591438,0.097639910096844057,0.1556274862367496,-0.0058757188614112022,-0.42506671092810555,0.009925127881742133,
0.33332400000000001,-10.118398994189779,-0.68564877395573409,-0.21912539099638967,-9.6982629915625882,0.097630293654523109,0.15456289798961673,-0.0058753546181080805,-0.42506641292197322,0.0099251251898579401,
0.334229,-10.118398994158834,-0.68565908875185244,-0.22026729050066518,-9.6286849443896312,0.090070374950459664,0.15011480126169849,-0.0053133511257980933,-0.42176182722886429,0.0092706009371453669,
0.335669,-10.11839899412789,-0.68566940354797079,-0.22140919000494069,-9.5824091436255774,0.089439851375243726,0.14877941961170285,-0.0051299939159822113,-0.41886806633813906,0.0090472996050938465,
0.33710600000000002,-10.118398994096946,-0.68567971834408914,-0.2225510895092162,-9.5994664276270409,0.091545332397440837,0.1464966795057932,-0.0053547828627828111,-0.41997257856024844,0.0090467707121497567,
0.33725300000000002,-10.158423978778247,-0.68992056425360748,-0.22849264708715136,-9.5994664275981911,0.09153571595511989,0.14543209125866033,-0.0053544186194796894,-0.41997228055411612,0.0090467680202655637,
0.33854000000000001,-10.158423978747303,-0.68993087904972583,-0.22963454659142687,-9.6315895121520754,0.097736118202459477,0.14354469491049923,-0.0055327522845340735,-0.42113886113053517,0.0086870594344929143,
0.33992600000000001,-10.158423978716359,-0.68994119384584418,-0.23077644609570239,-9.6903941341684536,0.12028634334597836,0.1439745369827683,-0.0067691472134791351,-0.42480958898637589,0.0088288509689604094,
0.34120400000000001,-10.066288615933452,-0.69370624983640439,-0.22673825418087162,-9.6903941341203712,0.12027576525942534,0.14286399175778394,-0.0067687432549249325,-0.42480927811489222,0.0088288480078869084,
0.341368,-10.066288615881877,-0.69371759611213457,-0.22792944809579643,-9.6850902063837392,0.11555850028842818,0.13915682366820478,-0.0062564624797684367,-0.4245918735715587,0.0089694382304056387,
0.34282699999999999,-10.066288615830302,-0.69372894238786476,-0.22912064201072124,-9.6399476643670656,0.11997605147095368,0.13984818504422764,-0.0066750500090560693,-0.42279470949434705,0.0090038270427695785,
0.344252,-10.066288615778728,-0.69374028866359494,-0.23031183592564605,-9.5657080389275837,0.11400810108353006,0.13988463726347694,-0.0064903985473118682,-0.41905785301507043,0.0088323540033023278,
0.34515400000000002,-10.12454938848647,-0.67231488390535576,-0.24310622368411136,-9.5657080388795013,0.11399752299697703,0.13877409203849259,-0.0064899945887576657,-0.41905754214358676,0.0088323510422288268,
0.34567399999999998,-10.124549388434895,-0.67232623018108595,-0.24429741759903617,-9.5211624830842343,0.080533242547027928,0.13491112821088841,-0.0044665698551555289,-0.41604519018088376,0.0091713552308998608,
0.34712300000000001,-10.12454938838332,-0.67233757645681613,-0.24548861151396098,-9.5421640118619759,0.092929131162890033,0.13367093245489423,-0.0054311340595001468,-0.41733974245841116,0.0093520881123895522,
0.34854200000000002,-10.124549388331745,-0.67234892273254632,-0.24667980542888579,-9.5846961447190644,0.11399164886053695,0.12954473623494064,-0.0063609294213595648,-0.41884069006217328,0.0093485410175323247,
0.34905199999999997,-10.17891456160582,-0.69906111593830089,-0.25875083990551545,-9.584696144670982,0.11398107077398392,0.12843419100995629,-0.0063605254628053623,-0.41884037919068962,0.0093485380564588237,
0.349999,-10.178914561554246,-0.69907246221403108,-0.25994203382044029,-9.6537171932479033,0.12282065422866768,0.12292030044241244,-0.0066804774863031295,-0.42282568713581298,0.0097140164728952462,
0.35139199999999998,-10.178914561502671,-0.69908690292859654,-0.26118517304861683,-9.6655964358108246,0.12699816992680141,0.11891671092442814,-0.0071144438462969065,-0.42348172473332252,0.0094852265349031489,
0.35281699999999999,-10.178914561451096,-0.69910134364316201,-0.26242831227679336,-9.6496787858795585,0.11260335293151483,0.11825135003879358,-0.006276894002962414,-0.42275451326244123,0.0092587838583867727,
0.352989,-10.151299619147949,-0.7228167565109489,-0.26083496328749045,-9.6496787858314761,0.11258988991226575,0.11709237641028129,-0.0062763660335426706,-0.42275418883463667,0.0092587800897484841,
0.35426400000000002,-10.151299619096374,-0.72283119722551437,-0.26207810251566699,-9.6100130948572726,0.089492160104214513,0.11417491390442872,-0.0055025823727031086,-0.42057603043761249,0.0088070699245848139,
0.35570000000000002,-10.151299619044799,-0.72284563794007983,-0.26332124174384353,-9.5978058254899512,0.065267350876770158,0.11089094134627371,-0.0039577871805747964,-0.41909821638378547,0.0089420431768326928,
0.35691299999999998,-10.137892510010426,-0.72506769642493074,-0.26273928477976355,-9.5978058254418688,0.065253887857521078,0.10973196771776142,-0.0039572592111550529,-0.41909789195598091,0.0089420394081944042,
0.35713899999999998,-10.137892509958851,-0.72508213713949621,-0.26398242400794009,-9.643099333586802,0.075683585632697642,0.10601511591608093,-0.0045952956634675978,-0.42160615115018596,0.0089803347350751704,
0.35856399999999999,-10.137892509907276,-0.72509657785406167,-0.26522556323611662,-9.6916969662169148,0.11332824627438912,0.10367214844625815,-0.0064504630460314218,-0.42340488610400367,0.0087773335757222407,
0.36002200000000001,-10.137892509855702,-0.72511205004823909,-0.2665401840013929,-9.7521046656047723,0.11222893322041089,0.097781390138516305,-0.0062297349853232794,-0.42695655210904093,0.0092068172804626331,
0.36085099999999998,-10.125372283538345,-0.7488662785823228,-0.26588543609784199,-9.7521046655566899,0.11221450855692956,0.096555774564720323,-0.0062291684257848607,-0.42695620902648979,0.0092068132426360826,
0.361425,-10.125372283486771,-0.74888175077650021,-0.26720005686311826,-9.7516505869647823,0.10563156276684083,0.091191214511762861,-0.0058896221227575131,-0.42655431188592186,0.0085520300814174686,
0.36288799999999999,-10.125372283435196,-0.74889722297067762,-0.26851467762839454,-9.7405261194799859,0.10569975837708588,0.090174957629480482,-0.0060311535845379927,-0.42626178131999282,0.0083613119107085535,
0.36430099999999999,-10.125372283383621,-0.74891269516485504,-0.26982929839367081,-9.7138795402949238,0.090419193656737215,0.08653357095824725,-0.0052200393184274078,-0.42461257588316142,0.0081443670000747054,
0.36481799999999998,-10.19924088145795,-0.70109904541354728,-0.28604647910123243,-9.7138795402468414,0.090404768993255891,0.085307955384451267,-0.0052194727588889892,-0.42461223280061028,0.0081443629622481549,
0.36571399999999998,-10.199240881406375,-0.7011145176077247,-0.28736109986650871,-9.717591887354919,0.084838553827917898,0.081780465085046938,-0.0049168946852670729,-0.42415604071818641,0.0086462506260222595,
0.367149,-10.1992408813548,-0.70112998980190211,-0.28867572063178498,-9.7605517147475265,0.10975741778977813,0.081492176391252974,-0.0060920999879198494,-0.42657247737181014,0.0087391775020135738,
0.36859999999999998,-10.199240881303226,-0.70114546199607952,-0.28999034139706126,-9.7958605527800984,0.14019199318849379,0.083355752418080714,-0.0077462769387807015,-0.42811049318826622,0.0084731475138078577,
0.36874299999999999,-10.168524739541974,-0.71845588188826748,-0.28568136801835453,-9.7958605527320159,0.14017756852501245,0.082130136844284732,-0.0077457103792422828,-0.42811015010571507,0.0084731434759813071,
0.37004599999999999,-10.168524739490399,-0.71847135408244489,-0.28699598878363081,-9.8114221341694865,0.12996649428830218,0.080792017590313514,-0.0072427833338532688,-0.42962471336573921,0.0089585112355601501,
0.371471,-10.168524739418196,-0.71849095219506964,-0.28839591291280536,-9.7688251239047776,0.11538685358868039,0.081001158981638219,-0.0063231531499537089,-0.42746676182266569,0.0086585915350975966,
0.372664,-10.139850716446233,-0.71609652604161966,-0.28423948411340066,-9.7688251238374626,0.11536858234827076,0.079696015429848568,-0.0063224220561491594,-0.42746639647740092,0.0086585864205169505,
0.372919,-10.139850716374029,-0.71611612415424442,-0.28563940824257522,-9.7148844253004185,0.12433043485407916,0.083365761425249027,-0.007022115439771711,-0.42519466652590393,0.0086202070600410949,
0.374303,-10.139850716301826,-0.71613572226686917,-0.28703933237174978,-9.657559517608437,0.11766038750301079,0.083363697975148088,-0.0066116009402781006,-0.4222611282718336,0.0083225765761750278,
0.37572899999999998,-10.139850716229622,-0.71615532037949392,-0.28843925650092433,-9.6397659230784907,0.1061069608097643,0.083977302657184047,-0.0056345939839386669,-0.42109531772036624,0.0085515951343566095,
0.37660700000000003,-10.144177148482173,-0.71402267100524774,-0.28491064523014825,-9.6397659230111756,0.10608868956935466,0.082672159105394397,-0.0056338628901341174,-0.42109495237510147,0.0085515900197759634,
0.37717600000000001,-10.14417714840997,-0.7140422691178725,-0.28631056935932281,-9.6581689273302676,0.12740946118902638,0.085620308838137565,-0.0070625426252901207,-0.42230872341580927,0.0090413565245433154,
0.37861,-10.144177148337766,-0.71406186723049725,-0.28771049348849737,-9.6829777121985199,0.13662486140195082,0.090960049756826616,-0.007597185466396302,-0.42345542603595576,0.0087008226311612175,
0.38003999999999999,-10.144177148265562,-0.714081465343122,-0.28911041761767192,-9.6916562452621058,0.11745060427649039,0.092590585091200481,-0.0067867712012245843,-0.42496650530278468,0.0088467638869436233,
0.38055699999999998,-10.147424574280489,-0.70922213346247509,-0.29010312132097071,-9.6916562451851735,0.11743040974761643,0.09125101467590209,-0.0067859575499808304,-0.42496613032015801,0.0088467582339859293,
0.38146799999999997,-10.14742457419797,-0.70924379453432362,-0.29153997242024876,-9.6329979628620546,0.10298679518057018,0.094049417575439623,-0.0059738025549175089,-0.42218415484451999,0.0085781477052275339,
0.38290999999999997,-10.147424574115451,-0.70926545560617216,-0.29297682351952681,-9.5504784383151353,0.10817962052146345,0.10086063648364912,-0.006529842997070239,-0.41870883330112979,0.0087382803026106147,
0.384349,-10.147424574032932,-0.70928711667802069,-0.29441367461880485,-9.4578567326495246,0.094182267717958651,0.10172574427821067,-0.0059015246162222382,-0.41409650606903942,0.0082389624085921227,
0.38444400000000001,-10.150454382605863,-0.70497223736441406,-0.29517419857056376,-9.4578567325725924,0.094162073189084691,0.10038617386291228,-0.0059007109649784843,-0.41409613108641274,0.0082389567556344287,
0.38575500000000001,-10.150454382523344,-0.70499389843626259,-0.29661104966984181,-9.4126274980249445,0.065091945894533224,0.099480125746459508,-0.0040775727073419808,-0.41157350144696547,0.0080741299067574619,
0.38718799999999998,-10.150454382440826,-0.70501555950811112,-0.29804790076911986,-9.4160891231821449,0.085206931343960804,0.10142698264957753,-0.0054050417508338545,-0.4119832395833109,0.0086102010707778415,
0.38838499999999998,-10.043183344818331,-0.70870820162370596,-0.28132840693372363,-9.4160891231052126,0.085186736815086844,0.10008741223427914,-0.0054042280995901006,-0.41198286460068423,0.0086101954178201476,
0.38863799999999998,-10.043183344735812,-0.70872986269555449,-0.28276525803300168,-9.442404188629876,0.090891913269561142,0.099530352726647384,-0.0056016141246161668,-0.41325565251813828,0.0084782314520842061,
0.39007199999999997,-10.043183344653293,-0.70875255524701464,-0.28415177292722249,-9.471992046746708,0.07868912722326013,0.095619591868005158,-0.0048780852715616819,-0.41533426739115137,0.0087228045071059655,
0.39147799999999999,-10.043183344570775,-0.70877524779847478,-0.2855382878214433,-9.4399557784845758,0.087573160364942934,0.091601141420491472,-0.0054177751597865847,-0.41390675367622443,0.0083277378904358917,
0.392314,-10.06009712254264,-0.69053457873894497,-0.25997805630864301,-9.4399557784076435,0.087552004191837063,0.090308499243718962,-0.0054169167409189199,-0.41390639182998495,0.008327731968289934,
0.39292500000000002,-10.060097122460121,-0.69055727129040512,-0.26136457120286383,-9.3849770660997933,0.096538175215217098,0.087960001283427292,-0.005822200731609546,-0.41153166445113715,0.00821758839258779,
0.39438499999999999,-10.060097122377602,-0.69057996384186526,-0.26275108609708464,-9.322467465365543,0.084285424007877405,0.080737289598077758,-0.0052162576527763748,-0.40829242378090386,0.0078348191300807862,
0.39578999999999998,-10.060097122295083,-0.69060265639332541,-0.26413760099130545,-9.3001224831597717,0.069969821066723906,0.075378220538636687,-0.0043957130246686004,-0.40651690096883047,0.0079001974388871968,
0.39625199999999999,-10.075892203000583,-0.67439902031705778,-0.2663868352878358,-9.3001224830828395,0.069948664893618034,0.074085578361864177,-0.0043948546058009356,-0.406516539122591,0.0079001915167412392,
0.39724599999999999,-10.075892202918064,-0.67442171286851793,-0.26777335018205661,-9.3303121250805674,0.079768775176147638,0.068397460277390465,-0.0049675994596375065,-0.4083205089919909,0.0080538585383564884,
0.39865099999999998,-10.075892202835545,-0.67444440541997808,-0.26915986507627743,-9.3654770847423965,0.10191358530209886,0.064447253106529961,-0.0060147206874134954,-0.40962869017727471,0.008444743737596426,
0.40011799999999997,-10.075892202753026,-0.67446812945105028,-0.27050728689320991,-9.4019839907368432,0.10138299078477071,0.053797913902267,-0.0060578115761010243,-0.41226135868555713,0.0091362349903808381,
0.40019399999999999,-9.9717924877068302,-0.688590201248652,-0.27139022668008422,-9.401983990659911,0.1013608729674326,0.052541718041890624,-0.0060569089597602137,-0.41226100704155277,0.0091362287990466185,
0.40155400000000002,-9.9717924876243114,-0.6886139252797242,-0.2727376484970167,-9.3760463103968537,0.099806177253831355,0.041303733296188853,-0.0057272990403670438,-0.41071404868150685,0.0082178881955679295,
0.402974,-9.9717924875417925,-0.68863764931079641,-0.27408507031394919,-9.3393191254992729,0.12148700861028883,0.03119657910327436,-0.0068863453675498711,-0.40911978842517832,0.0081641602202349589,
0.404117,-10.000897453641866,-0.68099324988521859,-0.27481127078792017,-9.3393191254223407,0.12146489079295071,0.02994038324289798,-0.0068854427512090605,-0.40911943678117396,0.0081641540289007393,
0.40442499999999998,-10.000897453559347,-0.68101697391629079,-0.27615869260485265,-9.2960380363852408,0.10959615003717374,0.015203071459007008,-0.0064817975776543472,-0.4063614945180376,0.0078833356252979488,
0.40588200000000002,-10.000897453476828,-0.68104069794736299,-0.27750611442178513,-9.3114158588485534,0.086581326601061021,0.00104729922382432,-0.0050601490551691686,-0.40644058059310495,0.0081034884280101818,
0.407277,-10.000897453394309,-0.6810644219784352,-0.27885353623871761,-9.3857510758991758,0.10907916105659871,-0.0079767142346059972,-0.0063706902381126824,-0.40974743565612154,0.0083898355069241832,
0.40814299999999998,-10.028114498302799,-0.67425414791476823,-0.30500633219621087,-9.3857510758222435,0.10905704323926059,-0.0092329100949823748,-0.0063697876217718719,-0.40974708401211718,0.0083898293155899636,
0.408692,-10.02811449822028,-0.67427787194584043,-0.30635375401314335,-9.4898535684028911,0.12767651961247883,-0.014720953531902135,-0.0073969028869776202,-0.4143147335239753,0.0088116226316362033,
0.41011599999999998,-10.028114498106817,-0.67430675337497148,-0.30786218979748237,-9.5952435499152315,0.10686352474412703,-0.026681707613683089,-0.0061199742934238098,-0.41972430605274125,0.008992962571384296,
0.41157199999999999,-10.028114497993354,-0.67433563480410252,-0.30937062558182138,-9.6318347768034354,0.11250098469149017,-0.037033920230370325,-0.0067863330424636275,-0.42132651407928723,0.008421574254063223,
0.41205700000000001,-10.061931448789332,-0.69576574398944235,-0.33359635453837738,-9.6318347766976551,0.11247405865299184,-0.038440228755375616,-0.0067852275161984117,-0.42132612041372869,0.0084215667167861219,
0.41299999999999998,-10.061931448675869,-0.6957946254185734,-0.33510479032271639,-9.6230851590502091,0.11515282022280268,-0.045234709044538288,-0.0070154619406144125,-0.42088110580001681,0.008293274723171571,
0.414433,-10.061931448562406,-0.69582350684770444,-0.33661322610705541,-9.591032485653491,0.084724858074367915,-0.059803615310819853,-0.0058836115775603697,-0.41861088164247945,0.0078017268199180563,
0.41585800000000001,-10.061931448448943,-0.69585238827683549,-0.33812166189139442,-9.5965453439557233,0.067745740782919839,-0.068481474091007105,-0.0048031157308048881,-0.41786158989590699,0.0075879816609269769,
0.41598800000000002,-10.087940313501823,-0.68200784332353481,-0.36108447594682419,-9.5965453438499431,0.067718814744421513,-0.069887782616012403,-0.0048020102045396723,-0.41786119623034845,0.0075879741236498767,
0.41727500000000001,-10.08794031338836,-0.68203672475266586,-0.3625929117311632,-9.6660745747921641,0.089582715828970233,-0.072596832734018221,-0.0062135228360777842,-0.42122929320228952,0.0078148538849722796,
0.41873300000000002,-10.087940313274897,-0.6820656061817969,-0.36410134751550222,-9.7509630732533008,0.084652642347044615,-0.077130854395394785,-0.0056852391299737834,-0.42479220623342184,0.008044852605910733,
0.419933,-10.112227008715484,-0.66977339377691236,-0.38368559784685274,-9.7509630731379033,0.08462186973161763,-0.078605535825301526,-0.0056839684626764529,-0.42479179342815571,0.0080448439918800602,
0.420159,-10.112227008591706,-0.66980640112449108,-0.38526737183159282,-9.8352312799539501,0.083605085091421227,-0.078725420628877982,-0.0056892016716618725,-0.42948408887360534,0.0086937024427667757,
0.42158800000000002,-10.112227008467928,-0.6698394084720698,-0.3868491458163329,-9.8433349910596597,0.094813323607817745,-0.078348521320860662,-0.0064297803992754863,-0.42987350791015877,0.0077376468342783859,
0.42299999999999999,-10.112227008344149,-0.66987241581964851,-0.38843091980107297,-9.8168837638531841,0.082036135075814809,-0.078757107595064477,-0.0055657413880586867,-0.42883447910902867,0.0073942391791572389,
0.42385800000000001,-10.230794542752461,-0.66380073339325041,-0.40484526531731396,-9.8168837637377866,0.082005362460387823,-0.080231789024971217,-0.0055644707207613562,-0.42883406630376253,0.0073942305651265661,
0.42444599999999999,-10.230794542628683,-0.66383374074082913,-0.40642703930205404,-9.7620509350977382,0.075303289229411902,-0.076932388560102122,-0.0055033786974235379,-0.42584169750781437,0.0069316533517633783,
0.42590899999999998,-10.230794542504904,-0.66386674808840784,-0.40800881328679411,-9.7325363471339994,0.070817557425683755,-0.075035525439853479,-0.005201314027668315,-0.42369144968747491,0.0068203307663858032,
0.42734100000000003,-10.230794542381126,-0.66389975543598656,-0.40959058727153419,-9.7682209853503039,0.071110983730487534,-0.068222228726248335,-0.0051205256354296385,-0.42554532904121695,0.0069937383277685807,
0.42782100000000001,-10.329321231107752,-0.67223199433196568,-0.42508078289160123,-9.7682209852349065,0.071080211115060549,-0.069696910156155076,-0.005119254968132308,-0.42554491623595081,0.0069937297137379079,
0.428734,-10.329321230983973,-0.67226500167954439,-0.4266625568763413,-9.8237031186333486,0.084607274462573656,-0.063449181793275092,-0.0058742480242969753,-0.42774157338862751,0.007504784154418272,
0.43020399999999998,-10.329321230849882,-0.67230419790479379,-0.42843195700247311,-9.895473771116821,0.07949818613932251,-0.057065504515320942,-0.0054612951374057349,-0.43196079591039999,0.0079853731239476772,
0.43164999999999998,-10.32932123071579,-0.67234339413004318,-0.43020135712860491,-9.9024344337517132,0.084815379447567757,-0.053140731459732124,-0.0061070195734423752,-0.43255591665617976,0.007594357915253409,
0.43175200000000002,-10.258677977244087,-0.67972926364777986,-0.41912751378982854,-9.9024344336267003,0.084778836966748483,-0.054790335975455642,-0.0061055051307295884,-0.43255545488514652,0.0075943476860926389,
0.433064,-10.258677977109995,-0.67976845987302925,-0.42089691391596035,-9.8644098809016896,0.083439818659602913,-0.049188560237015885,-0.0059359462406633375,-0.43107175727616404,0.0078510359624409526,
0.43446800000000002,-10.258677976975903,-0.67980765609827865,-0.42266631404209215,-9.7891666079197623,0.070585191931219052,-0.047866246026119462,-0.0054731708613983783,-0.42742806966117619,0.0076338161642154423,
0.43567699999999998,-10.354361491783223,-0.67477875624527095,-0.40824925823028024,-9.7891666077947495,0.070548649450399778,-0.04951585054184298,-0.0054716564186855915,-0.42742760789014295,0.0076338059350546722,
0.43590200000000001,-10.354361491649131,-0.67481795247052034,-0.41001865835641205,-9.7298342681939332,0.065254616744956057,-0.046209646119915293,-0.005071072433635658,-0.42427561463342078,0.0072742103378025868,
0.43733300000000003,-10.354361491515039,-0.67485714869576974,-0.41178805848254385,-9.7339365749582498,0.069500913990137081,-0.043312758521001249,-0.0053491505168896687,-0.42431658163207886,0.0075571161207828481,
0.43878200000000001,-10.354361491380947,-0.67489634492101913,-0.41355745860867565,-9.7812840485781063,0.075733535220961851,-0.041696182499629926,-0.0056539417330950179,-0.42651121085638188,0.0081004041507442871,
0.43957800000000002,-10.44698428700497,-0.67391910143781997,-0.39954608888064302,-9.7812840484530934,0.075696992740142577,-0.043345787015353444,-0.0056524272903822311,-0.42651074908534864,0.008100393921583517,
0.440189,-10.446984286870878,-0.67395829766306936,-0.40131548900677483,-9.843002203096983,0.088224452653973023,-0.039884581483768396,-0.00622586750187786,-0.42976736952787647,0.0083146287911149142,
0.441664,-10.446984286705842,-0.67400265128637804,-0.4031642099150563,-9.875035175091881,0.098530132571599177,-0.037560205229148207,-0.0068588326625606058,-0.43213051371166999,0.0080225737628410853,
0.44306699999999999,-10.446984286540806,-0.67404700490968672,-0.40501293082333778,-9.8477004291075421,0.091644542169459706,-0.036146911388959785,-0.006307151663775783,-0.43067630320075201,0.007933151526851567,
0.44350600000000001,-10.370989349393168,-0.67316973731182617,-0.38851402013915692,-9.8477004289536794,0.091603191467479875,-0.037870466346130865,-0.0063054301683916165,-0.43067582072787497,0.0079331399517479154,
0.44452999999999998,-10.370989349228132,-0.67321409093513485,-0.3903627410474384,-9.7988710717206082,0.078485027168289589,-0.03748318346489201,-0.0059450178964128627,-0.42842748038602096,0.0082538664774225792,
0.44592300000000001,-10.370989349063096,-0.67325844455844353,-0.39221146195571988,-9.7519389404129715,0.056126942047766581,-0.041239977313614756,-0.0044710214190069684,-0.42559872546315269,0.0076993281999071794,
0.44736100000000001,-10.37098934889806,-0.6733027981817522,-0.39406018286400135,-9.7713957439059431,0.066243674106806968,-0.044338320078955232,-0.0050683090464653559,-0.42618036722553165,0.0081540618755886821,
0.44747399999999998,-10.374763285811913,-0.67412307482788358,-0.38601527493257692,-9.7713957437520804,0.066202323404827138,-0.046061875036126312,-0.0050665875510811894,-0.42617988475265461,0.0081540503004850304,
0.44881799999999999,-10.374763285646877,-0.67416742845119226,-0.3878639958408584,-9.8285076838410372,0.086082776316975987,-0.052643090957054176,-0.0060880161343473986,-0.42889411460601046,0.0087005465369792648,
0.45023400000000002,-10.374763285481841,-0.67421178207450094,-0.38971271674913988,-9.8947743304816917,0.10089624679175904,-0.057498884701133207,-0.0065090875439275169,-0.43221405089082154,0.0090836977301609889,
0.45139899999999999,-10.391301995202118,-0.6569073917268633,-0.38194086662823989,-9.8947743303085964,0.100850087868619,-0.059301582978605112,-0.0065071592783320061,-0.4322135462629062,0.0090836848091149797,
0.45168000000000003,-10.391301995016452,-0.65695690274823093,-0.38387447830857491,-9.9340531911962735,0.12974984176152335,-0.06129778367120467,-0.0081376568559131009,-0.43509836758859022,0.0084122350504448069,
0.45308500000000002,-10.391301994830785,-0.65700641376959856,-0.38580808998890992,-9.8977429237317356,0.1138092965887883,-0.063867592541143756,-0.0071544495306391301,-0.43305528947681865,0.0082941296934480983,
0.45452399999999998,-10.391301994645119,-0.65705592479096619,-0.38774170166924493,-9.8424462201521852,0.088998757079138624,-0.067019555071085479,-0.005830304029455351,-0.43090396290679189,0.0084742448393836604,
0.45531300000000002,-10.447358759335318,-0.6416870078871294,-0.4061949508856908,-9.8424462199790899,0.088952598155998583,-0.068822253348557391,-0.0058283757638598402,-0.43090345827887655,0.0084742319183376512,
0.45595799999999997,-10.447358759149651,-0.64173651890849703,-0.40812856256602581,-9.7665034952861909,0.090348639720984572,-0.073591630643058126,-0.00592893200052029,-0.42657890921029623,0.0078026784899550448,
0.45739400000000002,-10.447358758963984,-0.64178602992986467,-0.41006217424636082,-9.7592177337044443,0.10834954243651346,-0.076906653975263167,-0.0067142282796097451,-0.42628263000266531,0.0079605374417223689,
0.45881499999999997,-10.447358758778318,-0.6418355409512323,-0.41199578592669583,-9.7837328116502924,0.1360953580018878,-0.085147084379377763,-0.0079613986948273985,-0.4274076469142884,0.0079640380442775813,
0.459262,-10.366239082554703,-0.67686582540979112,-0.40723728862596825,-9.7837328114771971,0.13604919907874777,-0.086949782656849675,-0.0079594704292318876,-0.42740714228637305,0.0079640251232315721,
0.46025100000000002,-10.366239082348407,-0.67692255678844182,-0.40927281049195197,-9.8209989952240537,0.16322169180542773,-0.088206644261120598,-0.0090944931500383467,-0.42937466985014494,0.0084536033323028628,
0.46171800000000002,-10.366239082142112,-0.67697928816709252,-0.41130833235793568,-9.8302123221753668,0.17057311349472079,-0.088929574295604288,-0.0098041884964390948,-0.43109396996069882,0.0078826092756742357,
0.46316800000000002,-10.366239081935817,-0.67703601954574322,-0.41334385422391939,-9.767080471368649,0.13524295001500014,-0.088840142563494276,-0.0078884502190542504,-0.42754031238708923,0.0074479451995292274,
0.46318700000000002,-10.290506677723423,-0.63494902467063585,-0.40862447858760204,-9.7670804711763193,0.13519005958223521,-0.090737851291096475,-0.0078862316162751408,-0.42753978116252928,0.007447930394164335,
0.464557,-10.290506677517127,-0.63500575604928655,-0.41066000045358575,-9.7004238677705459,0.099770170486702558,-0.09394541499357148,-0.0061792735898941985,-0.4253137363675763,0.0076291934778062254,
0.46598000000000001,-10.290506677310832,-0.63506248742793725,-0.41269552231956946,-9.6084473314724193,0.10392918483744362,-0.098050996030495233,-0.0062794642838503584,-0.41980006875530862,0.007339092832691599,
0.467111,-10.340383342822429,-0.59769740070055422,-0.42395892997952955,-9.6084473312800895,0.1038762944046787,-0.099948704758097431,-0.0062772456810712488,-0.41979953753074867,0.0073390780273267066,
0.46740799999999999,-10.340383342616134,-0.59775413207920491,-0.42599445184551327,-9.6058594424713437,0.12661251608563792,-0.10467076301067556,-0.0073068627544641915,-0.42024703526258694,0.0083285019097030562,
0.46885199999999999,-10.340383342409838,-0.59781086345785561,-0.42802997371149698,-9.6207896452485411,0.1445292659490296,-0.11520987658638213,-0.0082318224348657282,-0.42050699050252244,0.0085805071676543828,
0.47028300000000001,-10.340383342182912,-0.59787481519378904,-0.43016554909982813,-9.6713065761239374,0.15395607298924538,-0.11900653170536382,-0.0084771449512320973,-0.42334427773299693,0.0095504867537157308,
0.47106100000000001,-10.224773830150497,-0.6063785567452582,-0.43351715271377744,-9.6713065759123751,0.15389645104685593,-0.12099751992347853,-0.0084746359171160648,-0.42334372039633122,0.0095504700640319552,
0.47171600000000002,-10.224773829923571,-0.60644250848119163,-0.43565272810210859,-9.6906723353175117,0.1518495953814494,-0.12446001640646408,-0.009013652021739902,-0.42480401960108194,0.009241975158260491,
0.47315600000000002,-10.224773829696645,-0.60650646021712507,-0.43778830349043973,-9.6712090884965125,0.11507512783113431,-0.12636348326901756,-0.0069393287180704831,-0.42315963331960393,0.009107044596189863,
0.47458499999999998,-10.224773829469719,-0.6065704119530585,-0.43992387887877088,-9.6662427930608743,0.08704333428998548,-0.13130489491737871,-0.0054831250060619037,-0.42351139454604897,0.0086291639196950098,
0.47496899999999997,-10.116870348752569,-0.62162069224334615,-0.44284753749957023,-9.666242792849312,0.086983712347596012,-0.13329588313549343,-0.0054806159719458713,-0.42351083720938326,0.0086291472300112342,
0.475995,-10.116870348525643,-0.62168464397927958,-0.44498311288790138,-9.6527014456947331,0.11578133749507034,-0.13142505376095667,-0.0070612037051603809,-0.42157774108135315,0.0074477065253064686,
0.47743999999999998,-10.116870348298717,-0.62174859571521301,-0.44711868827623252,-9.6992136710190167,0.1215710893029594,-0.13138560470675864,-0.0074438439478222681,-0.42478033774964957,0.0077031864297505068,
0.47890199999999999,-10.130176920922477,-0.63509626282985798,-0.45014688213187665,-9.6992136708074543,0.12151146736056993,-0.13337659292487336,-0.0074413349137062356,-0.42477978041298387,0.007703169740066732,
0.47891499999999998,-10.130176920695551,-0.63516021456579141,-0.45228245752020779,-9.713884583833158,0.10662957582521786,-0.13609568271292291,-0.0064442420916955559,-0.42438468885811403,0.0074149323280480522,
0.48033700000000001,-10.130176920427365,-0.63523138665900758,-0.45452179975748896,-9.7514093674328937,0.11956878831539293,-0.13098623250281441,-0.0072723416605639255,-0.42751970432627939,0.0079468621643535679,
0.48174600000000001,-10.13017692015918,-0.63530255875222374,-0.45676114199477014,-9.7291510729972774,0.098826961108731778,-0.13042117217004304,-0.0064021360692626088,-0.42585167705694954,0.0073900411218537562,
0.48284100000000002,-10.174493157614991,-0.63718599044351565,-0.461355199373573,-9.7291510727472499,0.098760607656717778,-0.13250890179790578,-0.0063993367921163329,-0.42585109263825599,0.0073900225478500522,
0.48316599999999998,-10.174493157346806,-0.63725716253673181,-0.46359454161085417,-9.7141782162023045,0.07621614253880335,-0.13508199414545638,-0.0050597789408483177,-0.42569635411623746,0.0080066577434288171,
0.48461700000000002,-10.17449315707862,-0.63732833462994798,-0.46583388384813534,-9.6708071589483264,0.095403145680557966,-0.13555857887618403,-0.0061706935243856786,-0.42333452949007305,0.0084863705608438002,
0.48606899999999997,-10.174493156810435,-0.63739950672316414,-0.46807322608541652,-9.6555116632608389,0.11852286522298747,-0.13460376533721435,-0.0073004778579185865,-0.42224057579743673,0.0088340035714938436,
0.48674200000000001,-10.215853143215787,-0.6425400389646575,-0.47217093354196749,-9.6555116630108113,0.11845651177097347,-0.1366914949650771,-0.0072976785807723106,-0.42223999137874318,0.0088339849974901404,
0.48750199999999999,-10.215853142947601,-0.64261121105787367,-0.47441027577924866,-9.6790666076580578,0.12409755619489084,-0.13199991263774877,-0.0074568122641334965,-0.42356253636541241,0.0088427706568228615,
0.48891200000000001,-10.215853142679416,-0.64268238315108983,-0.47664961801652983,-9.7085205398466154,0.11208408367786139,-0.12632622131331056,-0.0067881972415292161,-0.42459637767732605,0.008914261683435825,
0.49033399999999999,-10.215853142390602,-0.64275974412197712,-0.47892537148410858,-9.7408860252316494,0.10413587387223083,-0.11683822400082537,-0.0064815820532710842,-0.42707049499692051,0.0088607966226300888,
0.490701,-10.176273939488153,-0.64730811015959477,-0.48174335259016576,-9.7408860249623892,0.1040637505548242,-0.11895989967008083,-0.0064785313324428702,-0.42706990107503701,0.0088607764334957644,
0.49176500000000001,-10.176273939199339,-0.64738547113048206,-0.48401910605774451,-9.7098044940838939,0.095943110270122839,-0.11515625247656508,-0.0060897018374109655,-0.42533085213639765,0.0081052830915851123,
0.49320799999999998,-10.176273938910525,-0.64746283210136935,-0.48629485952532325,-9.6664792127766717,0.09700620405744996,-0.11598934133841954,-0.0062115043960006833,-0.42371162024584436,0.008389463633200667,
0.49462899999999999,-10.17627393862171,-0.64754019307225663,-0.488570612992902,-9.6051648981060023,0.095694742708480746,-0.11651120176898323,-0.0060403341114352539,-0.42021602557847171,0.00802989831331225,
0.49463200000000002,-10.209281832425789,-0.66553792453415439,-0.47113124104127746,-9.6051648978367421,0.09562261939107411,-0.11863287743823869,-0.0060372833906070398,-0.4202154316565882,0.0080298781241779256,
0.49608400000000002,-10.209281832136975,-0.66561528550504168,-0.4734069945088562,-9.5969904074654053,0.10260313213040684,-0.1191030651056975,-0.0065899940779905906,-0.41945500161169819,0.0075093561637354748,
0.49750299999999997,-10.209281831848161,-0.66569264647592896,-0.47568274797643495,-9.6371418477558901,0.080785117812656154,-0.11711539408698857,-0.0055065507994549699,-0.4211400174988309,0.0077209641543003445,
0.49854100000000001,-10.240091914814615,-0.66416966125074106,-0.45881297537498644,-9.6371418474866299,0.080712994495249518,-0.11923706975624403,-0.0055035000786267559,-0.42113942357694739,0.0077209439651660201,
0.49895899999999999,-10.2400919145258,-0.66424702222162835,-0.46108872884256519,-9.7061794909815493,0.060381071730333663,-0.11676464244989797,-0.0043159183681867807,-0.42421795255288985,0.0077981361130389157,
0.50038800000000005,-10.240091914226671,-0.6643295405905747,-0.4633614910192696,-9.7741424824678074,0.066731165178827323,-0.11216290783079727,-0.0049729954306739184,-0.42803931144008067,0.0079103058144074055,
0.50178800000000001,-10.240091913927541,-0.66441205895952105,-0.46563425319597401,-9.7830503788346928,0.062889943260424297,-0.11113884558670824,-0.0045261140411667353,-0.42851283455488948,0.0080344070941281865,
0.50249200000000005,-10.221595424509097,-0.66303650377116807,-0.46367969398368569,-9.7830503785558154,0.06281301172185727,-0.11325773248769064,-0.0045228520935357433,-0.4285122414132298,0.0080343855590520267,
0.50323399999999996,-10.221595424209967,-0.66311902214011442,-0.4659524561603901,-9.745252964099226,0.072358475494031738,-0.11531267291399865,-0.0050440908691141871,-0.4270672016804859,0.0080115232717875504,
0.50467499999999998,-10.221595423910838,-0.66320154050906077,-0.46822521833709452,-9.6691665239016391,0.076127060671103808,-0.11377598590467235,-0.0052988048930720935,-0.42329871959664406,0.0077909976368975183,
0.506081,-10.221595423611708,-0.66328405887800712,-0.47049798051379893,-9.6010820513736856,0.05992872375105783,-0.11493054819588006,-0.0044010701167405452,-0.42000059279818197,0.0075359520272547473,
0.50639699999999999,-10.221934844557074,-0.66983097162915706,-0.46591868990540325,-9.6010820510948083,0.059851792212490811,-0.11704943509686246,-0.0043978081691095532,-0.41999999965652229,0.0075359304921785884,
0.50752200000000003,-10.221934844257945,-0.66991348999810341,-0.46819145208210766,-9.5803592557041419,0.05305694251390735,-0.11326256302995343,-0.0039983959056793554,-0.4188626875191257,0.0082060547731959456,
0.50895999999999997,-10.221934843958815,-0.66999600836704976,-0.47046421425881207,-9.5985664178907406,0.048109843106424452,-0.1139481383966222,-0.0037748087366284936,-0.41977806940766665,0.0088052345083389823,
0.51031800000000005,-10.222251752659433,-0.67740600064105816,-0.46588727283247744,-9.5985664175830152,0.048028103346697049,-0.11606721762645102,-0.0037713357243476984,-0.41977747621090289,0.0088052116273199428,
0.51039000000000001,-10.22225175232936,-0.67749367640806357,-0.46816024130510425,-9.6245756388111747,0.059518276931909642,-0.11670877971229998,-0.0041500951882655927,-0.42119981713093807,0.00926483505446642,
0.51182799999999995,-10.222251751999286,-0.67758135217506898,-0.47043320977773107,-9.6344561541097438,0.077994767485106684,-0.12242241612383405,-0.0052407057550246695,-0.42254122808645606,0.0091227979353951539,
0.51324999999999998,-10.222251751669212,-0.6776690279420744,-0.47270617825035788,-9.5917158700305674,0.083958667452110225,-0.13046820093874101,-0.0052214142483075071,-0.42003088489709217,0.0094945094130872241,
0.51425399999999999,-10.197331086451193,-0.68421976457013967,-0.47296120042152784,-9.591715869722842,0.083876927692382822,-0.13258728016856983,-0.0052179412360267114,-0.42003029170032841,0.0094944865320681845,
0.51468400000000003,-10.197331086121119,-0.68430744033714508,-0.47523416889415465,-9.5528081320547251,0.094991845956505477,-0.13672331589628295,-0.0058507256904246898,-0.41869467452159936,0.0091950774785279146,
0.51611700000000005,-10.197331085791046,-0.68439511610415049,-0.47750713736678146,-9.5072371536341418,0.08743392104345124,-0.13889289580420391,-0.0052154074688795498,-0.41584688577336137,0.0081605351973299857,
0.51759200000000005,-10.197331085460972,-0.6844827918711559,-0.47978010583940828,-9.520556896929401,0.07984455095135945,-0.13931212773920434,-0.0045933261047850591,-0.41653491513626306,0.0091903470483414209,
0.51824800000000004,-10.131810268291286,-0.66981335196130354,-0.46408179860697912,-9.5205568966216756,0.079762811191632046,-0.14143120696903316,-0.0045898530925042634,-0.4165343219394993,0.0091903241673223814,
0.51897800000000005,-10.131810267961212,-0.66990102772830895,-0.46635476707960594,-9.5366838102608451,0.094015518214652538,-0.14202200096999756,-0.0052832734198990363,-0.41739485919756436,0.0090709354078359582,
0.52044100000000004,-10.131810267620823,-0.66999489237298548,-0.46865269735883902,-9.5527282523138766,0.10877316029110322,-0.1434020028605309,-0.0058033304526979475,-0.41863475003073913,0.0090555793452337472,
0.52188400000000001,-10.131810267280434,-0.67008875701766202,-0.47095062763807211,-9.526699055171143,0.12122290219154164,-0.14935252717311912,-0.0065984183014112189,-0.41794067602328311,0.0081552564088120845,
0.52223699999999995,-10.070582438957087,-0.65702741287298205,-0.48254312130049998,-9.5266990548538004,0.1211353925664216,-0.15149487819336446,-0.006594693264836222,-0.41794007631174124,0.0081552319126629476,
0.52331799999999995,-10.070582438616698,-0.65712127751765859,-0.48484105157973306,-9.4629159399187888,0.12006728037032668,-0.15765458061143081,-0.0067477599128623247,-0.41438258857533355,0.0084174122844840049,
0.52470700000000003,-10.070582438276309,-0.65721514216233512,-0.48713898185896615,-9.4323556613387876,0.105684469128145,-0.16788924080694276,-0.0059192672978144586,-0.41292409105697964,0.0082091722338458028,
0.526119,-10.086008041520486,-0.64104846407071625,-0.49140286079730217,-9.432355661021445,0.10559695950302496,-0.17003159182718811,-0.0059155422612394617,-0.41292349134543777,0.0082091477376966659,
0.52614499999999997,-10.086008041180097,-0.64114232871539278,-0.49370079107653525,-9.4394177035635263,0.097041269979927652,-0.17942507279427108,-0.005524605882486708,-0.41218044557662864,0.0080093227552606554,
0.52757600000000004,-10.086008040839708,-0.64123619336006932,-0.49599872135576833,-9.5254313107354154,0.094413999739644414,-0.18957099129824406,-0.0052244494423425028,-0.41649716270030307,0.0084658057090753278,
0.52901900000000002,-10.086008040499319,-0.64133005800474585,-0.49829665163500142,-9.6133173991569443,0.1022723272061703,-0.19927161258851014,-0.0057527325811346716,-0.41995288807620429,0.0087704209600909695,
0.53004399999999996,-10.088981231289418,-0.66409241069245062,-0.50226099072274266,-9.6133173987915193,0.10217231620603326,-0.20159888779458598,-0.0057484688079854863,-0.4199522365976488,0.008770392964491806,
0.53048200000000001,-10.088981230897456,-0.66419968457208078,-0.50475727453133046,-9.7104890423903978,0.13411380096995043,-0.20519985011629782,-0.0073190109143530463,-0.42557431218267688,0.0097001893163124672,
0.53187799999999996,-10.088981230505494,-0.66430695845171095,-0.50725355833991825,-9.7256763074958101,0.12640923920412689,-0.2131047820693297,-0.0070589777296309712,-0.42593254167883604,0.0089838212445198535,
0.53331399999999995,-10.088981230113532,-0.66441423233134111,-0.50974984214850605,-9.7099590281022614,0.11475414489159065,-0.21622945708763613,-0.0061475844753778744,-0.42547064633434384,0.0090756105454232235,
0.53397399999999995,-10.091757217606954,-0.68458121580843712,-0.52360302515900636,-9.7099590277368364,0.11465413389145361,-0.21855673229371197,-0.0061433207022286891,-0.42546999485578835,0.00907558254982406,
0.53474900000000003,-10.091757217214992,-0.68468848968806728,-0.52609930896759416,-9.6536171945267064,0.10235385820455634,-0.22225149326672014,-0.0060773211897355607,-0.42216279386428518,0.0087296836976797024,
0.53619099999999997,-10.09175721682303,-0.68479576356769745,-0.52859559277618196,-9.6399881135324392,0.073198176125960329,-0.22910633382300055,-0.0040584673689979377,-0.42054382054525052,0.0085634835399255732,
0.53761400000000004,-10.091757216431068,-0.68490303744732761,-0.53109187658476975,-9.7040430227818817,0.095813793672806707,-0.23578768844101097,-0.0053588560264798656,-0.42344328057740321,0.0090660928549491857,
0.53794200000000003,-10.122933190770079,-0.68339844221883572,-0.54149365075713396,-9.7040430224164567,0.095713782672669667,-0.23811496364708681,-0.0053545922533306803,-0.42344262909884772,0.0090660648593500221,
0.53904099999999999,-10.122933190378117,-0.68350571609846589,-0.54398993456572176,-9.796099892311803,0.12780306248210851,-0.24171080254529553,-0.0068854686970151509,-0.42727465758878935,0.0095475504424621885,
0.54050600000000004,-10.12293318993458,-0.68362743069266185,-0.54664816067336675,-9.9018111145997505,0.13974371465922483,-0.2463903852645819,-0.0073295598911983168,-0.43293694441394798,0.010326374033812069,
0.54186999999999996,-10.223635378264806,-0.65078772237566362,-0.55652212498569253,-9.901811114186243,0.13963024063983837,-0.24886863861509553,-0.0073247133200010596,-0.43293625067072455,0.010326342269574617,
0.54193999999999998,-10.223635377821269,-0.65090943696985959,-0.55918035109333752,-9.9406516721987739,0.14463035191005391,-0.24694026828244159,-0.0079251712181007006,-0.43486259221791279,0.010206556083266236,
0.54337500000000005,-10.223635377377732,-0.65103115156405555,-0.56183857720098251,-9.928040400147129,0.11569883956115697,-0.24703845127018212,-0.0063079902709954078,-0.43439666071110511,0.010201574581794264,
0.54478400000000005,-10.223635376934196,-0.65115286615825152,-0.5644968033086275,-9.8751777467898556,0.10392741447825153,-0.24407233616474955,-0.0060541471773112396,-0.43164963970384451,0.0098732865239704402,
0.54580700000000004,-10.317662859252813,-0.6219635557120442,-0.58902176257168981,-9.8751777463763482,0.10381394045886506,-0.24655058951526318,-0.0060493006061139824,-0.43164894596062109,0.009873254759732988,
0.54623299999999997,-10.317662858809276,-0.62208527030624017,-0.5916799886793348,-9.8298761918813149,0.097760762373375582,-0.24808884417188737,-0.0057403845845939161,-0.4289765001490875,0.0090230703821138469,
0.54764599999999997,-10.31766285836574,-0.62220698490043613,-0.59433821478697979,-9.849138673484326,0.11642956781705413,-0.24872541916460661,-0.0064350938485891861,-0.42965970292719841,0.0096337788715924796,
0.54908999999999997,-10.317662857922203,-0.6223286994946321,-0.59699644089462478,-9.9024935292458114,0.17142865191773643,-0.24324444397091904,-0.0092619349522975979,-0.43207956978248119,0.0094712745450825017,
0.549759,-10.280511590866066,-0.65856596185848593,-0.57778295965323812,-9.9024935288323039,0.17131517789834996,-0.24572269732143268,-0.0092570883811003406,-0.43207887603925776,0.0094712427808450496,
0.55050100000000002,-10.280511590370956,-0.65870108568763552,-0.58059157548828777,-9.9610259202981375,0.17099917458048813,-0.24317519134597496,-0.0091905976814985763,-0.43513278560033825,0.0097294648604690486,
0.55192699999999995,-10.280511589875847,-0.65883620951678512,-0.58340019132333742,-9.9892566762184778,0.14407135577904626,-0.2344034679968294,-0.0077867982997000167,-0.43720814142718839,0.01014654674302202,
0.55339000000000005,-10.280511589380737,-0.65897133334593472,-0.58620880715838708,-9.9549791906661245,0.14146926387309638,-0.22370646214821402,-0.0080184545326755577,-0.43532288979382661,0.010334111366008139,
0.55371700000000001,-10.370180140735521,-0.61326815448583738,-0.567607408971607,-9.9549791902045346,0.14134328847869293,-0.22632492322776607,-0.0080130667926094964,-0.4353221568008438,0.01033407610232066,
0.55481100000000005,-10.370180140240411,-0.61340327831498698,-0.57041602480665665,-9.9090299512803703,0.1025421739679509,-0.22172739370185351,-0.0058852179386645366,-0.43355898122951947,0.010028501315782801,
0.55622199999999999,-10.370180139745301,-0.61353840214413657,-0.57322464064170631,-9.8584957600162806,0.094555321303269643,-0.22109394456041298,-0.005236035576912379,-0.43008420194309782,0.0097055427319789247,
0.55764499999999995,-10.453884473590714,-0.57296203413045366,-0.57367787795225877,-9.8584957595546907,0.094429345908866175,-0.22371240563996503,-0.0052306478368463168,-0.43008346895011501,0.0097055074682914459,
0.55765699999999996,-10.453884473095604,-0.57309715795960325,-0.57648649378730843,-9.8873027726264855,0.12200975696432365,-0.22220036174002342,-0.006796875035737158,-0.43156521923662972,0.010389577265206998,
0.55910499999999996,-10.453884472600494,-0.57323228178875285,-0.57929510962235808,-9.9358395823955057,0.12960296657411519,-0.22439384864601392,-0.0068257789287305285,-0.43365319532017016,0.0099484198025621817,
0.56054199999999998,-10.453884472043494,-0.57338287781208008,-0.58224730741937436,-10.002658843160335,0.13161551804023519,-0.22254257442324962,-0.0072664645091183892,-0.4372217970315016,0.010305440298501849,
0.56162100000000004,-10.389080374754013,-0.61195194976506007,-0.57098978402093203,-10.002658842641047,0.13147511798235023,-0.22529489637990829,-0.0072604508249100802,-0.43722102656497974,0.010305400996987296,
0.56195799999999996,-10.389080374197013,-0.6121025457883873,-0.57394198181794831,-10.028150816723571,0.1114399455101394,-0.22123747546914338,-0.0062637797972872819,-0.43924906942695563,0.010006581873039783,
0.56338900000000003,-10.389080373640013,-0.61225314181171453,-0.57689417961496459,-9.9907217464289442,0.092894544196098605,-0.21841742888390847,-0.0053158569411792238,-0.43704326998815046,0.010006723185712385,
0.56482100000000002,-10.389080373083013,-0.61240373783504176,-0.57984637741198086,-9.9500321379695578,0.082050366457007154,-0.21736423117154338,-0.0049329708838435219,-0.4357536300155988,0.0096430088568814579,
0.56553699999999996,-10.310656098325934,-0.63551412903066407,-0.56869799979452529,-9.95003213745027,0.081909966399122194,-0.22011655312820205,-0.0049269571996352129,-0.43575285954907694,0.0096429695553669047,
0.56626100000000001,-10.310656097768934,-0.6356647250539913,-0.57165019759154156,-9.8901414986963161,0.062329894452650386,-0.22646586437300545,-0.0038886970111537836,-0.43165503695691332,0.0086081382587619489,
0.567693,-10.310656097211934,-0.63581532107731853,-0.57460239538855784,-9.9143189791557411,0.08145392169968485,-0.23185013198757309,-0.0047784865658190932,-0.43318135543005581,0.0094662041906556499,
0.56915000000000004,-10.310656096654935,-0.63596591710064576,-0.57755459318557412,-9.9562501902603522,0.10808821379604271,-0.23941748164293875,-0.006314658544442929,-0.43450765744414965,0.0090239792940318836,
0.56942800000000005,-10.35937181033658,-0.65640122436969117,-0.56724875128185348,-9.9562501897410645,0.10794781373815775,-0.24216980359959742,-0.0063086448602346201,-0.43450688697762779,0.0090239399925173304,
0.57058699999999996,-10.359371809738322,-0.65656522962797204,-0.57027789745791224,-10.033682040736361,0.11637095698111578,-0.24665466134639111,-0.0063755250998212241,-0.43892697147159399,0.0094115548283055881,
0.57202699999999995,-10.359371809140065,-0.6567292348862529,-0.573307043633971,-10.058995161682237,0.11773049365043346,-0.2514938149658848,-0.0066580561328484474,-0.44075219716168312,0.0094322593333355,
0.57337199999999999,-10.392644083210893,-0.63638149381083498,-0.59517514211817324,-10.058995161124484,0.1175775922175315,-0.25431787558225721,-0.0066514975554836644,-0.44075140661202827,0.009432216532371444,
0.57343299999999997,-10.392644082612636,-0.63654549906911584,-0.598204288294232,-10.024223644009014,0.11159588196631245,-0.25545363681249772,-0.0063365722454308219,-0.43874817066562749,0.0098281733761123348,
0.57484900000000005,-10.392644082014378,-0.6367095043273967,-0.60123343447029076,-9.9782276780404562,0.092532495297161496,-0.26151933777482717,-0.0054935879875895079,-0.43703118654109818,0.009544309432581638,
0.57629699999999995,-10.392644081416121,-0.63687350958567757,-0.60426258064634952,-9.924372069980901,0.085961602897920542,-0.26828289017690787,-0.0048647214345501153,-0.43327523499644471,0.009212207006505076,
0.57728500000000005,-10.434170185240378,-0.65640829086365904,-0.62476948223278872,-9.9243720694231481,0.08580870146501858,-0.27110695079328029,-0.0048581628571853323,-0.43327444444678986,0.0092121642055410201,
0.57773600000000003,-10.43417018464212,-0.6565722961219399,-0.62779862840884748,-9.9567483730798401,0.1097076000592979,-0.2785029313041712,-0.0058387379010014749,-0.43538611051879783,0.0099953439135242825,
0.57916000000000001,-10.434170184043863,-0.65673630138022077,-0.63082777458490624,-9.9898794283292673,0.13617580825451797,-0.28460484407597586,-0.0071576166032679854,-0.43633094481317136,0.0098805028847825729,
0.58058100000000001,-10.434170183404346,-0.65690958995500792,-0.63388239830737714,-10.041723595179624,0.15676028198489722,-0.28788947428794304,-0.0081486828758122187,-0.43999946016086844,0.010094585408839956,
0.58122099999999999,-10.391706449331439,-0.67420619950839833,-0.63558739460801261,-10.041723594583404,0.15659872575390657,-0.29073728751684802,-0.0081417456552401752,-0.43999866296057494,0.010094540185179447,
0.58203499999999997,-10.391706448691922,-0.67437948808318549,-0.63864201833048351,-10.017916743414439,0.13476656100048257,-0.29676312399820198,-0.0071728709309613415,-0.43909300489456643,0.0099069391940555009,
0.583453,-10.391706448052405,-0.67455277665797264,-0.6416966420529544,-9.9521191596287899,0.12082148574428707,-0.29907417311864593,-0.006327779144186421,-0.43629549544519836,0.010032234274546746,
0.58488700000000005,-10.391706447412888,-0.6747260652327598,-0.6447512657754253,-9.8592324411681407,0.11545695425315153,-0.30626806213557456,-0.0063210304249045977,-0.43196876844933541,0.0092448789268076096,
0.585233,-10.457022376778365,-0.63184642482962494,-0.66383647766359266,-9.8592324405719207,0.11529539802216088,-0.30911587536447954,-0.0063140932043325541,-0.4319679712490419,0.0092448337031471005,
0.58632499999999999,-10.457022376138848,-0.6320197134044121,-0.66689110138606356,-9.7857142196664526,0.089332120416791644,-0.32111475791219707,-0.0044085639585591824,-0.42765611984919927,0.0087888249233891956,
0.58778300000000006,-10.457022375499331,-0.63219300197919925,-0.66994572510853445,-9.7942267345660134,0.11381000101856886,-0.32818715979737051,-0.0058497342579588406,-0.42849244413011767,0.0092888694073018484,
0.58918000000000004,-10.457022374859815,-0.63236629055398641,-0.67300034883100535,-9.8203801901056629,0.1329922333848379,-0.33183075494839215,-0.0072241836898927856,-0.42935535344506398,0.0092498130850266133,
0.58922600000000003,-10.53538304072678,-0.65922699402179341,-0.69085473252912455,-9.8203801895094429,0.13283067715384725,-0.33467856817729713,-0.0072172464693207421,-0.42935455624477048,0.0092497678613661042,
0.590673,-10.535383040035688,-0.6594157547907582,-0.69400322089627198,-9.8675817309565677,0.10618001399251471,-0.34073808839858405,-0.0057441790508060281,-0.43247261855407326,0.0095321619233674996,
0.59208799999999995,-10.535383039344596,-0.65960451555972299,-0.69715170926341941,-9.8513653240653234,0.078641423305559177,-0.34438502456489162,-0.0046308909903725343,-0.4318462470487468,0.0098122089324735005,
0.593171,-10.405035380674239,-0.68340327124075029,-0.70373564930725607,-9.851365323421021,0.078465442411087022,-0.3473203474189166,-0.004623325304441029,-0.43184542535021064,0.0098121596709864391,
0.59348400000000001,-10.405035379983147,-0.68359203200971508,-0.7068841376744035,-9.7973646906277665,0.063540548080267267,-0.34978255506502992,-0.0040980301064829786,-0.42942201168411853,0.0098274638711368951,
0.59494599999999997,-10.405035379292055,-0.68378079277867987,-0.71003262604155093,-9.7296409495327278,0.037863127587584519,-0.3587050105411026,-0.002794986744861179,-0.42632854703894885,0.0089342628479984337,
0.59636800000000001,-10.405035378600964,-0.68396955354764466,-0.71318111440869836,-9.6748576466084142,0.048972047239875673,-0.3624267747725935,-0.0032570878740251336,-0.42315473683756022,0.0089347348348452881,
0.59711700000000001,-10.383503284023094,-0.72038931869480249,-0.71380625579811818,-9.6748576459641118,0.04879606634540351,-0.36536209762661848,-0.0032495221880936287,-0.42315391513902406,0.0089346855733582267,
0.59781300000000004,-10.383503283332002,-0.72057807946376728,-0.71695474416526561,-9.6748699608628996,0.065976076170530584,-0.36961409333536227,-0.0043199613548519714,-0.42365123093874624,0.0093802127263948546,
0.59921000000000002,-10.383503282640911,-0.72076684023273208,-0.72010323253241304,-9.6754208509275461,0.06883268764284263,-0.36819297212793445,-0.0042053678735485527,-0.42348301985341186,0.00925020975651673,
0.60067700000000002,-10.383503281887931,-0.720972104675486,-0.72335352793724794,-9.6848220634901452,0.06789220010327511,-0.36380562805128908,-0.0041549117582340657,-0.42501232603793693,0.0093868956018431059,
0.60104400000000002,-10.358798542973513,-0.69959686213287908,-0.72363016334455821,-9.6848220627881449,0.067700832901089719,-0.36683586519102113,-0.0041466757946879221,-0.42501147776798637,0.0093868420333407081,
0.60207900000000003,-10.358798542220534,-0.69980212657563301,-0.72688045874939311,-9.628187389148998,0.046496746685245213,-0.36520498848150867,-0.0030415620007606739,-0.42264217650754471,0.0093526463119390779,
0.60351999999999995,-10.358798541467554,-0.70000739101838694,-0.73013075415422801,-9.5394768673534127,0.04433864758830057,-0.36448243823617288,-0.0028905714816368409,-0.41890296222888385,0.0095834054262529302,
0.60494899999999996,-10.358798540714574,-0.70021265546114086,-0.73338104955906291,-9.4382036905949924,0.058826502581233966,-0.37094860832348031,-0.0036121892030473958,-0.41410739694879162,0.0089940737806768218,
0.604993,-10.335731956434342,-0.68117228640752525,-0.74950669200305753,-9.4382036898929922,0.058635135379048575,-0.37397884546321236,-0.0036039532395012522,-0.41410654867884106,0.008994020212174424,
0.60641400000000001,-10.335731955681362,-0.68137755085027918,-0.75275698740789243,-9.3689547869931609,0.072936596452778807,-0.37938143271274766,-0.004007025285161888,-0.41022519836786897,0.0091461513666104208,
0.60780699999999999,-10.335731954928383,-0.68158281529303311,-0.75600728281272733,-9.3678382398882665,0.0950825549047567,-0.38193717089502083,-0.0050849329585961047,-0.41024856228386647,0.0091591707429955239,
0.60891099999999998,-10.179649341017528,-0.68834718017929808,-0.75653313789189158,-9.3678382391862662,0.094891187702571309,-0.38496740803475288,-0.0050766969950499612,-0.41024771401391591,0.0091591171744931262,
0.60926999999999998,-10.179649340264548,-0.68855244462205201,-0.75978343329672648,-9.3967827026461812,0.10364931211669479,-0.3844725359962588,-0.0057415288421518882,-0.41162253905067187,0.008850742699307499,
0.61068199999999995,-10.179649339459994,-0.68877008682014806,-0.76306611716137285,-9.4398231038451623,0.10234831897846916,-0.38102953955320507,-0.0054732204854525766,-0.41422230390033582,0.008778892611875368,
0.612097,-10.179649338655439,-0.68898772901824412,-0.76634880102601921,-9.4253373887467173,0.1050770842931478,-0.37968249449835162,-0.0056151313430298205,-0.41398063886563796,0.0094319214020849324,
0.61282999999999999,-10.033973687520925,-0.68066410197309646,-0.76645274388698514,-9.4253373879966347,0.10487417736017714,-0.38274292726697123,-0.0056063904416692846,-0.41397978214106523,0.0094318646033207717,
0.613533,-10.03397368671637,-0.68088174417119252,-0.76973542775163151,-9.3546013457486179,0.10630762846844807,-0.38203809001527311,-0.0055435523693771844,-0.41072062434362472,0.0093709813764383029,
0.61501499999999998,-10.033973685911816,-0.68109938636928857,-0.77301811161627787,-9.2726641300686428,0.10083169130751062,-0.38993031683531826,-0.0053343761396486321,-0.40701187696207386,0.0092028721970545402,
0.61643400000000004,-10.033973685107261,-0.68131702856738463,-0.77630079548092423,-9.2156003347509099,0.10162048490559578,-0.39543147722538829,-0.0051634784246295043,-0.40311797295250984,0.0095397724380532119,
0.61673599999999995,-10.069916956783576,-0.67386129083748691,-0.77565459341546583,-9.2156003340008272,0.10141757797262511,-0.39849190999400791,-0.0051547375232689685,-0.40311711622793711,0.0095397156392890512,
0.61785599999999996,-10.069916955979021,-0.67407893303558297,-0.77893727728011219,-9.2421392328380172,0.1214173690023736,-0.40482476108838689,-0.0063732644448234498,-0.40457103655518928,0.0095106009363196096,
0.61929599999999996,-10.069916955174467,-0.67429657523367903,-0.78221996114475856,-9.2944461832561327,0.111451387023506,-0.41179730075649357,-0.0059183011957110558,-0.4063892239239395,0.0091608020973036226,
0.62068800000000002,-9.9485410597749606,-0.67167115978412584,-0.78301892915665461,-9.2944461824772002,0.11123790200398267,-0.41488215928860822,-0.0059090972577139416,-0.40638836036071846,0.009160742337467007,
0.62073599999999995,-9.9485410589394618,-0.67190014825795175,-0.78632781260344142,-9.3782953163421023,0.11045077648723595,-0.41957453842183445,-0.0056762641897330837,-0.41089338260693686,0.009567729591745398,
0.62214499999999995,-9.9485410581039631,-0.67212913673177765,-0.78963669605022824,-9.4149637027786941,0.12304132293224344,-0.42269640003969261,-0.0067246836394469593,-0.41311787006302814,0.0098373901738625751,
0.62358199999999997,-9.9485410572684643,-0.67235812520560356,-0.79294557949701505,-9.3996373679901986,0.10354158198107759,-0.42963885048222084,-0.0055934131584644987,-0.41193107990149397,0.0098088725041886454,
0.62463299999999999,-9.8351973642120463,-0.67075714406480025,-0.79327404092389397,-9.3996373672112661,0.10332809696155426,-0.43272370901433549,-0.0055842092204673845,-0.41193021633827293,0.0098088127443520298,
0.62500100000000003,-9.8351973633765475,-0.67098613253862616,-0.79658292437068079,-9.3666576907818051,0.094439054355465638,-0.44401420279769338,-0.005114677185585427,-0.41040836116914237,0.00965155788380654,
0.62643400000000005,-9.8351973625410487,-0.67121512101245207,-0.7998918078174676,-9.3385938700728417,0.10929481199846158,-0.44912893533449577,-0.0058870475328991348,-0.40781166461183815,0.0098542460921940689,
0.62786500000000001,-9.8351973617055499,-0.67144410948627797,-0.80320069126425442,-9.3880151202783786,0.11564506209637038,-0.45627039527065583,-0.0063088571185828841,-0.4105372893489051,0.0099956001895782579,
0.62860499999999997,-9.9083495784197151,-0.66994430231009661,-0.81736657213429553,-9.3880151194994461,0.11543157707684705,-0.45935525380277048,-0.00629965318058577,-0.41053642578568406,0.0099955404297416423,
0.62932100000000002,-9.9083495775842163,-0.67017329078392252,-0.82067545558108235,-9.4334533466857486,0.11078928875010899,-0.46601201029584233,-0.0059257316022761439,-0.41209537453463424,0.0095095911252353546,
0.63072799999999996,-9.9083495767074581,-0.67041156257425527,-0.82394421447096899,-9.502181202822868,0.12779332333771903,-0.46644494990453028,-0.0068700179289700198,-0.41595608407543566,0.0098390266965863189,
0.632162,-9.9083495758306999,-0.67064983436458803,-0.82721297336085564,-9.517209318711302,0.13147141872145962,-0.47136496496627583,-0.0068613469282226688,-0.41664061414613435,0.0097578380145068658,
0.63251100000000005,-9.9458107936150668,-0.6606379318960568,-0.84973546197008154,-9.5172093178939043,0.13124927890384708,-0.47441241553776226,-0.0068517610202669258,-0.41663976105264811,0.0097577758319737952,
0.633656,-9.9458107927383086,-0.66087620368638955,-0.85300422085996819,-9.5006950193564101,0.1278746567644532,-0.47995668631304511,-0.0064986456564526309,-0.41579569977427255,0.0095382622345750664,
0.63506399999999996,-9.9458107918615504,-0.66111447547672231,-0.85627297974985483,-9.4714424694868828,0.13217945208951326,-0.48702189828299808,-0.006639313949038851,-0.41432155805897258,0.0089800560791993885,
0.63644500000000004,-9.9807864290178561,-0.60050987393741306,-0.87752029602634807,-9.4714424686694851,0.13195731227190072,-0.4900693488544845,-0.0066297280410831079,-0.41432070496548634,0.0089799938966663179,
0.63648499999999997,-9.9807864281410978,-0.60074814572774582,-0.88078905491623471,-9.460140472975203,0.14064253390403503,-0.49484104056031214,-0.0069474393130007778,-0.41256507373782858,0.0093383212761158647,
0.63791900000000001,-9.9807864272643396,-0.60098641751807858,-0.88405781380612136,-9.5160697440826585,0.1596510453051582,-0.49524112523959724,-0.0079905652257745829,-0.41544998913521702,0.0096944875312287501,
0.63933399999999996,-9.9807864263875814,-0.60122468930841133,-0.88732657269600801,-9.5839584541843941,0.1521727115277576,-0.49703016422279706,-0.0074179881121175144,-0.41813186353577281,0.0091478991530452494,
0.64038899999999999,-9.9502516841388235,-0.61624631640762961,-0.89712630069400234,-9.5839584533381466,0.15194191691205672,-0.50007309506639275,-0.0074080220231166408,-0.41813101170620492,0.0091478345478162477,
0.64079799999999998,-9.9502516832311212,-0.61649387151446844,-0.90039021162971344,-9.6581454285344552,0.1636499030478834,-0.49606877142183509,-0.0078767374334065311,-0.42248582877941587,0.0095108987478048287,
0.642181,-9.9502516823234188,-0.61674142662130726,-0.90365412256542454,-9.6564087664885516,0.17460342920749086,-0.49506147519735355,-0.0085444535736361234,-0.42226491822771423,0.0095637401585457853,
0.64361599999999997,-9.9502516814157165,-0.61698898172814609,-0.90691803350113565,-9.6159392087216862,0.15662992043794724,-0.49562120970126372,-0.0077718859429895468,-0.42070956525477488,0.0092213880382718393,
0.64432500000000004,-10.05781090551503,-0.61543634830906169,-0.90735195978979277,-9.6159392078754387,0.15639912582224635,-0.49866414054485936,-0.0077619198539886731,-0.42070871342520699,0.0092213234330428377,
0.64506200000000002,-10.057810904607328,-0.61568390341590051,-0.91061587072550387,-9.5426638663219361,0.14499361030259963,-0.50124469413025807,-0.0074624529457758661,-0.41705235647206168,0.0084995176494887699,
0.64649599999999996,-10.057810903699625,-0.61593145852273934,-0.91387978166121497,-9.4924266639323385,0.13024600072390571,-0.50370698612608145,-0.0067659616296770761,-0.41371065339944851,0.0089382421436627682,
0.64792700000000003,-10.057810902791923,-0.61617901362957817,-0.91714369259692607,-9.5238571313227585,0.12755408580152744,-0.50343173578204103,-0.0066949095413644018,-0.41537581650194305,0.0093158447614874792,
0.64828399999999997,-10.158272891310885,-0.56597657325384765,-0.91712852091314878,-9.5238571304765109,0.12732329118582655,-0.50647466662563667,-0.0066849434523635282,-0.41537496467237517,0.0093157801562584776,
0.64935699999999996,-10.158272890403182,-0.56622412836068647,-0.92039243184885988,-9.5817914067933359,0.11978668884419219,-0.50779688525439859,-0.0065200324421124068,-0.41761767227631713,0.0085690209021244811,
0.65078899999999995,-10.158272889433592,-0.56648818714131488,-0.92373473523506999,-9.6632773951331554,0.11806309905649341,-0.50589538844423809,-0.0064221772857107114,-0.42255108437063904,0.0089586174581347804,
0.65222100000000005,-10.158272888464001,-0.56675224592194329,-0.9270770386212801,-9.6693158656757525,0.12254760434301643,-0.50206433741899903,-0.0071129554730109505,-0.42260709654290807,0.0092142779193073662,
0.652227,-10.053538041190418,-0.59105829227918316,-0.91829748251398891,-9.6693158647718072,0.12230142341960179,-0.50518035322423338,-0.0071023179190171839,-0.42260622425249939,0.0092142090070630282,
0.65366599999999997,-10.053538040220827,-0.59132235105981157,-0.92163978590019902,-9.6416952494074515,0.090817626579584837,-0.50237338909699647,-0.0058695139724299749,-0.42166818433574305,0.0087686752033998769,
0.65507499999999996,-10.053538039251237,-0.59158640984043998,-0.92498208928640913,-9.5833296868940518,0.039737406151275738,-0.5018366314148045,-0.0032017176586599996,-0.41831579133877211,0.0082779136571240232,
0.65615999999999997,-10.114568827079712,-0.59909550661748678,-0.91955152952835018,-9.5833296859901065,0.039491225227861096,-0.50495264722003885,-0.0031910801046662325,-0.41831491904836343,0.0082778447448796852,
0.65650699999999995,-10.114568826110121,-0.59935956539811519,-0.92289383291456029,-9.5738040772380302,0.030771004224725923,-0.50095822297569981,-0.0028793625956857142,-0.41694025070273277,0.0089356395999636226,
0.65795800000000004,-10.11456882514053,-0.5996236241787436,-0.9262361363007704,-9.6201757172123923,0.031204026271745358,-0.50356621546984737,-0.0029095696168609333,-0.41944385520108296,0.0087141147573317861,
0.65939099999999995,-10.11456882417094,-0.599887682959372,-0.92957843968698051,-9.6850688137483605,0.038079451678860565,-0.50483605289413469,-0.0028025268751967025,-0.42186907186623485,0.0091472924417028735,
0.66009799999999996,-10.17155099890596,-0.61696257869738735,-0.92394648135620738,-9.6850688128444151,0.037833270755445923,-0.50795206869936904,-0.0027918893212029354,-0.42186819957582616,0.0091472235294585355,
0.66082200000000002,-10.171550997843536,-0.61725242446831119,-0.92745908202633054,-9.76666519981306,0.073454344944838545,-0.50612232656157452,-0.0049127089084550195,-0.42675058174153785,0.010078392785374177,
0.66223699999999996,-10.171550996781111,-0.61754227023923502,-0.9309716826964537,-9.7682539742152183,0.066657048452404194,-0.50351807145595917,-0.0044335557516707235,-0.42653577198252829,0.0097406114863873936,
0.66367600000000004,-10.171550995718686,-0.61783211601015886,-0.93448428336657685,-9.737967289435753,0.033911378546761572,-0.49963733581803871,-0.0030147444194679636,-0.42576016325959887,0.0096448659071224838,
0.66401600000000005,-10.221244945293545,-0.63290472905299888,-0.94119315430204287,-9.7379672884452599,0.033641156517545005,-0.50291211908599076,-0.0030030601258713412,-0.42575924652240871,0.0096447902651668801,
0.66514300000000004,-10.22124494423112,-0.63319457482392272,-0.94470575497216602,-9.6605938706774221,0.007021183363459034,-0.50042077846039612,-0.0018327194583488949,-0.42162955760669552,0.0089047941489187651,
0.66654999999999998,-10.221244943168696,-0.63348442059484655,-0.94821835564228918,-9.6251512757550941,0.006628673437019476,-0.498121677678524,-0.001505709279430484,-0.4196195396262884,0.0090249767861638169,
0.66795099999999996,-10.166682456810912,-0.68312220374301647,-0.95621530031942559,-9.6251512747646011,0.0063584514078029123,-0.50139646094647605,-0.0014940249858338619,-0.41961862288909824,0.0090249011442082132,
0.66800999999999999,-10.166682455748488,-0.6834120495139403,-0.95972790098954874,-9.626944678881264,0.045509153554203929,-0.50210111716183448,-0.0034343785001828856,-0.42010971003006459,0.0086492058943148722,
0.66941200000000001,-10.166682454686063,-0.68370189528486414,-0.9632405016596719,-9.6310259873524746,0.070655574924259626,-0.50462560854124716,-0.0043492205275060033,-0.42021710148829167,0.0088212950452339917,
0.67086100000000004,-10.166682453572065,-0.68400205585190654,-0.96673989939076366,-9.6312388419008776,0.10048255882181671,-0.50275534444903425,-0.006053117105157357,-0.42154429465152116,0.0096305482025754591,
0.67190799999999995,-10.115720183961512,-0.72799795621907915,-0.94702556556537454,-9.6312388408623022,0.10020272035027904,-0.50601781867081552,-0.0060410099918032862,-0.42154338135782998,0.0096304698687346146,
0.67227599999999998,-10.115720182847515,-0.72829811678612155,-0.9505249632964663,-9.5615707870185602,0.093997227100648659,-0.50250093101384274,-0.0057566053793178407,-0.41793611461907709,0.0093432338664547979,
0.67370799999999997,-10.115720181733517,-0.72859827735316396,-0.95402436102755805,-9.4882558747877681,0.047658317953510942,-0.50585523529483767,-0.0033438963227612924,-0.41542458529024784,0.0091313899360367344,
0.67513800000000002,-10.115720180619519,-0.72889843792020637,-0.95752375875864981,-9.4003224820811226,0.047395263138998285,-0.50924842266576054,-0.003292247031913905,-0.41014777896954135,0.008786798302389669,
0.67580600000000002,-10.12386808767303,-0.68954863063597027,-0.95911511002626082,-9.4003224810425472,0.047115424667460604,-0.51251089688754181,-0.0032801399185598342,-0.41014686567585018,0.0087867199685488246,
0.67657400000000001,-10.123868086559032,-0.68984879120301268,-0.96261450775735258,-9.3957781319017855,0.073794603647774196,-0.5220341036171724,-0.0046197454804855018,-0.41035389829516572,0.0094561463849176918,
0.67801299999999998,-10.123868085445034,-0.69014895177005509,-0.96611390548844434,-9.4174894630422354,0.10453697835451603,-0.5346398196640495,-0.0057642568399309301,-0.41045673345109651,0.0094086459997887589,
0.67943500000000001,-10.123868084331036,-0.69044911233709749,-0.96961330321953609,-9.4962063545840376,0.13268881619880479,-0.54273900629457072,-0.0074049743076344534,-0.41505424705725641,0.0091843717199893721,
0.67975300000000005,-10.034179751736355,-0.68069183173336978,-0.97067443332645165,-9.4962063535454622,0.13240897772726712,-0.546001480516352,-0.0073928671942803826,-0.41505333376356524,0.0091842933861485277,
0.68086599999999997,-10.034179750539838,-0.68101777929070784,-0.97431627839193691,-9.5423568493726858,0.11893362571188294,-0.55191269563288647,-0.006549171044740355,-0.41722774273622659,0.0082094301917598218,
0.68233100000000002,-10.034179749343322,-0.68134372684804589,-0.97795812345742217,-9.5512046854739516,0.09357180621448985,-0.55390083499698328,-0.0053690719263553583,-0.41755133008269807,0.0086646177519670124,
0.68368700000000004,-9.9504375399935689,-0.67263223544169737,-0.98834411114883924,-9.5512046843584439,0.09326792663715007,-0.55729611228721587,-0.005355916661098325,-0.41755037961073066,0.0086645326884154245,
0.68376700000000001,-9.9504375387970523,-0.67295818299903543,-0.9919859562143245,-9.5418247498237569,0.064681723552258139,-0.56510805185870305,-0.0039230359885543175,-0.41678427988759759,0.007974230784350821,
0.68518199999999996,-9.9504375376005356,-0.67328413055637348,-0.99562780127980977,-9.5446930983528127,0.054428094691697987,-0.5784339180801028,-0.0031665971121421213,-0.41636684794309381,0.00800644625348375,
0.68662299999999998,-9.950437536404019,-0.67361007811371154,-0.99926964634529503,-9.5836362534186854,0.094343064622732772,-0.59129058015186109,-0.0053967204775545591,-0.41794024614268016,0.010171239279296897,
0.68764800000000004,-9.9893977843320361,-0.7034524956812872,-0.9971706263816652,-9.5836362523031777,0.094039185045392992,-0.59468585744209368,-0.0053835652122975258,-0.41793929567071275,0.010171154215745309,
0.68804600000000005,-9.9893977831355194,-0.70377844323862526,-1.0008124714471505,-9.6476578583906605,0.10517031023330062,-0.61245341147031218,-0.0058926885311642689,-0.42019530155584234,0.010901362896687871,
0.68947700000000001,-9.9893977819390027,-0.70410439079596332,-1.0044543165126358,-9.7418260989700212,0.10358710043873273,-0.62752654531080931,-0.0054981751435840744,-0.42493058725050886,0.010600759133213879,
0.69090300000000004,-9.9893977806599672,-0.70445406238437336,-1.0082104495191118,-9.8133100178860371,0.11951521546404872,-0.63674967288006679,-0.0068199250634879208,-0.42812864230800651,0.010352193249385326,
0.69163300000000005,-10.092540316269483,-0.67778341447313772,-1.0058256267177836,-9.8133100166935989,0.11918921806937101,-0.64025150035121481,-0.0068058046483801156,-0.42812766200660246,0.010352101994499518,
0.69233800000000001,-10.092540314990448,-0.67813308606154776,-1.0095817597242596,-9.8485168816388544,0.11027266700954941,-0.6509457851170305,-0.0059570052625035506,-0.42986687059645989,0.010288770965954888,
0.69375900000000001,-10.092540313711412,-0.6784827576499578,-1.0133378927307355,-9.8448885901710437,0.12257727160205883,-0.66218746035972564,-0.0064141753624367883,-0.42925453777415079,0.0093447137908875457,
0.69518800000000003,-10.092540312432376,-0.67883242923836784,-1.0170940257372114,-9.8503595537193487,0.15303798523884882,-0.66948557698247513,-0.0081812605969167323,-0.42930588318098734,0.0086978583973718951,
0.69560999999999995,-10.188888629901982,-0.6550283509266861,-1.0503695614622202,-9.8503595525269105,0.15271198784417109,-0.67298740445362315,-0.0081671401818089271,-0.42930490287958328,0.0086977671424860875,
0.69665900000000003,-10.188888628622946,-0.65537802251509614,-1.0541256944686961,-9.8730907459666444,0.1664109746478547,-0.67929854480800922,-0.0085510948675500131,-0.42964022431296844,0.0088819212639968236,
0.69811100000000004,-10.188888627343911,-0.65572769410350618,-1.057881827475172,-9.9305343919730511,0.18550306712586626,-0.67825054701265808,-0.0095267750083113771,-0.43290859704984846,0.0089708257888420889,
0.69951300000000005,-10.188888626064875,-0.65607736569191621,-1.0616379604816479,-9.9655414102643096,0.18182532817425406,-0.67621893187786553,-0.009225627136135851,-0.43436361707636784,0.0093101125482949378,
0.69954099999999997,-10.203957148749176,-0.63970094950717049,-1.0804485276786882,-9.9655414090718715,0.18149933077957633,-0.67972075934901355,-0.0092115067210280458,-0.43436263677496378,0.0093100212934091302,
0.70095200000000002,-10.203957147397936,-0.64006712476936978,-1.0842398341399275,-9.973485140065538,0.17885915479123451,-0.67464606716412356,-0.0091243839977143745,-0.43523795851751834,0.0098358980895075238,
0.70240899999999995,-10.203957146046697,-0.64043330003156906,-1.0880311406011669,-9.9434155857645425,0.18968952897948527,-0.67090569003236167,-0.0097267911170671982,-0.4341326005723849,0.0091334354868612896,
0.70351699999999995,-10.267166745521772,-0.64011786981413099,-1.1057218933984454,-9.9434155845047894,0.18934814527709415,-0.67444030957182377,-0.0097119970452859902,-0.43413161108870602,0.0091333399249596235,
0.70380799999999999,-10.267166744170533,-0.64048404507633028,-1.1095131998596848,-9.8873774338145513,0.1790306721967255,-0.67481381409739638,-0.009322923487911413,-0.43123874963047926,0.0089915879142267105,
0.70524699999999996,-10.267166742819294,-0.64085022033852956,-1.1133045063209241,-9.8486071315495813,0.17576707229532776,-0.67343819258517768,-0.009073590806370305,-0.42923144460348084,0.0092145978963280584,
0.70668799999999998,-10.267166741468055,-0.64121639560072885,-1.1170958127821635,-9.8552816860547114,0.17826577956535797,-0.66952548873614626,-0.0095095079272880471,-0.42895170298839075,0.0091780030477612903,
0.70743599999999995,-10.326150733106395,-0.64081348687137207,-1.1057610872736467,-9.8552816847949583,0.17792439586296685,-0.67306010827560836,-0.0094947138555068391,-0.42895071350471187,0.0091779074858596241,
0.70809699999999998,-10.326150731755156,-0.64117966213357136,-1.1095523937348861,-9.913549681398905,0.14465999221711978,-0.66684259631266651,-0.0078234595857861258,-0.43223824560839513,0.0091336903617031517,
0.70953999999999995,-10.326150730403917,-0.64154583739577065,-1.1133437001961255,-9.9630748694883309,0.13296267515150856,-0.66074949894559343,-0.0073779491684909529,-0.4346165761723596,0.009174008788726408,
0.710955,-10.326150728928901,-0.64194811444438415,-1.1173413025797307,-9.9902665216722184,0.13672887111187962,-0.65078600037623513,-0.0080083345232615337,-0.43683412681876882,0.0098635208120915231,
0.71135700000000002,-10.288258530058503,-0.6441884070422691,-1.1048308887742353,-9.9902665202970677,0.13635382986136529,-0.65451294876211485,-0.0079920733871835237,-0.43683308349237165,0.0098634158285943966,
0.71238500000000005,-10.288258528583487,-0.6445906840908826,-1.1088284911578405,-9.9448620263289023,0.10853930119536807,-0.65416695364540456,-0.0066726783043341772,-0.43462507969561304,0.009612978477000312,
0.71383099999999999,-10.288258527108471,-0.64499296113949611,-1.1128260935414458,-9.8732064731776052,0.095109226604391112,-0.64963838261828089,-0.006541029457193176,-0.43158377013781679,0.0093112119729142732,
0.71524100000000002,-10.288258525633456,-0.64539523818810962,-1.116823695925051,-9.7949168238004631,0.072056359728443084,-0.64558425753209259,-0.0053859663690895565,-0.42761462932911415,0.0086183786511636693,
0.71533199999999997,-10.287670693765625,-0.66961885250464659,-1.1043303010672221,-9.7949168224253125,0.071681318477928746,-0.64931120591797231,-0.0053697052330115465,-0.42761358600271698,0.0086182736676665428,
0.71667499999999995,-10.287670692290609,-0.6700211295532601,-1.1083279034508273,-9.7712549205618799,0.040186519144594451,-0.64631158292686541,-0.0035916611647520257,-0.42616110636599069,0.0089400631101110625,
0.71810600000000002,-10.287670690815593,-0.67042340660187361,-1.1123255058344326,-9.7981014013398511,0.036013445127212301,-0.63777256132554461,-0.0039216787625578862,-0.42759919695003612,0.0088442321442029972,
0.71923400000000004,-10.287122260384225,-0.69180552022265329,-1.095624546137608,-9.7981013999647004,0.035638403876697963,-0.64149950971142433,-0.0039054176264798767,-0.42759815362363895,0.0088441271607058707,
0.71955000000000002,-10.287122258909209,-0.6922077972712668,-1.0996221485212132,-9.8488488459530057,0.020937024343785769,-0.63778657625994872,-0.0029904557106667303,-0.42990560695968999,0.008559978893312099,
0.72099800000000003,-10.287122257331045,-0.69263792426939952,-1.1037398151316353,-9.8974335868793855,0.027965738408914465,-0.63247224442323913,-0.0032489284407574747,-0.43325385612309714,0.0086823193616777459,
0.722414,-10.287122255752882,-0.69306805126753224,-1.1078574817420574,-9.867834460172908,0.048759023940938992,-0.62769757470813692,-0.0046882777914691309,-0.43193166222549106,0.0083389340447029437,
0.72321000000000002,-10.306157854925392,-0.71787470243116613,-1.0931413957429674,-9.8678344587015925,0.048358018296158406,-0.63153645848263162,-0.0046708829383728234,-0.43193058756135866,0.008338821793117502,
0.72384999999999999,-10.306157853347228,-0.71830482942929885,-1.0972590623533895,-9.7990655824637205,0.012065085260315273,-0.63427487054349219,-0.0026237172190476999,-0.42908826017262569,0.0084793466279621532,
0.72528099999999995,-10.306157851769065,-0.71873495642743157,-1.1013767289638117,-9.706258483973933,0.022602187444673717,-0.63512526370717293,-0.0030132087122556406,-0.42427820825528978,0.0081639554411639236,
0.726719,-10.306157850190901,-0.71916508342556429,-1.1054943955742338,-9.6604147957934714,0.033356616486379775,-0.63833983271054073,-0.0036062490282972644,-0.42149460472553107,0.0083596822862284804,
0.72712500000000002,-10.334566081624967,-0.74074923914685253,-1.0908878985084822,-9.6604147943221559,0.032955610841599189,-0.64217871648503544,-0.0035888541752009569,-0.42149353006139867,0.0083595700346430386,
0.72815600000000003,-10.334566080046804,-0.74117936614498525,-1.0950055651189043,-9.6764110740961371,0.037702696178752208,-0.65175979065956602,-0.003282648336018506,-0.42242431814549097,0.0082044090666659481,
0.72961200000000004,-10.33456607846864,-0.74160949314311797,-1.0991232317293265,-9.7173376742814579,0.076553206785217959,-0.65924867920133556,-0.0052006340127880015,-0.4241906808947517,0.0082943410985226122,
0.73101000000000005,-10.334566076787329,-0.74206747009077012,-1.1033399203824843,-9.7785460431595084,0.095383465630205111,-0.67130345946885772,-0.0062274080767269237,-0.42756645047148872,0.008767035135545255,
0.73109000000000002,-10.239060626038606,-0.76111353240235446,-1.0867111464835826,-9.778546041592028,0.094956495591158097,-0.67523466108963293,-0.0062088784395411241,-0.42756534996106166,0.008766915615871498,
0.73244600000000004,-10.239060624357295,-0.76157150935000661,-1.0909278351367404,-9.8060582898427597,0.10067395036023948,-0.68574925204320636,-0.0061070719887327367,-0.42865110863461747,0.0089239157916008397,
0.73386099999999999,-10.239060622675984,-0.76202948629765876,-1.0951445237898982,-9.8247854561803969,0.10791059864956311,-0.69353190383250163,-0.0068041125819106336,-0.42943770779500107,0.008875340842473451,
0.73500200000000004,-10.305897841391118,-0.71394660922323849,-1.1189082122134582,-9.8247854546129165,0.10748362861051609,-0.69746310545327683,-0.006785582944724834,-0.429436607284574,0.0088752213227996941,
0.73530399999999996,-10.305897839709807,-0.71440458617089064,-1.123124900866616,-9.8364068338511697,0.075120974995275508,-0.71041706919597036,-0.0053067451781766053,-0.42976381965505805,0.0085960042394736536,
0.73674300000000004,-10.305897838028496,-0.71486256311854279,-1.1273415895197738,-9.8558869783500018,0.06968025734495982,-0.71812457018110809,-0.0049125551356030139,-0.42966540418826815,0.009599147998664348,
0.73816800000000005,-10.305897836347185,-0.71532054006619494,-1.1315582781729316,-9.9225007451079357,0.07814129720981694,-0.72771019688837557,-0.0055983068252356653,-0.4328956664810743,0.0095747435837079363,
0.73893699999999995,-10.360680286117784,-0.73627842525845399,-1.1537235278712208,-9.9225007435404553,0.077714327170769926,-0.73164139850915078,-0.0055797771880498658,-0.43289456597064724,0.0095746240640341793,
0.73959399999999997,-10.360680284436473,-0.73673640220610614,-1.1579402165243786,-9.9950496334049124,0.06107619307097311,-0.74455794403530662,-0.0043159326104939911,-0.43589930011799705,0.0091621723045053963,
0.74102900000000005,-10.360680282621068,-0.73722841798094862,-1.1622971864047451,-10.070421323583195,0.083155650633042394,-0.75491251308220386,-0.0056871339989025054,-0.43981488470151625,0.0098694487368076716,
0.74247399999999997,-10.360680280805664,-0.73772043375579111,-1.1666541562851116,-10.094575391420772,0.079648697518786629,-0.76827103169519328,-0.0055075925048188616,-0.44081773263046764,0.0091727378854481283,
0.74286600000000003,-10.371173698139055,-0.75618735690152639,-1.1774336166527373,-10.094575389728279,0.079189993220080732,-0.77233301693153245,-0.0054876768857064721,-0.44081659550494895,0.0091726094825549144,
0.74391099999999999,-10.37117369632365,-0.75667937267636887,-1.1817905865331038,-10.095016221068438,0.07014984434427704,-0.78247134533323537,-0.0048778175575586499,-0.44059557988850773,0.0084358524353235088,
0.74532900000000002,-10.371173694508245,-0.75717138845121135,-1.1861475564134702,-10.090697667524378,0.073568504183016914,-0.78968999724819966,-0.0052733551543718742,-0.44012551553211371,0.0081132022139283298,
0.74675800000000003,-10.371173692692841,-0.75766340422605383,-1.1905045262938367,-10.115141687211205,0.058795474495303805,-0.79452150606149352,-0.0042987856556271917,-0.44097069695969621,0.0078852001458270676,
0.74680400000000002,-10.470838064566905,-0.74052190842104704,-1.2220849883674403,-10.115141685518712,0.058336770196597908,-0.79858349129783268,-0.0042788700365148022,-0.44096955983417752,0.0078850717429338538,
0.748193,-10.470838062751501,-0.74101392419588952,-1.2264419582478068,-10.152380176149764,0.075579484710066452,-0.79717114009152334,-0.0050357709099788069,-0.44343815330153591,0.0080441831671130351,
0.74964299999999995,-10.470838060936096,-0.741505939970732,-1.2307989281281733,-10.139719213654942,0.091125774697893069,-0.79384739071764421,-0.0060276795590251363,-0.44277625446431074,0.0089448918754016522,
0.75076399999999999,-10.563926672430972,-0.7337280361480657,-1.2606286822362898,-10.139719211904749,0.09064783751454529,-0.79791995404053628,-0.0060069202148491114,-0.44277511437518824,0.0089447580887400523,
0.75109300000000001,-10.563926670553679,-0.73424068151514488,-1.2649969983923863,-10.111608486941378,0.082575459057099398,-0.79447715921565398,-0.0051772079341421487,-0.44230220821859517,0.0094637066310259976,
0.75251599999999996,-10.563926668676386,-0.73475332688222406,-1.2693653145484829,-10.039069747527284,0.092661833046529266,-0.79168488486116584,-0.0057446752765038375,-0.4389443078446858,0.008431662615898089,
0.75394000000000005,-10.563926666799093,-0.73526597224930323,-1.2737336307045795,-9.9590638693455329,0.10012451673803653,-0.79146930554466288,-0.006259868754704084,-0.43587500499696991,0.0085831136215754316,
0.75465800000000005,-10.612207072981594,-0.72819869762008071,-1.2753123289125772,-9.95906386759534,0.099646579554688752,-0.79554186886755496,-0.0062391094105280591,-0.43587386490784741,0.0085829798349138318,
0.75538499999999997,-10.612207071104301,-0.72871134298715989,-1.2796806450686737,-9.8633991976695565,0.097484518747899401,-0.79431819518976121,-0.0056358100635082418,-0.43091435179983384,0.0086512285861209334,
0.75680099999999995,-10.612207069227008,-0.72922398835423907,-1.2840489612247703,-9.8216153092735148,0.12269292277345478,-0.79129383761009398,-0.0069902345360167498,-0.42928795502495881,0.0081675812375051875,
0.75821799999999995,-10.612207067349715,-0.72973663372131825,-1.2884172773808669,-9.8042106771258251,0.12012746209463222,-0.78661549292298816,-0.0069373498659168423,-0.42873082553900815,0.0078302249773759148,
0.75860899999999998,-10.481877331646436,-0.71037118081996131,-1.2773798378544816,-9.8042106753756322,0.11964952491128444,-0.79068805624588023,-0.0069165905217408175,-0.42872968544988566,0.007830091190714315,
0.75967099999999999,-10.481877329769143,-0.71088382618704049,-1.2817481540105782,-9.7985869304750945,0.12580336124221042,-0.78468196628929709,-0.0068137635552687915,-0.42868596842994838,0.008677773713133342,
0.76108600000000004,-10.481877327737127,-0.71143773073859284,-1.2863072938948632,-9.7815164777845087,0.14462546944204593,-0.78128523755598045,-0.0081171662580376957,-0.42893165159126984,0.0090596378728354087,
0.76253599999999999,-10.481877325705112,-0.7119916352901452,-1.2908664337791482,-9.7098182255588235,0.13757882719161771,-0.78211279984784887,-0.0073345768335270813,-0.42554560628836868,0.008694111242209682,
0.76255700000000004,-10.360165846578616,-0.70003395650871125,-1.2799024800556735,-9.7098182236643851,0.13706242423898651,-0.78636326735367723,-0.0073121385653318102,-0.42554441639308538,0.0086939666880097403,
0.76394499999999999,-10.3601658445466,-0.70058786106026361,-1.2844616199399586,-9.6323558808138756,0.16248664354623465,-0.78503772967679464,-0.00895914974161292,-0.42271685081834498,0.0082711536339769905,
0.76541000000000003,-10.360165842514585,-0.70114176561181596,-1.2890207598242436,-9.5305488300414734,0.16279575183171333,-0.78429749403755256,-0.0091589983484199056,-0.4174574291872668,0.0079082421324710838,
0.766513,-10.340836158540842,-0.6903983220711416,-1.269416071757506,-9.530548828147035,0.16227934887908213,-0.78854796154338092,-0.0091365600802246344,-0.4174562392919835,0.0079080975782711421,
0.76684300000000005,-10.340836156508827,-0.69095222662269395,-1.2739752116417911,-9.4816828004810088,0.13043731804055381,-0.78747596789699204,-0.0070752020399765924,-0.41513239358621024,0.0084683968381107175,
0.76825200000000005,-10.340836154476811,-0.69150613117424631,-1.2785343515260761,-9.4673836678608989,0.14075142067096788,-0.78126022478211254,-0.0078951757980976287,-0.41471256701024484,0.0077969972627070974,
0.76967399999999997,-10.340836152444796,-0.69206003572579866,-1.2830934914103611,-9.471307301271084,0.1211352893167305,-0.7800971986766182,-0.006702415095657218,-0.41503616259896675,0.0076977409021733818,
0.77043700000000004,-10.188619014548156,-0.67913346074025138,-1.2671336598107503,-9.4713072992900962,0.12059676854676135,-0.78436689906708834,-0.006679006928098247,-0.41503496731611883,0.0076975901566386975,
0.77113100000000001,-10.188619012423308,-0.67971108932287572,-1.2717134292872718,-9.4638206758711512,0.10883952802604063,-0.78865578868288633,-0.0060513454138244414,-0.41587371586020999,0.0085143879882432494,
0.77254900000000004,-10.18861901029846,-0.68028871790550005,-1.2762931987637933,-9.3926418421398647,0.12972923986446827,-0.79306077492285032,-0.0077064723137856266,-0.41217229854393994,0.0083731105332248111,
0.77398400000000001,-10.188619008173612,-0.68086634648812439,-1.2808729682403148,-9.32492534213252,0.10894356025045257,-0.80098300193784489,-0.0064870892360642043,-0.40935227245717026,0.0083963591166362102,
0.77436899999999997,-10.046508308296968,-0.6818482775476884,-1.2650120939317953,-9.3249253401515322,0.10840503948048343,-0.80525270232831503,-0.0064636810685052334,-0.40935107717432234,0.0083962083711015267,
0.775397,-10.04650830617212,-0.68242590613031273,-1.2695918634083168,-9.2664650431542697,0.094491814963028373,-0.81588840684843611,-0.0057659233784101635,-0.4059008330910352,0.0074314306676943401,
0.77688199999999996,-10.046508304047272,-0.68300353471293707,-1.2741716328848383,-9.269701062703156,0.093205805251006496,-0.8254943018341685,-0.0056296323282131302,-0.4058276665534345,0.0083827235436242618,
0.77829800000000005,-10.046508301922424,-0.6835811632955614,-1.2787514023613598,-9.3116463733112909,0.081221206108202298,-0.84169282980926041,-0.0049221644841860287,-0.40734007926970583,0.0091496770107687021,
0.77833799999999997,-9.9933346576735076,-0.68425812098006689,-1.2840927283200985,-9.311646371330303,0.080682685338233154,-0.84596253019973056,-0.0048987563166270577,-0.40733888398685791,0.0091495262652340186,
0.77973400000000004,-9.9933346555486597,-0.68483574956269122,-1.28867249779662,-9.3917478708118018,0.10479548116263535,-0.85739788578394038,-0.006332920454430414,-0.41126878964470004,0.008829865963110653,
0.78116799999999997,-9.9933346533309777,-0.68544019661522315,-1.2932904320187792,-9.4596469290364507,0.10806333345321389,-0.87297693592337688,-0.0067248335200262958,-0.41486347468354667,0.0086048500406103144,
0.78224899999999997,-10.020394642276168,-0.6905069809594927,-1.3147289989683169,-9.4596469269689152,0.1074998099332104,-0.8772822171504342,-0.0067003296972628357,-0.41486226943693372,0.0086046922961761016,
0.78256000000000003,-10.020394640058486,-0.69111142801202463,-1.3193469331904761,-9.4648728126696255,0.087611656077210845,-0.89815374451390861,-0.0055637872649927931,-0.41492550589102489,0.008543495646570913,
0.784022,-10.020394637840804,-0.69171587506455656,-1.3239648674126354,-9.4428726281334718,0.10259318679971111,-0.91119785894782424,-0.0067004786184783763,-0.41373389986858061,0.0087160514799071234,
0.78545600000000004,-10.020394635623122,-0.69232032211708849,-1.3285828016347947,-9.423409345717138,0.075565449401918672,-0.93412637828164535,-0.0052861447711339687,-0.41174993898911089,0.0084670970219410512,
0.78617400000000004,-10.045655693379954,-0.69338446950020238,-1.3484715958769513,-9.4234093436496025,0.075001925881915177,-0.93843165950870266,-0.0052616409483705086,-0.41174873374249793,0.0084669392775068384,
0.78687700000000005,-10.045655691162272,-0.69398891655273431,-1.3530895300991106,-9.470225249560233,0.071087430384623881,-0.95601650343929412,-0.004626332670957742,-0.41362553569764149,0.0087181314982148501,
0.78829499999999997,-10.04565568894459,-0.69459336360526625,-1.3577074643212699,-9.552255847975017,0.10985292451742332,-0.97189249076556705,-0.0073455102704745069,-0.41695144101640469,0.0088533214653047296,
0.78974100000000003,-10.045655686726908,-0.69519781065779818,-1.3623253985434292,-9.6556343079733988,0.10353255102918425,-0.98291260824712634,-0.0062929852468342146,-0.42203973438989106,0.0096662043546615894,
0.79012000000000004,-10.019079480679224,-0.69595066783072379,-1.3910842241213113,-9.6556343058577809,0.10295652613416359,-0.98717076890681144,-0.0062679300657182604,-0.42203854233139221,0.00966604311077735,
0.79119200000000001,-10.019079478409969,-0.69656852411820946,-1.395651615842491,-9.7222417858447425,0.11669389942335337,-0.99172639791113493,-0.0075422694331986895,-0.42546655440063746,0.009438480154824555,
0.79261300000000001,-10.019079476140714,-0.69718638040569514,-1.4002190075636707,-9.7290409354565082,0.094480896344627668,-0.99444332181712913,-0.006248767281953645,-0.42590736128976742,0.0079406593115251695,
0.79403000000000001,-10.019079473871459,-0.69780423669318081,-1.4047863992848504,-9.7027436094814821,0.069801400050011023,-1.0003965234967498,-0.0047976030642958474,-0.4243588368035478,0.0078693122274231826,
0.79404699999999995,-10.166816410075581,-0.68158313677925542,-1.4504760797297114,-9.7027436073658642,0.06922537515499036,-1.0046546841564348,-0.0047725478831798932,-0.42435764474504895,0.0078691509835389431,
0.79547000000000001,-10.166816407806326,-0.68220099306674109,-1.4550434714508911,-9.6693126515109711,0.090141289485406659,-1.007451712035631,-0.0062043024050379356,-0.4224652483441117,0.007620160122147863,
0.79690000000000005,-10.166816405537071,-0.68281884935422676,-1.4596108631720708,-9.6633038799751425,0.083737157582040408,-1.0154526923773342,-0.0055743611549913322,-0.42169217718529417,0.0074524672534897318,
0.79797499999999999,-10.304744212050203,-0.6680147711187262,-1.4760152176474273,-9.6633038778595246,0.083161132687019745,-1.0197108530370191,-0.0055493059738753779,-0.42169098512679531,0.0074523060096054923,
0.79835500000000004,-10.304744209780948,-0.66863262740621188,-1.480582609368607,-9.6929584323188553,0.096280461710215912,-1.0224207018476765,-0.0063179698732500917,-0.4235447084438404,0.0075023013111216834,
0.79978800000000005,-10.304744207511693,-0.66925048369369755,-1.4851500010897867,-9.7067593953032123,0.11427380245329709,-1.0153458477433461,-0.0077321056792853905,-0.42400943805456176,0.0079630839437804159,
0.80119300000000004,-10.30474420513929,-0.66989618993070255,-1.4897669038323342,-9.6997875934623021,0.078243643064518642,-1.0099908941572837,-0.0058368946085473484,-0.42450048694815462,0.0084252273153145752,
0.80192300000000005,-10.249409210978877,-0.65656306490504823,-1.4956572394376537,-9.6997875912505211,0.077641653775231717,-1.0142952137401091,-0.0058107021325861773,-0.42449928196439768,0.0084250588033420205,
0.80264800000000003,-10.249409208606474,-0.65720877114205323,-1.5002741421802013,-9.6304895026401542,0.048754394909523407,-1.0057769027162322,-0.0044099967673992043,-0.42141130611461153,0.0071497404340217499,
0.80408599999999997,-10.249409206234072,-0.65785447737905822,-1.5048910449227488,-9.5427322471257146,0.029997603370187833,-1.0000512562433699,-0.0037189472501414317,-0.41751061387253391,0.0074922679989045107,
0.80550699999999997,-10.249409203861669,-0.65850018361606322,-1.5095079476652964,-9.468619750638247,0.005958174788561664,-1.000503161208941,-0.0023131323000143934,-0.4134017589190363,0.0072659171966822688,
0.80593199999999998,-10.20324569635825,-0.70357964466077971,-1.5084382424194707,-9.468619748426466,0.0053561854992747451,-1.0048074807917664,-0.0022869398240532223,-0.41340055393527936,0.0072657486847097141,
0.80691400000000002,-10.203245693985847,-0.70422535089778471,-1.5130551451620182,-9.4608392055601822,0.026745308313575605,-1.0052766343422486,-0.0037610855690597836,-0.41282051631934924,0.0070320579395060524,
0.80838100000000002,-10.203245691613445,-0.7048710571347897,-1.5176720479045658,-9.5029935251207576,0.025791247731567726,-1.0053211462068852,-0.003883453832125492,-0.41469578464762319,0.0071645992645394943,
0.80980700000000005,-10.203245689241042,-0.7055167633717947,-1.5222889506471133,-9.5682050615255392,0.022397420670069352,-1.0015079940462313,-0.003382501323001609,-0.41790352143826331,0.0077771686229727577,
0.80988300000000002,-10.160142074412061,-0.76201813768430959,-1.493754290226724,-9.5682050593137582,0.021795431380782434,-1.0058123136290567,-0.0033563088470404379,-0.41790231645450637,0.007777000111000203,
0.81123999999999996,-10.160142071833363,-0.76272057529996529,-1.498608433279992,-9.6163584233500217,0.036041952004516292,-0.9950627403398582,-0.0046108045120761328,-0.42107080529726054,0.0079031057944474025,
0.81267999999999996,-10.160142069254665,-0.76342301291562098,-1.5034625763332601,-9.5923042640546416,-0.015319373953829506,-0.99921984838958444,-0.0016323780128847157,-0.41999189841420759,0.0071324657932166687,
0.81384699999999999,-10.166469623799964,-0.74443347575512153,-1.5046705989953864,-9.592304261650531,-0.015974253675881348,-1.0037453461457899,-0.0016038757414039257,-0.4199906315087073,0.0071322824758792217,
0.81410400000000005,-10.166469621221266,-0.74513591337077723,-1.5095247420486544,-9.5392256557833548,-0.010155477614081759,-1.006001594279222,-0.0016092283740594001,-0.41755454458012442,0.0079126713155037234,
0.81551499999999999,-10.166469618642568,-0.74583835098643292,-1.5143788851019224,-9.4835726051496376,0.030545396499577628,-1.0154916443721473,-0.0041796679025937235,-0.41421313715360147,0.0077731417709506079,
0.81695700000000004,-10.166469616063869,-0.74654078860208861,-1.5192330281551905,-9.4859075203306347,0.028963724713237628,-1.0340727081013075,-0.003087181765308796,-0.41384856700270156,0.0071572619125681728,
0.81776800000000005,-10.100386888385733,-0.78443526993998647,-1.5256349903923636,-9.485907517926524,0.028308844991185786,-1.0385982058575129,-0.0030586794938280062,-0.41384730009720128,0.0071570785952307257,
0.81841600000000003,-10.100386885807035,-0.78513770755564216,-1.5304891334456316,-9.5464489988652197,0.071527915949021817,-1.0515461018830414,-0.0055553954650481869,-0.41645862601479844,0.0074059625170997279,
0.81981599999999999,-10.100386883228337,-0.78584014517129785,-1.5353432764988997,-9.6351086598148434,0.098334917328775862,-1.0580181620975757,-0.0067410763297017463,-0.42017519205138953,0.0079733493419335728,
0.82125999999999999,-10.100386880536176,-0.78657352717530848,-1.5402520879715949,-9.7333576834355071,0.090745754189068092,-1.0687447488196185,-0.005984383091746823,-0.42559918298749155,0.0078788240401096339,
0.82169400000000004,-10.038707521875491,-0.81997404218277492,-1.5188864772217632,-9.7333576809256162,0.090062025140053598,-1.0733212137201247,-0.0059546171418910923,-0.42559790181036972,0.0078786326471185619,
0.82269499999999995,-10.03870751918333,-0.82070742418678555,-1.5237952886944583,-9.7635300365804216,0.093016218351208144,-1.085155906323479,-0.0065374157958387746,-0.42688341165397553,0.0066801432434120773,
0.82413800000000004,-10.038707516491169,-0.82144080619079618,-1.5287041001671535,-9.7430161611737685,0.096632525405399225,-1.0991714269917314,-0.0061202412252437223,-0.42594051919245174,0.00717973272650898,
0.82554499999999997,-10.038707513799007,-0.82217418819480681,-1.5336129116398487,-9.7055740618557493,0.11962228821896749,-1.1204733977367636,-0.0075444751793995127,-0.4233716150137608,0.006864663651789075,
0.82560299999999998,-10.16469959266629,-0.75387172564817961,-1.5589712447300081,-9.7055740593458584,0.118938559169953,-1.1250498626372698,-0.007514709229543782,-0.42337033383663897,0.0068644722587980029,
0.82698899999999997,-10.164699589974129,-0.75460510765219024,-1.5638800562027033,-9.7188213900476246,0.13442724684938151,-1.1424288099281044,-0.0077750012501518985,-0.42303590966243704,0.0061424841285709925,
0.82842700000000002,-10.164699587281968,-0.75533848965620087,-1.5687888676753985,-9.7999451842659013,0.14921079673504931,-1.1631263007337205,-0.0081162566959311101,-0.42693618592429033,0.005823610748720124,
0.82954399999999995,-10.13165609627981,-0.71848790498662551,-1.6055237369975293,-9.7999451817560104,0.1485270676860348,-1.1677027656342267,-0.0080864907460753803,-0.4269349047471685,0.0058234193557290519,
0.82986700000000002,-10.131656093587649,-0.71922128699063614,-1.6104325484702244,-9.8927869358452156,0.1835814675970594,-1.1751866477749109,-0.01014347536372332,-0.43129525370551464,0.0066733021467416109,
0.83127899999999999,-10.131656090802654,-0.71997942450533048,-1.6153423914225313,-9.9651869730712601,0.16070915133251693,-1.1837138565621228,-0.0089113532393394618,-0.43532127286029576,0.00732383173885211,
0.83271200000000001,-10.131656088017658,-0.72073756202002481,-1.6202522343748382,-9.9637780419198876,0.13491260703594216,-1.1909034168505841,-0.0078338140556103893,-0.43576247901445131,0.0067936366188963938,
0.83349399999999996,-10.100797907068209,-0.6877855279350592,-1.6547344906827075,-9.963778039323449,0.13420579852535763,-1.1954808433953223,-0.0078030349975278914,-0.43576119756434184,0.0067934387653823172,
0.83414699999999997,-10.100797904283214,-0.68854366544975354,-1.6596443336350144,-9.9075481730433683,0.12973000273653479,-1.1983006913788679,-0.0078542545620661972,-0.4328621917995617,0.0071861708688345525,
0.83558500000000002,-10.100797901498218,-0.68930180296444787,-1.6645541765873213,-9.8343384911078182,0.093460866199457981,-1.2150537143516831,-0.0058106262058963088,-0.42916520609158204,0.0073856208382546435,
0.83702399999999999,-10.100797898713223,-0.69005994047914221,-1.6694640195396282,-9.7965930285988883,0.12964244480457771,-1.2217904477595245,-0.0078237119691290831,-0.42657736314193623,0.0069839337835498668,
0.83741500000000002,-10.219014824454225,-0.70550671638902762,-1.6772070379366792,-9.7965930260024496,0.12893563629399318,-1.2263678743042628,-0.0077929329110465852,-0.42657608169182676,0.0069837359300357902,
0.83845400000000003,-10.21901482166923,-0.70626485390372196,-1.6821168808889861,-9.8283884986803809,0.1517590597752522,-1.2315281965844549,-0.0091046419410058047,-0.42862117412844386,0.0071211798908125861,
0.83989000000000003,-10.219014818884235,-0.70702299141841629,-1.687026723841293,-9.8572669402980697,0.12756402836996802,-1.2334857250971427,-0.0072951500443434441,-0.43007535364423888,0.00753073854558236,
0.84132200000000001,-10.219014815944519,-0.70782238811758391,-1.6920428091936184,-9.859743351015485,0.14767456702859058,-1.2180002417785476,-0.0089180810824293164,-0.43141449705102664,0.007958720311355227,
0.84135400000000005,-10.197453842841041,-0.65618818369141385,-1.6988973325891026,-9.8597433482747991,0.14692929274872246,-1.2226767176791908,-0.008885618811119855,-0.43141318786819388,0.0079585116903028094,
0.84273799999999999,-10.197453839901325,-0.65698758039058147,-1.7039134179414279,-9.7838282663923266,0.099949131798733576,-1.2156872994481827,-0.0065067124707129873,-0.42831867648301514,0.0067586180437528729,
0.84417299999999995,-10.197453836961609,-0.65778697708974909,-1.7089295032937533,-9.6695659694160039,0.060927153352911323,-1.210416975675372,-0.0038542247218559581,-0.42309208003493237,0.00659493382448814,
0.84528300000000001,-10.177324999957506,-0.61178341642792744,-1.7323701981394681,-9.669565966675318,0.060181879073043211,-1.2150934515760152,-0.0038217624505464966,-0.42309077085209962,0.0065947252034357223,
0.84560900000000006,-10.17732499701779,-0.61258281312709506,-1.7373862834917935,-9.5562470382407092,0.091694551084367248,-1.210262858616173,-0.00569945882124589,-0.4179891975684138,0.0065700918762938926,
0.84704999999999997,-10.177324994078074,-0.61338220982626268,-1.7424023688441188,-9.4835138301391595,0.10460993368179683,-1.2156849954607298,-0.0061730148568131102,-0.41392048809243681,0.0059537276538062,
0.84846500000000002,-10.177324991138358,-0.6141816065254303,-1.7474184541964441,-9.4858525215079048,0.12329331231684867,-1.2150980407281828,-0.0070709425282757428,-0.41478894589158893,0.0063330010601247433,
0.84923800000000005,-10.029747386026441,-0.68396204836232266,-1.7009050310100828,-9.4858525187672189,0.12254803803698056,-1.2197745166288261,-0.0070384802569662813,-0.41478763670875618,0.0063327924390723257,
0.84989800000000004,-10.029747383086725,-0.68476144506149028,-1.7059211163624082,-9.4936102501189605,0.12740408951389579,-1.2177838789915327,-0.0075800165955599947,-0.41461867729359214,0.0066124656421999413,
0.85134500000000002,-10.029747379940712,-0.68562066757814388,-1.7111383402390401,-9.5234910587651722,0.10342997131690809,-1.2120336022918419,-0.0063361683615975016,-0.41768075462127646,0.0067578150449821364,
0.85277499999999995,-10.029747376794699,-0.68647989009479748,-1.716355564115672,-9.4652227885406059,0.083309473221733266,-1.2117891424318687,-0.005680353318424286,-0.41433037688309565,0.0064386862488153606,
0.85316700000000001,-10.034864614367519,-0.66285995804902642,-1.6714022402036903,-9.4652227856075903,0.082508423576404172,-1.2166531389577691,-0.0056454527757690536,-0.41432901520010873,0.0064384620148332638,
0.85419100000000003,-10.034864611221506,-0.66371918056568002,-1.6766194640803223,-9.4286769675279523,0.073809729331021631,-1.2194861431240489,-0.0048937318393204622,-0.41312050592812605,0.0071004390227654519,
0.85562000000000005,-10.034864608075493,-0.66457840308233362,-1.6818366879569542,-9.3802376972176038,0.098850623106026797,-1.2293763399096422,-0.0058995057027930358,-0.41018502906729998,0.0068089233308597039,
0.85705699999999996,-10.03486460492948,-0.66543762559898723,-1.6870539118335861,-9.3869514523647908,0.14498905140589299,-1.2311880630676517,-0.0085834768107647709,-0.41028975816833724,0.006976975925950756,
0.85707900000000004,-10.039640678657264,-0.64419613363142558,-1.6797256295381562,-9.3869514494317752,0.1441880017605639,-1.236052059593552,-0.0085485762681095385,-0.41028839648535032,0.0069767516919686592,
0.85852499999999998,-10.039640675511251,-0.64505535614807918,-1.6849428534147881,-9.4169437657655628,0.12569934539905769,-1.2436040794198349,-0.0073867619622859024,-0.4119212361993001,0.0071469491812516817,
0.85994199999999998,-10.039640672365238,-0.64591457866473279,-1.69016007729142,-9.4453689588673644,0.10297947465511968,-1.2426505112094077,-0.0063834669422467398,-0.41278125414603012,0.0074169429508268436,
0.86101899999999998,-9.9652210005149691,-0.63200257879304533,-1.6992194667142475,-9.4453689557997187,0.10214669075013152,-1.2475539351488238,-0.0063471754484608544,-0.41277988142041433,0.0074167098336247652,
0.86135799999999996,-9.9652209972245487,-0.63289584013688949,-1.7044789812549646,-9.475544613594133,0.095493560316467552,-1.2456734682277153,-0.0068086347532257761,-0.41566662207539795,0.0069901338293809987,
0.86278699999999997,-9.9652209939341283,-0.63378910148073364,-1.7097384957956816,-9.422891203703923,0.04112030161090155,-1.2576354824021498,-0.0038593469689902913,-0.41226467665591993,0.0065440803863516311,
0.864232,-9.9652209906437079,-0.63468236282457779,-1.7149980103363986,-9.3922702698033156,0.044144097589046555,-1.2737931233997113,-0.0038434255129781302,-0.41142063474616208,0.0080826491062359548,
0.86500500000000002,-9.8958363384609775,-0.65676258279021693,-1.7229699775214238,-9.3922702667356699,0.043311313684058397,-1.2786965473391274,-0.0038071340191922448,-0.41141926202054629,0.0080824159890338764,
0.86565800000000004,-9.8958363351705572,-0.65765584413406108,-1.7282294920621408,-9.3627084012262376,0.074237224721409978,-1.2963233561319412,-0.0056563517263221444,-0.40840863434571978,0.0080219776508825679,
0.86710500000000001,-9.8958363318801368,-0.65854910547790524,-1.7334890066028579,-9.4170662435569099,0.082935268752773114,-1.3138616759016843,-0.0061224826081276024,-0.41136596317459861,0.0072830448464078048,
0.86855099999999996,-9.8958363285897164,-0.65944236682174939,-1.7387485211435749,-9.4864322169356523,0.072687766388918135,-1.3267750856972256,-0.005800133066467446,-0.41398668111916881,0.0069944906327224204,
0.86891600000000002,-9.9123732614095807,-0.67872218388768468,-1.7369618303542311,-9.4864322138680066,0.071854982483929977,-1.3316785096366417,-0.0057638415726815606,-0.41398530839355302,0.0069942575155203419,
0.86996399999999996,-9.9123732581191604,-0.67961544523152884,-1.7422213448949482,-9.5745627354408711,0.05249173208537275,-1.3353311039167199,-0.0047319012188038415,-0.41842230455239438,0.0077902713084553512,
0.87139200000000006,-9.9123732548081112,-0.68051695841226767,-1.7473694596375877,-9.618149004985824,0.045091227510157025,-1.3357206965711015,-0.004633266278274947,-0.42136964990913189,0.0075696204821954311,
0.87281500000000001,-9.9123732514970619,-0.6814184715930065,-1.7525175743802273,-9.5860843242151876,0.025097165343760306,-1.3413699337452758,-0.0037062693904955047,-0.4195660579486265,0.007270743476468047,
0.87285500000000005,-9.9867203025783482,-0.67105245957085802,-1.7867760850113727,-9.5860843211283093,0.024256688284915361,-1.3461695001076264,-0.0036696345273311563,-0.41956471429449876,0.0072705082057588234,
0.87425299999999995,-9.986720299267299,-0.67195397275159685,-1.7919241997540123,-9.5300271543482076,0.0080430200897253553,-1.3599400345618353,-0.0026515986417976218,-0.4172650228501194,0.0077515679069510767,
0.87569600000000003,-9.9867202959562498,-0.67285548593233568,-1.7970723144966518,-9.4595268843258591,0.034193691688942242,-1.3704543750374527,-0.004156410149044526,-0.41270091315057572,0.0075331324400342153,
0.87679600000000002,-10.050106829000505,-0.70786442605281619,-1.8293779801737879,-9.4595268812389808,0.0333532146300973,-1.3752539413998033,-0.004119775285880178,-0.41269956949644798,0.0075328971693249917,
0.87714400000000003,-10.050106825689456,-0.70876593923355502,-1.8345260949164275,-9.4744740509414882,0.051325830427622704,-1.3825232065100692,-0.0052327379820736094,-0.41389446353215187,0.0069304979973826442,
0.87855499999999997,-10.050106822378407,-0.70966745241429385,-1.839674209659067,-9.5064333551885838,0.02867912855089683,-1.3884587432319206,-0.0038535455040308356,-0.41480348796473748,0.0071189479704499943,
0.88000400000000001,-10.050106818943579,-0.71060197294261085,-1.8448553317492851,-9.5679573120041805,0.032917422936922694,-1.3838230862119612,-0.0039427297430851341,-0.41835357871978684,0.0078518389112883294,
0.880745,-9.9873389651210545,-0.74140591162658531,-1.8481072799243037,-9.5679573088019048,0.032046173262651287,-1.3886534251897384,-0.0039047456730457132,-0.41835222644656889,0.007851595026548433,
0.88141800000000003,-9.9873389616862269,-0.74234043215490231,-1.8532884020145217,-9.5767636869706401,0.046748824234016793,-1.3841275711112202,-0.0048070362193380735,-0.41950323762532854,0.0074745757703667285,
0.88284899999999999,-9.9873389582513994,-0.7432749526832193,-1.8584695241047398,-9.5320795197175663,0.03693198873148474,-1.3846907562419997,-0.0039271120574178933,-0.4175880587466001,0.0075268073228584222,
0.88430399999999998,-9.9873389548165719,-0.7442094732115363,-1.8636506461949578,-9.4521988364952279,0.055458992146632857,-1.3870232942333156,-0.0047725852222376105,-0.41425694131610258,0.0077621313951175162,
0.884714,-10.052949861577217,-0.75805155565798354,-1.858512945309982,-9.4521988332929521,0.05458774247236145,-1.3918536332110929,-0.0047346011521981896,-0.41425558904288462,0.0077618875103776198,
0.88570400000000005,-10.052949858142389,-0.75898607618630054,-1.8636940674002,-9.3524383163755083,0.066544950702011732,-1.3945299131277338,-0.0053078755552035473,-0.40896184459027107,0.0077163018511293702,
0.887131,-10.052949854707562,-0.75992059671461754,-1.8688751894904181,-9.3071944827293898,0.08014302589966725,-1.3936522645368186,-0.0060390770029054072,-0.40661548457062996,0.0075035748844401859,
0.88861800000000002,-10.102262359504921,-0.73322602009593063,-1.8635125627962987,-9.307194479527114,0.079271776225395843,-1.3984826035145959,-0.0060010929328659863,-0.406614132297412,0.0075033309997002895,
0.88861900000000005,-10.102262356070094,-0.73416054062424763,-1.8686936848865168,-9.3092502403239408,0.079909373230196451,-1.3951278248483425,-0.0062029678794023636,-0.40663106220066103,0.0071510682035921223,
0.89003500000000002,-10.102262352439286,-0.73514972957199187,-1.8740202456020028,-9.3416630237937159,0.07578275453564598,-1.39020561868918,-0.0055050045962430974,-0.40871149056924572,0.0072376747573223293,
0.89144199999999996,-10.102262348808479,-0.73613891851973612,-1.8793468063174887,-9.3457945202137296,0.099387808488063764,-1.3850163562467914,-0.0068793299599698328,-0.40935358858332405,0.0076709756070069924,
0.89258499999999996,-9.9449957609749013,-0.7121468292061941,-1.8714546159950021,-9.3457945168287413,0.098465591669491412,-1.3899822870612932,-0.0068391158690957118,-0.40935219834654024,0.0076707174552792514,
0.892876,-9.9449957573440937,-0.71313601815393834,-1.8767811767104881,-9.301823750460418,0.090594747178807986,-1.3905406967991103,-0.0065296048327159219,-0.40773883496265284,0.0072195376848734442,
0.894316,-9.944995753713286,-0.71412520710168259,-1.882107737425974,-9.2303428302504713,0.067902077110619866,-1.3973169334021522,-0.0054372205920240769,-0.40408681364805932,0.0075749499948336088,
0.89575499999999997,-9.9449957500824784,-0.71511439604942684,-1.88743429814146,-9.1745256227006635,0.06702072969840199,-1.4036313853209597,-0.0050233547960233009,-0.4012045523798492,0.007839932098730731,
0.89650600000000003,-9.949859836217982,-0.69188474431611113,-1.8734134892424896,-9.1745256193156752,0.066098512879829638,-1.4085973161354615,-0.00498314070514918,-0.40120316214306539,0.00783967394700299,
0.89717499999999994,-9.9498598325871743,-0.69287393326385538,-1.8787400499579756,-9.1713433852375328,0.078703008231370442,-1.417518254063429,-0.0055547773881563156,-0.40049456570085407,0.0077402673159839312,
0.89860899999999999,-9.9498598289563667,-0.69386312221159963,-1.8840666106734616,-9.2357003294618814,0.084596037784311268,-1.4258687652843258,-0.0054117214941183864,-0.40342525102671023,0.0074264028493703669,
0.90004099999999998,-9.949859825325559,-0.69485231115934387,-1.8893931713889476,-9.3034902406426276,0.099509545805799987,-1.4333612279435102,-0.006162349524398294,-0.4065746055217298,0.0077206533515627503,
0.90042999999999995,-9.9544003110192314,-0.68335483016388066,-1.8753004964304296,-9.3034902371518591,0.098557518016033074,-1.4383377368445649,-0.0061208273432157168,-0.40657321231923149,0.0077203868549931215,
0.90148799999999996,-9.9544003072749607,-0.68437599497959145,-1.8806384034216457,-9.3662032797705965,0.11724243439371029,-1.4431014859714191,-0.007212943817666656,-0.40975722777809709,0.0082905559360428732,
0.90289399999999997,-9.9544003035306901,-0.68539715979530225,-1.8859763104128617,-9.3854276511957426,0.097619853334457662,-1.4532428539543611,-0.0058680447823559172,-0.41060116694288568,0.008016151851781823,
0.90432100000000004,-9.9475315895539467,-0.67497501197935583,-1.9020617319894424,-9.3854276477049741,0.09666782554469075,-1.4582193628554159,-0.0058265226011733401,-0.41059977374038736,0.0080158853552121951,
0.90435200000000004,-9.947531585809676,-0.67599617679506663,-1.9073996389806585,-9.3834495009077052,0.082264168550696543,-1.469503806425684,-0.0056379026476197176,-0.41023624922191787,0.0081162195662102827,
0.90577799999999997,-9.9475315820654053,-0.67701734161077742,-1.9127375459718745,-9.3830654735591636,0.066696914367591661,-1.4851224527815086,-0.0047263500935944714,-0.41006840632119373,0.0077265132375717452,
0.90720599999999996,-9.9475315783211347,-0.67803850642648822,-1.9180754529630906,-9.4037837988939295,0.084391150470389711,-1.4991130339001841,-0.0055761745175932249,-0.40986116805421152,0.0082021011950377549,
0.90825299999999998,-9.9531782319292343,-0.69908624247248385,-1.927926065071023,-9.4037837954031609,0.083439122680622799,-1.5040895428012389,-0.0055346523364106478,-0.40985977485171321,0.0082018346984681269,
0.90864599999999995,-9.9531782281849637,-0.70010740728819465,-1.9332639720622391,-9.494315300925571,0.11203729995980195,-1.5165930006673336,-0.007045924072056552,-0.41491729467461813,0.0077425023397961843,
0.91007099999999996,-9.9531782243788047,-0.70113991837963585,-1.9385152347660615,-9.5521541530351772,0.11721529043762641,-1.5258037422719954,-0.0071105485064323296,-0.41664329020904012,0.0080701962219618378,
0.91149800000000003,-9.9531782205726458,-0.70217242947107705,-1.9437664974698838,-9.6082400230473439,0.13389609711110745,-1.5321244530431493,-0.0080228860025429623,-0.42066563654434386,0.0085640226134172451,
0.912188,-9.958451132498169,-0.66594369230138661,-1.95240843050809,-9.6082400194988775,0.13293349123478734,-1.5370201838287085,-0.0079808950622930093,-0.42066426595112666,0.0085637531557735923,
0.912964,-9.9584511286920101,-0.66697620339282782,-1.9576596932119124,-9.5739152424993197,0.12559071942356057,-1.5422109195785838,-0.0079765866661894603,-0.41794002553143172,0.0079220785536288797,
0.914377,-9.9584511248858512,-0.66800871448426902,-1.9629109559157347,-9.5610078858523639,0.097665641177902995,-1.5496593718644447,-0.0064094241837288745,-0.41809516924233392,0.0080556854511143593,
0.91578400000000004,-9.9584511210796922,-0.66904122557571022,-1.9681622186195571,-9.5132695952218089,0.10200861575486248,-1.5565888354977024,-0.006331116870386645,-0.41513128444167946,0.0076305865104664694,
0.916184,-10.053421726292736,-0.63647500436911209,-1.9968472417408794,-9.5132695916733425,0.10104600987854237,-1.5614845662832617,-0.0062891259301366921,-0.41512991384846226,0.0076303170528228166,
0.917242,-10.053421722486577,-0.63750751546055329,-2.0020985044447017,-9.5140059759618367,0.14283731030450741,-1.5614869493540138,-0.008454280603899687,-0.4151582207076408,0.0079207084105008992,
0.91866999999999999,-10.053421718680418,-0.63854002655199449,-2.0073497671485243,-9.5276283711273404,0.14828020683387133,-1.569314414230871,-0.0084733500978449467,-0.41599452973047329,0.0076250043721971085,
0.92008900000000005,-10.05342171487426,-0.63957253764343569,-2.0126010298523469,-9.5425891382196415,0.16522525474288163,-1.5693295309086623,-0.009454775292419438,-0.41639175316754079,0.0077694676179250032,
0.92012400000000005,-9.9936063235346566,-0.65615776372890489,-2.0112313545273603,-9.5425891344884626,0.16420687350110055,-1.5743685466848027,-0.0094103436746828042,-0.41639034245725165,0.0077691825473521934,
0.92152199999999995,-9.9936063195325158,-0.65725010063783207,-2.0166363076933451,-9.549629788866179,0.17747053723627548,-1.5705322385177152,-0.010365185802988369,-0.41825019372883737,0.0071022429219478427,
0.92296199999999995,-9.9936063155303749,-0.65834243754675925,-2.0220412608593299,-9.4711175406052615,0.13780214320477979,-1.5673318799517455,-0.0086872049020725248,-0.41381556386966589,0.0068314235478786596,
0.92407099999999998,-9.937751247237955,-0.63214893617781909,-2.0202570149886148,-9.4711175368740825,0.13678376196299871,-1.5723708957278859,-0.0086427732843358911,-0.41381415315937675,0.0068311384773058498,
0.92442899999999995,-9.9377512432358142,-0.63324127308674627,-2.0256619681545995,-9.4083248337672671,0.10695626638314201,-1.5670481750179011,-0.0075201575039724553,-0.41192819651502016,0.0079186157431592654,
0.92583300000000002,-9.9377512392336733,-0.63433360999567345,-2.0310669213205843,-9.3168690755090644,0.084703672432038746,-1.5655389762073262,-0.0063865546573666169,-0.40646135004336575,0.0075541534280756852,
0.92726900000000001,-9.9377512352315325,-0.63542594690460064,-2.0364718744865691,-9.3067700598430019,0.088232033434721913,-1.5641554369549759,-0.0066723174072174738,-0.40686968235297793,0.0077164807040584161,
0.92798000000000003,-9.9443620223762093,-0.61183115426636692,-2.0247122410536402,-9.306770056111823,0.087213652192940833,-1.5691944527311164,-0.0066278857894808392,-0.40686827164268879,0.0077161956334856063,
0.92868899999999999,-9.9443620183740684,-0.6129234911752941,-2.030117194219625,-9.3025042490917791,0.088742699291785132,-1.5677820611851041,-0.0068242381144562013,-0.40613380247745501,0.007720603473144007,
0.93015999999999999,-9.944362014134688,-0.61407771686093082,-2.0356737748885489,-9.3305774311010747,0.084138814253685121,-1.567585636696825,-0.0063006087511012152,-0.4077995495493183,0.00772054566391564,
0.93156000000000005,-9.9443620098953076,-0.61523194254656755,-2.0412303555574729,-9.3473479982283134,0.086659586204019701,-1.5623882324170992,-0.0069223615120550487,-0.40931180881860835,0.0068897582117153121,
0.93193599999999999,-9.9025818774224401,-0.62975808494932006,-2.0318190863321921,-9.347347994275955,0.085583506308313476,-1.5675686098953565,-0.0068754046821723966,-0.40931035852793518,0.0068894569898347293,
0.93298199999999998,-9.9025818731830597,-0.63091231063495679,-2.0373756670011161,-9.3092015904910088,0.048314176006813779,-1.5702036182949635,-0.0049272075383411879,-0.40692256283696493,0.0071131928220409292,
0.93443600000000004,-9.9025818689436793,-0.63206653632059351,-2.04293224767004,-9.285872904528043,0.014018785327122883,-1.5792300248441731,-0.0032429515101158059,-0.40590614561234339,0.007432888071953617,
0.93584900000000004,-9.9025818647042989,-0.63322076200623023,-2.048488828338964,-9.2879947941206442,0.01470430756957522,-1.5910915225723221,-0.003068710803293889,-0.40461369323763258,0.0078363292300610999,
0.935921,-9.8635439175173616,-0.69695005292376555,-2.0387517741726526,-9.2879947901682858,0.013628227673869,-1.5962719000505794,-0.0030217539734112369,-0.40461224294695941,0.0078360280081805171,
0.93733900000000003,-9.8635439132779812,-0.69810427860940227,-2.0443083548415766,-9.3776422457093709,0.031598086236193396,-1.6108226460363204,-0.003983475885000063,-0.4088594533568024,0.0081909718502683818,
0.93872599999999995,-9.8635439090386008,-0.699258504295039,-2.0498649355105005,-9.4949934910563361,0.043770176948321984,-1.6314595462084478,-0.0046020170502820909,-0.41335118863933823,0.0085790613085417727,
0.939836,-9.8115473906959352,-0.75550717521634514,-2.0397571133598027,-9.4949934871039776,0.042694097052615766,-1.6366399236867051,-0.0045550602203994388,-0.41334973834866506,0.0085787600866611899,
0.94014500000000001,-9.8115473864565548,-0.75666140090198186,-2.0453136940287266,-9.6499755999589052,0.067714365425178141,-1.6442298817407552,-0.0055749915445170864,-0.42093774906851433,0.0087417147230961813,
0.94158299999999995,-9.8115473820211925,-0.75786513760898655,-2.0509538245462084,-9.7430702664088251,0.07289070338781338,-1.6525012137816928,-0.0063473371363054138,-0.42572526512719955,0.0072471831320977936,
0.94301599999999997,-9.8115473775858302,-0.75906887431599124,-2.0565939550636902,-9.7742664344389656,0.0277268212539332,-1.6553853026915692,-0.0035489753265694978,-0.4268410744460775,0.0069802136994590565,
0.94377999999999995,-10.019687945799111,-0.73215337459402996,-2.040912892655661,-9.7742664303038946,0.026604582435086593,-1.6606435733526257,-0.0034999964125187726,-0.42683960234313423,0.0069798995565319415,
0.94443999999999995,-10.019687941363749,-0.73335711130103465,-2.0465530231731428,-9.7621770547310245,0.01049600348812018,-1.6702571126419674,-0.0030044336052440297,-0.42617055840690682,0.0070655187717594201,
0.94587500000000002,-10.019687936928387,-0.73456084800803934,-2.0521931536906246,-9.7412769491326312,0.011670035150776033,-1.681115686397652,-0.002690350261562243,-0.4237504889975553,0.0071564431186903633,
0.94730499999999995,-10.019687932493024,-0.73576458471504402,-2.0578332842081064,-9.8176793412357473,0.044865831791241803,-1.6949350330625661,-0.00398855394294416,-0.42765708230348987,0.0073811223318395172,
0.94768300000000005,-10.213906084559632,-0.67436765960616118,-2.0958696620246351,-9.8176793371006763,0.043743592972395197,-1.7001933037236225,-0.0039395750288934352,-0.4276556102005466,0.0073808081889124022,
0.948766,-10.21390608012427,-0.67557139631316587,-2.1015097925421169,-9.9084240868440929,0.089642920701063028,-1.708908072758895,-0.0064707394148394159,-0.43097487034470705,0.007855588786792371,
0.95016100000000003,-10.213906075688907,-0.67677513302017056,-2.1071499230595987,-10.020493213399757,0.091352505463285785,-1.7150362195172906,-0.0062720120241514096,-0.43722557249200417,0.0091610333098413581,
0.95159800000000005,-10.187936138543977,-0.69090665078513047,-2.1179449264456474,-10.02049320914929,0.09019468580785199,-1.7203127614187568,-0.0062214721481179671,-0.43722409526941813,0.009160709206942258,
0.95160699999999998,-10.187936133984836,-0.69214855223777283,-2.1236046550757539,-10.050204680596051,0.11408227945207276,-1.7169804129867308,-0.007558061068739819,-0.43866378287682112,0.0087044805718247287,
0.95304299999999997,-10.187936129425696,-0.69339045369041519,-2.1292643837058605,-10.03116090045552,0.088598739231871726,-1.7127514781516517,-0.0067292909905469194,-0.43829292009753457,0.008129100573204864,
0.95448100000000002,-10.187936124866555,-0.69463235514305754,-2.134924112335967,-9.9477627536280782,0.030116412400791374,-1.7172224634438404,-0.0030114298537345812,-0.43418322971909129,0.0076300069217923447,
0.9556,-10.290117505462405,-0.67795317365923302,-2.1349443448250565,-9.9477627493776115,0.028958592745357576,-1.7224990053453066,-0.0029608899777011388,-0.43418175249650526,0.0076296828188932445,
0.95591199999999998,-10.290117500903264,-0.67919507511187538,-2.140604073455163,-9.8708123900491902,0.079315593465151907,-1.7159483534468802,-0.0055214598493015226,-0.43034120394908126,0.0079976111346251582,
0.95732600000000001,-10.290117496344124,-0.68043697656451774,-2.1462638020852696,-9.8428747311927527,0.11953502053024653,-1.7123269512369459,-0.0075709538914135099,-0.42896809896714061,0.0075043702751167642,
0.95876099999999997,-10.290117491784983,-0.68167887801716009,-2.1519235307153761,-9.8464883722688192,0.097552102813365724,-1.7093563130806684,-0.0060032701343382339,-0.42927198364889391,0.0076513749897519946,
0.95949700000000004,-10.385452744284464,-0.62396429514577334,-2.151201111649486,-9.8464883680183526,0.096394283157931929,-1.7146328549821346,-0.0059527302583047914,-0.42927050642630787,0.0076510508868528945,
0.960206,-10.385452739364306,-0.62530625012076313,-2.1571517175301285,-9.8611894402834483,0.11575514599663765,-1.6948384090405444,-0.0072822334594410268,-0.43078318500816082,0.0078656704516625719,
0.96164099999999997,-10.385452734444147,-0.62664820509575292,-2.1631023234107709,-9.818253201101772,0.080925606222808977,-1.6778202374182898,-0.0057638390746399728,-0.42916836469960701,0.0077010656460090796,
0.96305700000000005,-10.385452729523989,-0.62799016007074271,-2.1690529292914134,-9.749167451081151,0.018292243451105208,-1.666508608407113,-0.0023465550775731447,-0.42621126822864591,0.0077154405066475707,
0.96342799999999995,-10.336837112871846,-0.57640164018501505,-2.1644983871143761,-9.7491674464941074,0.017041144305158906,-1.672056333982028,-0.0022919350950706464,-0.42620971508019462,0.0077150902924687124,
0.964499,-10.336837107951688,-0.57774359516000484,-2.1704489929950186,-9.6730884125999825,0.010024933420249049,-1.668499646146727,-0.0021000802926652096,-0.42247920140958939,0.007306075281502602,
0.96592999999999996,-10.336837103031529,-0.57908555013499463,-2.176399598875661,-9.6379249765420489,0.028123703752378115,-1.6758996802704382,-0.0029439360085577776,-0.42032872477989103,0.0073138064741898557,
0.96735199999999999,-10.228605539312394,-0.67152218076562553,-2.1861169965438112,-9.6379249719550053,0.026872604606431812,-1.6814474058453532,-0.0028893160260552793,-0.42032717163143973,0.0073134562600109974,
0.96736900000000003,-10.228605534392235,-0.67286413574061532,-2.1920676024244536,-9.6614797417965157,0.073084931474592857,-1.6823905491881657,-0.0049320780436823523,-0.42111038509318494,0.0082869028128609145,
0.96879099999999996,-10.228605529472077,-0.67420609071560511,-2.1980182083050961,-9.7419648034432722,0.075593879099891084,-1.6869274139586796,-0.0054767929514488297,-0.42469480123045222,0.0080336708235262018,
0.970225,-10.228605524551918,-0.6755480456905949,-2.2039688141857385,-9.8393999994088333,0.047747922429771217,-1.6883451269403535,-0.003464492148460696,-0.42938196312063082,0.0082396156049337251,
0.97127399999999997,-10.127565693031201,-0.7572116131283344,-2.1589544578354083,-9.8393999944948316,0.046412198591401277,-1.6941082608232561,-0.00340616896085962,-0.42938034965965566,0.0082392417021699936,
0.97166399999999997,-10.12756568776034,-0.758644338309165,-2.1651361151491004,-9.9221747602187715,0.063839685713546757,-1.6862565302074461,-0.0047669231437211306,-0.43361298148339233,0.0084295801084430244,
0.97313499999999997,-10.127565682489479,-0.7600770634899956,-2.1713177724627926,-9.9521440013927922,0.040703412557643398,-1.6977982039765163,-0.003325305187700584,-0.43470162776399346,0.0082657850425368849,
0.97452000000000005,-10.127565677218618,-0.76150978867082619,-2.1774994297764847,-9.9653606692738173,0.044683939792165651,-1.7068303749840281,-0.0031057595773929646,-0.43499723442031019,0.0093457394789544287,
0.97522900000000001,-10.247789055462521,-0.75338353580558448,-2.183295350461762,-9.9653606643598156,0.043348215953795712,-1.7125935088669306,-0.0030474363897918886,-0.43499562095933503,0.0093453655761906972,
0.97594899999999996,-10.24778905019166,-0.75481626098641508,-2.1894770077754542,-9.9787167918676012,0.10638133683764883,-1.7235972327672351,-0.0067630975991756171,-0.43450350054561343,0.0096108168775452876,
0.97739500000000001,-10.247789044920799,-0.75624898616724567,-2.1956586650891463,-10.046394959219107,0.095412075266361751,-1.7365229295942215,-0.0058704393024864715,-0.43807497198362622,0.0087498135914524031,
0.97883900000000001,-10.247789039649938,-0.75768171134807627,-2.2018403224028384,-10.099714265554617,0.095989211010263781,-1.748658072024974,-0.0060976904608646427,-0.44008694607489734,0.0085002580587994724,
0.97918099999999997,-10.291322491287188,-0.70529709183689471,-2.2065689632743917,-10.099714260640615,0.094653487171893841,-1.7544212059078765,-0.0060393672732635666,-0.44008533261392219,0.0084998841560357408,
0.98025499999999999,-10.291322485975067,-0.70674322625267938,-2.2126392207900065,-10.157272888746743,0.11345769177216466,-1.7525821768553385,-0.0069012273389316443,-0.44351613620537683,0.0085806131473194925,
0.98168299999999997,-10.291322480662947,-0.70818936066846405,-2.2187094783056214,-10.163422941595297,0.11553092780362607,-1.7554653141435526,-0.006536858630720988,-0.44453103825297813,0.0064245728233699746,
0.98310399999999998,-10.331960595451303,-0.66139859888466679,-2.2461103414305637,-10.163422936642828,0.11418270259023879,-1.7611245904493897,-0.0064779809986301555,-0.4445294538626467,0.0064241954211567394,
0.98311199999999999,-10.331960590139182,-0.66284473330045146,-2.2521805989461785,-10.107680849119898,0.13006216450251007,-1.7629491950561622,-0.0067641132864017248,-0.4421899873549292,0.0069163548564588791,
0.98456399999999999,-10.331960584827062,-0.66429086771623613,-2.2582508564617934,-10.007367343126443,0.14677136834753848,-1.769593268508262,-0.0080616751518973115,-0.43766499628933375,0.0076000922257745867,
0.98597900000000005,-10.331960579514941,-0.66573700213202081,-2.2643211139774082,-9.9066257842290799,0.14326465239436453,-1.7781182596576648,-0.0071277575486172742,-0.43262320566952805,0.0078297835485958787,
0.987012,-10.378772519088754,-0.64229930476632624,-2.2666253225853064,-9.9066257792766113,0.14191642718097724,-1.783777535963502,-0.0070688799165264417,-0.43262162127919662,0.0078294061463826444,
0.98741199999999996,-10.378772513776633,-0.64374543918211091,-2.2726955801009212,-9.8682994603954768,0.16470861947183868,-1.7922598383620449,-0.0089132153533532966,-0.43096637964678114,0.008015605440888713,
0.98885299999999998,-10.378772508464513,-0.64519157359789558,-2.2787658376165361,-9.8677251726279973,0.15433923006599679,-1.7977495767307829,-0.0078620858697831079,-0.43126111760047664,0.0087290140612106028,
0.99028400000000005,-10.378772503152392,-0.64663770801368026,-2.2848360951321509,-9.8723392314340881,0.17180749294598849,-1.7963697851964602,-0.0086748701333557859,-0.431940936934534,0.009346789574789946,
0.99095100000000003,-10.293485982615332,-0.6200467253236186,-2.2864688297907745,-9.8723392261546614,0.17036791153055303,-1.8022512013199095,-0.0086119941571624545,-0.43193929034736084,0.0093463865996740014,
0.99173999999999995,-10.293485976952509,-0.62159085030252681,-2.2927773590967218,-9.8413848279211482,0.19481876877902549,-1.7969699318335075,-0.0107045612653302,-0.43186255502400545,0.0085554067039208571,
0.99316700000000002,-10.293485971289686,-0.62313497528143502,-2.299085888402669,-9.7248543069873268,0.14139785015298428,-1.7961803273443087,-0.0076037836710388888,-0.42643180342912912,0.0083043258588978656,
0.99460000000000004,-10.293485965626862,-0.62467910026034323,-2.3053944177086163,-9.5889043384408144,0.11453933890376028,-1.7980471600502128,-0.0069453363294355941,-0.42072426500134091,0.0077016548672008594,
0.99488900000000002,-10.213843930443909,-0.60054985143827633,-2.3120042992778189,-9.5889043331613877,0.11309975748832482,-1.8039285761736621,-0.0068824603532422618,-0.42072261841416775,0.0077012518920849139,
0.99601099999999998,-10.213843924781086,-0.60209397641718454,-2.3183128285837662,-9.4480224292829007,0.092241230489099157,-1.8026887121590076,-0.0055941511637717031,-0.4137389374038456,0.0076219307403255247,
0.99744699999999997,-10.213843919118263,-0.60363810139609275,-2.3246213578897135,-9.3897302354528538,0.077936290059356775,-1.807562786739934,-0.0051529353505473489,-0.41132546380525908,0.008492826088850965,
0.99881900000000001,-10.048400852521242,-0.64857973176825778,-2.292076703694641,-9.3897302301734271,0.076496708643921316,-1.8134442028633833,-0.0050900593743540166,-0.41132381721808592,0.0084924231137350203,
0.99889899999999998,-10.048400846858419,-0.650123856747166,-2.2983852330005883,-9.3673177946604351,0.079579545457522854,-1.8145057975240171,-0.005260326481407329,-0.41027322747089895,0.0083438446152028032,
1.0003169999999999,-10.048400841195596,-0.65166798172607421,-2.3046937623065356,-9.3831452137157125,0.070354346006295657,-1.8204983569504976,-0.0047148307705049399,-0.41105767664053294,0.0085058042701563787,
1.0017480000000001,-10.048400835264587,-0.65328327879819881,-2.3111167858493959,-9.4116917877405921,0.062692337798200423,-1.829452738642426,-0.0042642524958775123,-0.41293712678699035,0.0077180192988771622,
1.002802,-9.8866524079402751,-0.6682531226431101,-2.279253635753967,-9.4116917822111379,0.06118640293075079,-1.8354408972756371,-0.0041984694892710332,-0.41293545030894413,0.0077175977497575127,
1.0032129999999999,-9.8866524020092665,-0.6698684197152347,-2.2856766592968274,-9.425263055798812,0.045485282447814968,-1.8485317520766174,-0.0035085263517993441,-0.41252703046594275,0.0077282623132140507,
1.004599,-9.886652396078258,-0.6714837167873593,-2.2920996828396878,-9.4723830617226419,0.031851154078382765,-1.8678828586728391,-0.003151810160077016,-0.41539734105214987,0.0073176053501784024,
1.006032,-9.8866523901472494,-0.6730990138594839,-2.2985227063825482,-9.4950386014183703,0.047415902280424575,-1.8864609119590454,-0.0038917735197401969,-0.41521722871421829,0.0071872437484381824,
1.0067390000000001,-9.8575914011956716,-0.68583884950445761,-2.3069088057288414,-9.4950385958889161,0.045909967412974942,-1.8924490705922565,-0.0038259905131337178,-0.41521555223617207,0.0071868221993185329,
1.0074700000000001,-9.857591395264663,-0.68745414657658221,-2.3133318292717018,-9.558986525927585,0.070963807457528824,-1.9062558822159974,-0.0054181870041841457,-0.41854762741652607,0.0091710428954435257,
1.0089109999999999,-9.8575913893336544,-0.68906944364870681,-2.3197548528145622,-9.6092272302165629,0.054326689025361502,-1.9193256702922477,-0.0042587938445872763,-0.42025939215366476,0.0090948298815325644,
1.010391,-9.8575913832582387,-0.69071981102763358,-2.3261417745710085,-9.6612227123991268,0.052642821788966968,-1.9255583657462381,-0.0042934574726489014,-0.42352206280543692,0.0089183283639750147,
1.0106630000000001,-9.901269080106827,-0.69343075133293774,-2.3650976703189315,-9.6612227067350425,0.051104191017626373,-1.9315128668313262,-0.0042262373245262773,-0.42352039574306982,0.0089178976624471225,
1.011779,-9.9012690740314113,-0.69508111871186451,-2.3714845920753778,-9.6588178407477692,0.046291782627406512,-1.9359101324534778,-0.0039243540515017479,-0.42357086854809012,0.0089739457808811988,
1.0132030000000001,-9.9012690679559956,-0.69673148609079127,-2.377871513831824,-9.6201644069341228,0.053772768465216697,-1.9456967832737726,-0.0041266384566336495,-0.4217695372934987,0.0089875141693504749,
1.0145709999999999,-9.9526662662378289,-0.69822859701310513,-2.4145500968257991,-9.6201644012700385,0.052234137693876102,-1.9516512843588607,-0.0040594183085110253,-0.4217678702311316,0.0089870834678225826,
1.0146440000000001,-9.9526662601624132,-0.6998789643920319,-2.4209370185822454,-9.5399007833447129,0.067318362191103528,-1.9571877561836597,-0.0051379193331991127,-0.41844469358133707,0.008397504457681752,
1.0160750000000001,-9.9526662540869975,-0.70152933177095866,-2.4273239403386917,-9.4470064021715121,0.055597290298789695,-1.9652964005698885,-0.0040078285053382762,-0.41336421643436699,0.0081843925463448083,
1.017512,-9.9526662480115817,-0.70317969914988543,-2.433710862095138,-9.419335260991641,0.072804313116093811,-1.9643249864159698,-0.0045104854118589756,-0.41230912996745001,0.0082848328420961521,
1.0185139999999999,-10.000665135142922,-0.70395244154137548,-2.4462138291716498,-9.4193352553275567,0.071265682344753209,-1.9702794875010579,-0.0044432652637363514,-0.41230746290508291,0.0082844021405682599,
1.018931,-10.000665129067507,-0.70560280892030225,-2.452600750928096,-9.4204869861043505,0.097026656069192349,-1.9669062795842178,-0.0054628303500600644,-0.4125759104007774,0.0077864338706382609,
1.020365,-10.00066512287863,-0.70729237252447841,-2.4589732319699769,-9.4288024501031256,0.096540599464242441,-1.9645010945761798,-0.0050524196649792442,-0.4138668528222042,0.0088787537886334481,
1.021803,-10.000665116689753,-0.70898193612865457,-2.4653457130118577,-9.3714199558114206,0.11203581266257905,-1.9598196298881043,-0.006035739600804578,-0.41156328544582083,0.0097692516668802173,
1.0224470000000001,-9.926770629720254,-0.71048286774231961,-2.4661609224830503,-9.371419950041556,0.11046063941041918,-1.9657606679539432,-0.0059669145495324129,-0.41156162214744574,0.009768810736192601,
1.023263,-9.9267706235313771,-0.71217243134649577,-2.4725334035249311,-9.2788080653832683,0.12189381488736432,-1.960682325304917,-0.0066766984044627298,-0.40797898150624917,0.0093308284870857496,
1.024681,-9.9267706173425001,-0.71386199495067193,-2.4789058845668119,-9.1509832656950696,0.078667373687014153,-1.9602019253741005,-0.0047933639486510771,-0.40174085636104212,0.0083236391150509677,
1.0260959999999999,-9.9267706111536231,-0.71555155855484809,-2.4852783656086928,-9.0410403628525078,0.036287719812679101,-1.965248030776263,-0.0025712398578935734,-0.39667423240371669,0.0083643948524356228,
1.0264549999999999,-9.8489540542806289,-0.6990629075722804,-2.4852149278365818,-9.0410403570826432,0.034712546560519232,-1.9711890688421019,-0.0025024148066214078,-0.3966725691053416,0.0083639539217480064,
1.027533,-9.8489540480917519,-0.70075247117645656,-2.4915874088784626,-8.9940742932605602,0.034968153810356492,-1.9732292015557231,-0.0026237148697330218,-0.39385962807099539,0.0092911772030005411,
1.0289710000000001,-9.8489540419028749,-0.70244203478063272,-2.4979598899203435,-9.0209076398861381,0.044237956115843011,-1.9811289501332729,-0.0033303023798319543,-0.3954212958760368,0.0098789495505624565,
1.030424,-9.8489540354045531,-0.70421102231491972,-2.5044602744340909,-9.0650699366612937,0.034436019999685909,-1.9862842779756602,-0.0031997387675135919,-0.39758771061519754,0.010822324720708869,
1.0304420000000001,-9.6948454587830089,-0.68905309156002881,-2.4864365972985865,-9.0650699306029345,0.032786800141655255,-1.9923445599262779,-0.003127669645646567,-0.39758601392481341,0.010821863062509356,
1.031833,-9.694845452284687,-0.69082207909431581,-2.4929369818123339,-9.1074100109467135,0.014341307528667111,-1.9999498086107279,-0.0024632372479194194,-0.40004493321828755,0.011670206068051827,
1.033266,-9.6948454457863651,-0.69259106662860281,-2.4994373663260814,-9.0905940794310727,-0.0074788780383826456,-2.0076783700320298,-0.0012485054743860855,-0.39879409825650114,0.012195285489981838,
1.034349,-9.6981943306236271,-0.6844202888063825,-2.5084351336097028,-9.0905940733727135,-0.0091280978964133029,-2.0137386519826475,-0.0011764363525190607,-0.39879240156611701,0.012194823831782326,
1.0347280000000001,-9.6981943241253052,-0.68618927634066951,-2.5149355181234503,-9.0937180904640798,-0.033429620401152244,-2.0257530940934321,-0.00020496024735762377,-0.39862310485032637,0.010703471938732429,
1.036143,-9.6981943176269834,-0.68795826387495651,-2.5214359026371977,-9.1103840885169891,-0.054775486607299979,-2.0494488153242592,0.0013814009198408008,-0.39879107211803388,0.0089935026433306739,
1.0375559999999999,-9.6981943111286615,-0.68972725140924351,-2.5279362871509452,-9.1719335913028104,-0.0012847934316726414,-2.0682608875146817,-0.00140125482478382,-0.40081425154733291,0.010165239336375172,
1.038281,-9.6898826914544767,-0.73736667054012761,-2.5356837319715115,-9.1719335852444512,-0.0029340132897032987,-2.0743211694652994,-0.0013291857029167952,-0.40081255485694878,0.01016477767817566,
1.0389969999999999,-9.6898826849561548,-0.73913565807441461,-2.542184116485259,-9.2693622310676247,0.057430888349186256,-2.0901128718558657,-0.0044936390604409081,-0.40587978753305287,0.0097863141853864206,
1.0404310000000001,-9.6898826784475176,-0.74090670856792529,-2.5485308105368438,-9.3425471389765455,0.072004119263179428,-2.1041442210272447,-0.0047258990926002204,-0.40863771203585902,0.0096749493257761703,
1.04189,-9.6898826719388804,-0.74267775906143596,-2.5548775045884287,-9.405634341157814,0.072885261563962328,-2.1080790408447534,-0.0045322029244969711,-0.41284353894132841,0.0097395142973085609,
1.04223,-9.6821215622688115,-0.78436969451052629,-2.5719078928196275,-9.4056343350898395,0.071234118417467518,-2.1139960378047902,-0.004460041578781178,-0.4128418823595732,0.0097390521007320006,
1.043288,-9.6821215557601743,-0.78614074500403697,-2.5782545868712123,-9.3663001326084405,0.072926847452386465,-2.1150277861245912,-0.0043495477448174252,-0.41019361923407249,0.0098285048253275963,
1.0447219999999999,-9.6821215492515371,-0.78791179549754764,-2.5846012809227972,-9.3171952300896077,0.053545806335218729,-2.1244834473768006,-0.0034774623707580256,-0.40853621848543153,0.0096806137240198764,
1.046146,-9.7852504764254533,-0.76069461126208848,-2.6025309164321677,-9.3171952240216331,0.051894663188723919,-2.1304004443368374,-0.0034053010250422329,-0.40853456190367632,0.0096801515274433161,
1.046163,-9.7852504699168161,-0.76246566175559916,-2.6088776104837526,-9.2362995832896946,0.049489287742179436,-2.1480484142970004,-0.0032659137222756851,-0.40369597959539727,0.0094856774183619021,
1.047596,-9.7852504634081789,-0.76423671224910983,-2.6152243045353374,-9.2281890340476487,0.10167631155065919,-2.1641676561746723,-0.0060385062015878444,-0.40337016673440401,0.0098827173980321897,
1.049031,-9.7852504568995418,-0.7660077627426205,-2.6215709985869222,-9.2565479816186773,0.14250497660469932,-2.1806157571961986,-0.0080658952638166907,-0.40445182430265675,0.0096414015726144012,
1.0500780000000001,-9.881529352025737,-0.70680771335250014,-2.6378785235196376,-9.2565479755507027,0.14085383345820451,-2.1865327541562354,-0.0079937339181008985,-0.40445016772090153,0.0096409393760378409,
1.0504549999999999,-9.881529345269545,-0.70864581002077986,-2.6443056729809453,-9.3038947016746008,0.16975228231613607,-2.1888719125883185,-0.0095303224062565535,-0.40719730905147206,0.010129653193491192,
1.0518810000000001,-9.8815293385133529,-0.71048390668905959,-2.6507328224422531,-9.3112375143392185,0.16987206121796708,-2.19144960736253,-0.0097203761620649719,-0.40849047584058168,0.0097940535781400762,
1.0533349999999999,-9.8815293317571609,-0.71232200335733931,-2.6571599719035608,-9.2423679647499419,0.14755798408151469,-2.1874929830481826,-0.0084414288458174568,-0.40505019339362081,0.0098605444560773015,
1.0540449999999999,-9.8086348306845377,-0.65917287448958717,-2.6848030719737834,-9.2423679584511724,0.14584433405993399,-2.1934849882583221,-0.008366527603632979,-0.40504851580504952,0.0098600647622511337,
1.0547690000000001,-9.8086348239283456,-0.66101097115786689,-2.6912302214350912,-9.1546145253561075,0.13667475344263111,-2.1958275143255297,-0.008113190270766367,-0.40150306665620117,0.0089766338785121098,
1.056176,-9.8086348171721536,-0.66284906782614661,-2.6976573708963989,-9.0604078779390633,0.11386203570815107,-2.2079054413251673,-0.0072672101449871331,-0.39618184072735668,0.007838597597631846,
1.057631,-9.8086348104159615,-0.66468716449442633,-2.7040845203577066,-9.0406802784563407,0.13272359085563873,-2.2133087200287078,-0.0076979312999822091,-0.39540809297537244,0.0090341546964417332,
1.0579670000000001,-9.7218577178783772,-0.67668214405560045,-2.6802992553073715,-9.0406802721575712,0.13100994083405804,-2.2193007252388472,-0.0076230300577977313,-0.39540641538680116,0.0090336750026155654,
1.0590599999999999,-9.7218577111221851,-0.67852024072388017,-2.6867264047686792,-9.0613060685624216,0.17272746788031079,-2.2216551288073103,-0.01032641587368789,-0.39609968559855069,0.0090955304826954696,
1.0605100000000001,-9.7218577040359193,-0.68045117055722437,-2.6933124020902084,-9.1051333300371677,0.13639631607051078,-2.2216528304060521,-0.0082577945154961949,-0.39828057299620973,0.0095736557659345523,
1.061909,-9.6408317616626018,-0.63206957922879303,-2.670150711143072,-9.1051333234306711,0.13459611806804231,-2.2277929288279332,-0.0081791019766498489,-0.39827885393913726,0.0095731518451480316,
1.0619149999999999,-9.640831754576336,-0.63400050906213723,-2.6767367084646012,-9.1490455942534847,0.064897797393006898,-2.231206372461112,-0.0047699700756295114,-0.40068678434496002,0.010216371403946141,
1.063347,-9.6408317474900702,-0.63593143889548143,-2.6833227057861304,-9.1564773959182855,0.038345962369086384,-2.2386141318613686,-0.0038522106823467833,-0.4005314913167396,0.010485055000347738,
1.0648040000000001,-9.6408317404038044,-0.63786236872882562,-2.6899087031076596,-9.168449169137121,0.01262660145403232,-2.2539623612905535,-0.0026040365398737365,-0.40099508124037642,0.010845584285405675,
1.0658430000000001,-9.6537972391562565,-0.59427443274616554,-2.7090151216459146,-9.1684491625306244,0.010826403451563851,-2.2601024597124346,-0.0025253440010273901,-0.40099336218330395,0.010845080364619154,
1.0662180000000001,-9.6537972320699907,-0.59620536257950973,-2.7156011189674438,-9.1837110572976783,0.019870140826607152,-2.2866953821067955,-0.0026799016648693004,-0.40075390665268024,0.010572260862777455,
1.067634,-9.6537972249837249,-0.59813629241285393,-2.722187116288973,-9.2508707286403151,0.076726199775742104,-2.3046125786090528,-0.0058022435500816455,-0.40333461529852754,0.011060951304273649,
1.0690930000000001,-9.6537972178974591,-0.60006722224619813,-2.7287731136105022,-9.3362922957667536,0.091466780438046805,-2.3176120705900902,-0.0062976758801692569,-0.40754150998016608,0.010665830617441575,
1.0697540000000001,-9.6689078347038588,-0.64360303769043525,-2.7534169419759031,-9.3362922891602569,0.089666582435578332,-2.3237521690119713,-0.0062189833413229109,-0.40753979092309361,0.010665326696655054,
1.0705150000000001,-9.6689078275041318,-0.6455597545140751,-2.7599348616430519,-9.4085363726820521,0.072674848944844467,-2.3299737218531722,-0.0050428824122610277,-0.4104950798504961,0.010266134967285448,
1.071925,-9.6689078203044048,-0.64751647133771495,-2.7664527813102007,-9.4611633007292113,0.053994705059670189,-2.3324479285856583,-0.0044360108185761433,-0.41377566677783417,0.010446719211115464,
1.073372,-9.6689078131046777,-0.6494731881613548,-2.7729707009773494,-9.4437416808909642,0.056239693702430107,-2.3349130404019229,-0.0038175380312942147,-0.41232635559924347,0.0097310744097918161,
1.0736749999999999,-9.6830137417762749,-0.68101872179872902,-2.7956090563700129,-9.4437416741786873,0.054415454594159543,-2.3409896703044861,-0.0037377866646023006,-0.41232465430395265,0.009730563759292982,
1.074808,-9.6830137345765479,-0.68297543862236887,-2.8021269760371617,-9.4158894237871156,0.086920300129338851,-2.3477173936766356,-0.0058603142515919124,-0.41173523104452248,0.009571320427891555,
1.0762400000000001,-9.6830137273768209,-0.68493215544600872,-2.8086448957043104,-9.3478621952060088,0.09995277601296966,-2.355248710553842,-0.0059356725250876976,-0.40751820732279687,0.0093588521079057511,
1.0776140000000001,-9.7891879107552171,-0.71250220528236718,-2.8168066832604381,-9.3478621884937318,0.098128536904699096,-2.3613253404564052,-0.0058559211583957835,-0.40751650602750605,0.0093583414574069171,
1.077682,-9.7891879035554901,-0.71445892210600703,-2.8233246029275869,-9.3329670676888004,0.12797806416575436,-2.3606921238172327,-0.0074955645618563615,-0.40738246117195559,0.0091463934621004491,
1.079108,-9.789187896355763,-0.71641563892964688,-2.8298425225947357,-9.3202478565600462,0.12966124063414086,-2.3562239410984489,-0.0079903897420107884,-0.40665984017909751,0.0076940300611199096,
1.080554,-9.7891878889394253,-0.71843527600960855,-2.8364058273648047,-9.3077887061861073,0.090877260493836653,-2.3530903559589884,-0.0051327167088401592,-0.4070186499676901,0.0084500209881859314,
1.0815680000000001,-9.7299238727692003,-0.68014510414679985,-2.8385641914372965,-9.3077886992718852,0.088994361087408533,-2.3592092982077633,-0.0050503925273166113,-0.40701693681925061,0.0084494939171921076,
1.082006,-9.7299238653528626,-0.68216474122676152,-2.8451274962073656,-9.2537501149668611,0.1049265054273556,-2.3522070367017611,-0.0064780654496051568,-0.40479240691140483,0.0089641165226029568,
1.0834189999999999,-9.7299238579365248,-0.68418437830672318,-2.8516908009774347,-9.1749014767703958,0.12559828836038947,-2.3483306664140908,-0.0075133609964350189,-0.40143086355930002,0.0088259179203323494,
1.0848370000000001,-9.729923850520187,-0.68620401538668485,-2.8582541057475037,-9.0898144467446631,0.10402226635213589,-2.3587640600055226,-0.0062081602269147412,-0.3976016563615295,0.0088637220719419412,
1.085493,-9.6745984951587367,-0.6526225526424565,-2.8594552876050527,-9.089814439830441,0.10213936694570777,-2.3648830022542975,-0.0061258360453911934,-0.39759994321309,0.0088631950009481174,
1.0862750000000001,-9.6745984877423989,-0.65464218972241817,-2.8660185923751218,-9.0200460750706668,0.13101357200685898,-2.366118581290038,-0.0075352068795815083,-0.39404146871710388,0.009356067510264101,
1.08769,-9.6745984803260612,-0.65666182680237983,-2.8725818971451909,-9.0016372354084666,0.12888189108672074,-2.3647730410731804,-0.0081142839467909667,-0.39312944934250788,0.010345013655370007,
1.089154,-9.6745984729097234,-0.6586814638823415,-2.8791452019152599,-9.0116266620280552,0.075654251726407995,-2.3652479477949737,-0.0053578033576393014,-0.39376293692529746,0.0088634338277394399,
1.089439,-9.5657823769994579,-0.62818193609427686,-2.8676696539754767,-9.0116266551138331,0.073771352319979874,-2.3713668900437486,-0.0052754791761157535,-0.39376122377685796,0.0088629067567456161,
1.0905590000000001,-9.5657823692633617,-0.63028924894124394,-2.8743639566562482,-9.0290935115025288,0.03668407044476376,-2.3695191751013334,-0.0037639059158350177,-0.39460274354407604,0.0083284338612784718,
1.091987,-9.5657823615272655,-0.63239656178821102,-2.8810582593370198,-9.0428046633032739,0.00029536775769264251,-2.3756292641452821,-0.0020702210629015656,-0.39572734827818845,0.0085058355955930382,
1.09338,-9.551964731072248,-0.68647585632425101,-2.891254568363085,-9.0428046560909419,-0.0016692714084628885,-2.3818703352115325,-0.001984315247527335,-0.39572560092975295,0.008505285643580697,
1.0934349999999999,-9.5519647233361518,-0.68858316917121809,-2.8979488710438566,-9.0328125856679939,-0.022650516264847098,-2.3974038193708824,-0.0012373255379672259,-0.39423902380903564,0.0092350226111460858,
1.0948640000000001,-9.5519647156000556,-0.69069048201818517,-2.9046431737246281,-9.0679532168252859,-0.040065310351483377,-2.4209957639310833,-0.0010338659943268588,-0.39612225848883731,0.008943397990602165,
1.096279,-9.5519647078639593,-0.69279779486515225,-2.9113374764053996,-9.1101716264941626,-0.055486857231653232,-2.4451721302810978,0.00013030994939448089,-0.39651150215351472,0.0089043259345061489,
1.097334,-9.5390596235146816,-0.7331081427410725,-2.8933204264463455,-9.1101716192818305,-0.057451496397808763,-2.4514132013473482,0.00021621576476871175,-0.39650975480507922,0.0089037759824938077,
1.0977239999999999,-9.5390596157785854,-0.73521545558803958,-2.900014729127117,-9.225997628336204,-0.023270864454865363,-2.4602451179490701,-0.0019798028420436207,-0.40209258463933323,0.0099496532231807717,
1.0991550000000001,-9.5390596080424892,-0.73732276843500666,-2.9067090318078885,-9.3424444838753029,-0.061843444565544095,-2.4780680589288404,0.0002924274098277189,-0.40669245047227126,0.0088649207943780339,
1.1005959999999999,-9.5390596001310399,-0.73947340342567047,-2.913379610457588,-9.4759131528539839,-0.060931944849235371,-2.4855965566744693,0.0011552710284372715,-0.41351420859385241,0.0095275501888094933,
1.101302,-9.5730787084903355,-0.77459719349157896,-2.9539695140289952,-9.475913145478172,-0.062936973073138475,-2.4918155099233816,0.0012429510778167714,-0.41351246742957037,0.0095269889308812403,
1.102009,-9.5730787005788862,-0.77674782848224277,-2.9606400926786947,-9.5380882970081142,-0.0047688009696347511,-2.4983667697452527,-0.0021206912456661832,-0.41676196202181015,0.0095112855080640244,
1.1034520000000001,-9.5730786926674369,-0.77889846347290659,-2.9673106713283941,-9.5284783805857778,0.0039752274197649463,-2.5110777303767118,-0.0020365645055806006,-0.41600531420072312,0.009378273939047381,
1.1048739999999999,-9.5730786847559877,-0.7810490984635704,-2.9739812499780935,-9.4767296460407859,0.013085605775438691,-2.529019258211842,-0.0026926000784743311,-0.41380651354392006,0.0090954202820765565,
1.1051930000000001,-9.7525994435933274,-0.76786762984260304,-3.0286959407105241,-9.476729638664974,0.011080577551535582,-2.5352382114607543,-0.0026049200290948309,-0.41380477237963803,0.0090948590241483034,
1.1063320000000001,-9.7525994356818781,-0.77001826483326685,-3.0353665193602235,-9.4200997973265412,0.036749603334866182,-2.5463598834488637,-0.003133794770403266,-0.40956658300807858,0.0092809144526114062,
1.107731,-9.7525994277704289,-0.77216889982393067,-3.0420370980099229,-9.4683747631998969,0.079238537197683201,-2.5510598519000833,-0.0051018244286824103,-0.41264936643013128,0.0092067103585383031,
1.10917,-9.9203285200101021,-0.75996977885379879,-3.0668957879765331,-9.4683747558240849,0.077233508973780091,-2.5572788051489956,-0.0050141443793029102,-0.41264762526584925,0.0092061491006100501,
1.1092249999999999,-9.9203285120986529,-0.76212041384446261,-3.0735663666262325,-9.5130614646926936,0.084512294034533211,-2.5660542313430157,-0.0049884484642271623,-0.4140252631907228,0.0092104029392613921,
1.110614,-9.9203285037746127,-0.76438863751087505,-3.0804370523206268,-9.5787287160496319,0.12308436918432102,-2.5642035360873421,-0.006469014165919656,-0.41805283417381861,0.0099658452179833303,
1.11205,-9.9203284954505726,-0.76665686117728749,-3.0873077380150211,-9.5778852321827426,0.17840035969833185,-2.5544270010457746,-0.0094458393716196007,-0.41859790886167542,0.0099324607827355593,
1.1130899999999999,-9.9031682916818937,-0.71535106587630237,-3.1011268917794905,-9.577885224422273,0.17628570403197058,-2.5608325132757117,-0.0093533569573404814,-0.41859611545798447,0.0099318688373244719,
1.1134679999999999,-9.9031682833578536,-0.71761928954271481,-3.1079975774738848,-9.5231010637661306,0.16697612967592529,-2.5559875351085606,-0.00870488393876594,-0.41596042590854099,0.0087304301441674653,
1.1148990000000001,-9.9031682750338135,-0.71988751320912725,-3.1148682631682791,-9.444111381236425,0.12326487535957457,-2.5529790472485296,-0.006256278538150058,-0.41272483690073564,0.0077180278577025927,
1.1163510000000001,-9.9031682667097733,-0.72215573687553969,-3.1217389488626734,-9.3543890332426116,0.14135741831461762,-2.5456662284380163,-0.0070051656746823246,-0.40745097903619287,0.007490869746746882,
1.117027,-9.8393527416493338,-0.67450794651255852,-3.1311076004596834,-9.354389025482142,0.13924276264825636,-2.5520717406679534,-0.0069126832604032061,-0.40744918563250193,0.0074902778013357955,
1.1177760000000001,-9.8393527333252937,-0.67677617017897096,-3.1379782861540777,-9.3528970885768512,0.14261382308765058,-2.5509839326975658,-0.006904379200922614,-0.40767976572219755,0.0082786634649091619,
1.1192070000000001,-9.8393527250012536,-0.6790443938453834,-3.144848971848472,-9.392371974881387,0.12099782906683587,-2.5571473388639285,-0.0059262657551712884,-0.40855759684801785,0.0081038220357368979,
1.120638,-9.8393527161717884,-0.68144877282055727,-3.1519610237720341,-9.4937608068267405,0.13732516045433937,-2.5537580454520445,-0.0073829570086651388,-0.41420623446342331,0.0089792029150063297,
1.1209769999999999,-9.7797573350323379,-0.63848352299520261,-3.133347010034143,-9.4937607985950656,0.13508356774934258,-2.5603885824322905,-0.007284914451382218,-0.41420437804899363,0.0089785754367189795,
1.1220779999999999,-9.7797573262028727,-0.64088790197037648,-3.1404590619577051,-9.5625962761509644,0.11389854497351011,-2.5560314749664026,-0.0062825698541542126,-0.41765969653493995,0.0097452013974161505,
1.1235120000000001,-9.7797573173734076,-0.64329228094555035,-3.1475711138812672,-9.5787813519535412,0.061897051119626963,-2.553117349201711,-0.003828383414001978,-0.41848508605796081,0.0094661469545749711,
1.1248899999999999,-9.8327186783735634,-0.66195546356244173,-3.1492124732022457,-9.5787813437218663,0.059655458414630158,-2.5597478861819569,-0.0037303408567190568,-0.41848322964353113,0.0094655194762876208,
1.124927,-9.8327186695440982,-0.6643598425376156,-3.1563245251258079,-9.5609418100585408,0.0011114815299926445,-2.5601586142065997,-0.0014646038534229474,-0.4174762540549265,0.0082918412509067462,
1.1263620000000001,-9.8327186607146331,-0.66676422151278947,-3.16343657704937,-9.5414262984008786,-0.038992693948343683,-2.5696365497048799,0.00041374099922150817,-0.41574644521973869,0.0075290989221441524,
1.127793,-9.8327186518851679,-0.66916860048796334,-3.1705486289729321,-9.5807266331558054,-0.013829643676262989,-2.5726864762377128,-0.000541695133330956,-0.41773919438768509,0.0079201613840640481,
1.1288659999999999,-9.822633672877993,-0.76143093598173572,-3.1711799347825185,-9.5807266249241305,-0.016071236381259797,-2.5793170132179588,-0.0004436525760480349,-0.41773733797325541,0.0079195339057766979,
1.129238,-9.8226336640485279,-0.76383531495690959,-3.1782919867060806,-9.6266515200941214,0.019098294800019056,-2.589628578267567,-0.00258705646112657,-0.41979820147437141,0.0068564774015907612,
1.1306670000000001,-9.8226336551571745,-0.76625516612626088,-3.1852843869946708,-9.6505357486333612,0.044640393411148088,-2.5815969093965285,-0.0029826574142517407,-0.42183718735518322,0.0078283606817144726,
1.1320969999999999,-9.822633646265821,-0.76867501729561216,-3.1922767872832609,-9.6137163912096089,0.062595339619615123,-2.5754671805702039,-0.0046114186384051022,-0.42065924531868248,0.0083781855198886944,
1.1328039999999999,-9.8132180656268613,-0.8497494462377434,-3.175139167714125,-9.6137163829202361,0.060339322251136987,-2.5819861668195276,-0.004512736788128629,-0.42065742012755836,0.0083775540037742697,
1.133559,-9.8132180567355078,-0.85216929740709468,-3.1821315680027151,-9.516332162240607,0.019450592920563878,-2.5756878067013753,-0.0019218374337685224,-0.41622616968406223,0.0081819359582756563,
1.1349720000000001,-9.8132180478441544,-0.85458914857644597,-3.1891239682913053,-9.4083598985265411,0.015446956279914213,-2.5813730332261575,-0.0011349075157788832,-0.41142262895167592,0.0082348452795047954,
1.1363859999999999,-9.813218038952801,-0.85700899974579725,-3.1961163685798955,-9.3210670623529523,0.070968038714648574,-2.5868602707432906,-0.0039622445868798418,-0.40686437905061529,0.0087125797648776888,
1.136822,-9.8440153627543232,-0.81549950289123319,-3.1805773260293955,-9.3210670540635796,0.068712021346170438,-2.5933792569926144,-0.0038635627366033691,-0.40686255385949116,0.0087119482487632641,
1.137823,-9.8440153538629698,-0.81791935406058447,-3.1875697263179856,-9.297313899778695,0.16027904649941704,-2.6003476562550061,-0.0079070684032557272,-0.40586511144058518,0.0095780629745910693,
1.1392599999999999,-9.8440153449716163,-0.82033920522993575,-3.1945621266065758,-9.2944483941789819,0.21782474359949636,-2.6093411831001774,-0.011179210044585202,-0.40634102513690862,0.0083941260975311741,
1.140703,-9.8440153357295586,-0.82285498400318713,-3.2016628322544078,-9.2876429808347947,0.24525096625532936,-2.5973302705469092,-0.012203551637536307,-0.40658760039241909,0.0082244768765848148,
1.1407560000000001,-9.7458905342435411,-0.70252076655712559,-3.1859870420717913,-9.2876429722184621,0.24290551597326704,-2.6039502294406023,-0.012100949282468042,-0.40658574692217431,0.0082238203259442037,
1.1421269999999999,-9.7458905250014833,-0.70503654533037696,-3.1930877477196233,-9.2346918798719599,0.21346271702752939,-2.596203240705163,-0.010711881845886125,-0.40475561212943301,0.0086970565951853037,
1.1435550000000001,-9.7458905157594256,-0.70755232410362834,-3.2001884533674554,-9.1392798263021469,0.15383080171275729,-2.5905848181771662,-0.0081261386450536474,-0.40045313382565723,0.0085908192423721063,
1.1446940000000001,-9.6542948852646262,-0.6002422431961123,-3.2190541806192932,-9.1392798176858143,0.15148535143069497,-2.5972047770708593,-0.0080235362899853824,-0.40045128035541244,0.0085901626917314951,
1.1450039999999999,-9.6542948760225684,-0.60275802196936368,-3.2261548862671252,-9.0409760400559023,0.12616796870796573,-2.6046610144199951,-0.0066401776666962509,-0.39596446306580929,0.0085221525108113792,
1.146431,-9.6542948667805106,-0.60527380074261505,-3.2332555919149573,-8.9643796587575881,0.14984208993518836,-2.6197039788069758,-0.0077053244141394722,-0.39162559270537711,0.0096384501847943515,
1.1478569999999999,-9.6542948575384528,-0.60778957951586643,-3.2403562975627893,-8.9671593824308928,0.19780051560518985,-2.6365426785754389,-0.010525218918394488,-0.3919228888311837,0.011198829228089775,
1.148622,-9.5340038239057012,-0.65885146841192266,-3.1969271547503446,-8.9671593738145603,0.19545506532312754,-2.6431626374691319,-0.010422616563326223,-0.39192103536093892,0.011198172677449164,
1.149281,-9.5340038146636434,-0.66136724718517403,-3.2040278603981767,-8.9930206072663221,0.16014573819732536,-2.6591374480560948,-0.0089682288043755748,-0.39308751454283369,0.011097616821869329,
1.150746,-9.5340038053700127,-0.66389643519337904,-3.2110089144110368,-9.0329846522263786,0.10705739704742173,-2.6689592716115227,-0.0068543063387344816,-0.39557484265643145,0.0093404617450951466,
1.15215,-9.5340037960763819,-0.66642562320158405,-3.2179899684238968,-9.0290538987581126,0.053589596785147409,-2.6666915146258359,-0.0049451826567246575,-0.39563982479245891,0.0090809559220792428,
1.1525479999999999,-9.5516741181441542,-0.66080072178349736,-3.1754371708644005,-9.0290538900936976,0.051231645128068083,-2.6731999227886063,-0.0048420254387073628,-0.39563800254594178,0.0090802958719886067,
1.153621,-9.5516741088505235,-0.66332990979170237,-3.1824182248772606,-8.9866282253546288,-0.045293003885302358,-2.689986852619167,0.00042675373030810326,-0.3932076492176575,0.0082733085007858712,
1.1550009999999999,-9.5516740995568927,-0.66585909779990737,-3.1893992788901206,-8.953931096914129,-0.053722037909331014,-2.7051009576552727,0.00059337294468523379,-0.39197776000512363,0.0081676774329760785,
1.156493,-9.551674090263262,-0.66838828580811238,-3.1963803329029807,-8.9262781576986612,-0.015031246882441548,-2.7218363008111877,-0.0015329397081623745,-0.38992665812028598,0.0091070025379841549,
1.1565110000000001,-9.5681776636199043,-0.66253812020130931,-3.2254909041027737,-8.9262781490342462,-0.017389198539520877,-2.7283447089739581,-0.00142978249014508,-0.38992483587376886,0.0091063424878935189,
1.157891,-9.5681776543262735,-0.66506730820951432,-3.2324719581156338,-8.9362015603829406,-0.011141155201436497,-2.7466490164046924,-0.0016931481561552773,-0.39074076157901788,0.0096494484983062866,
1.159348,-9.5681776450326428,-0.66759649621771933,-3.2394530121284939,-8.9462402285196614,-0.021069760770899958,-2.7515765723814392,-0.0011972665180910367,-0.39116380579700716,0.009876323876888457,
1.160439,-9.5020831814618081,-0.7289506851462868,-3.2654298589662196,-8.9462402196340687,-0.023489257658833078,-2.7581051750730836,-0.001091408637104882,-0.39116197788782708,0.0098756465987369976,
1.16076,-9.502083171930936,-0.73154588784964913,-3.2724325740509279,-8.9543077633303714,-0.038936842247444856,-2.7585511091941166,-0.000627506578266532,-0.39224577393030041,0.0097175997356708111,
1.16222,-9.5020831624000639,-0.73414109055301147,-3.2794352891356362,-8.9141749564454269,-0.052936559756019005,-2.7586072483322512,0.0006276030430768366,-0.39114232677124433,0.0087616089970533641,
1.1636340000000001,-9.5020831528691918,-0.7367362932563738,-3.2864380042203445,-8.8165314376781261,-0.043078368104429492,-2.7687874463042967,0.00060805214422134687,-0.38606116668854634,0.0094121315562278682,
1.164366,-9.4016346467581293,-0.76122501708418644,-3.3103507406304105,-8.8165314287925334,-0.045497864992362615,-2.7753160489959412,0.00071391002520750156,-0.38605933877936627,0.0094114542780764088,
1.165049,-9.4016346372272572,-0.76382021978754877,-3.3173534557151187,-8.7333712891308348,0.027619506764067665,-2.7816989121721685,-0.0026810145210332441,-0.3826585583768059,0.0092618549610343492,
1.1664639999999999,-9.4016346276963851,-0.7664154224909111,-3.324356170799827,-8.6671622333251754,0.080698033634674302,-2.7978002837089218,-0.0050925864647367721,-0.37836680805489009,0.0084720965324309658,
1.167896,-9.401634618165513,-0.76901062519427343,-3.3313588858845353,-8.6794470468818101,0.096838247612591674,-2.8073836566714894,-0.0059097314730800661,-0.37932528947074701,0.009136712377770518,
1.1683209999999999,-9.3891643768077664,-0.78987936011634996,-3.3246193308837997,-8.6794470379962174,0.094418750724658551,-2.8139122593631338,-0.0058038735920939114,-0.37932346156156693,0.0091360350996190585,
1.1693480000000001,-9.3891643672768943,-0.79247456281971229,-3.331622045968508,-8.7094849415085296,0.12193017070165631,-2.8133735140969289,-0.0069421854759559309,-0.38045439400537867,0.009131992210992439,
1.170782,-9.3891643573643755,-0.79517497644348112,-3.338748538606636,-8.7566373646042877,0.12556260370689956,-2.8148813716165821,-0.007588811603758165,-0.383087503258143,0.0080678663349875931,
1.1722129999999999,-9.3891643474518567,-0.79787539006724995,-3.345875031244764,-8.7803755286921703,0.08636061112251453,-2.8217082692690498,-0.0050036198466989167,-0.38422908922358318,0.0088067969997372413,
1.172264,-9.2936415008538464,-0.71218072199476834,-3.366145154217564,-8.7803755194507698,0.083843026522908523,-2.828352269268545,-0.0048934623103318231,-0.38422722899619205,0.0088060922643636661,
1.1736260000000001,-9.2936414909413276,-0.71488113561853717,-3.373271646855692,-8.7808457775090769,0.10501596329281924,-2.8410054640087679,-0.0064381352376798604,-0.38375937839765606,0.0078777446692735089,
1.175082,-9.2936414810288088,-0.71758154924230599,-3.3803981394938201,-8.7935876614132109,0.11045966784074045,-2.8598876889218556,-0.0070988310626649148,-0.38388276365164026,0.0077789846934564052,
1.176185,-9.1803458225196799,-0.7319326845561368,-3.3991510480509977,-8.7935876521718104,0.10794208324113444,-2.8665316889213508,-0.0069886735262978212,-0.38388090342424913,0.0077782799580828291,
1.176496,-9.1803458126071611,-0.73463309817990563,-3.4062775406891257,-8.8443849062480187,0.093165967524384039,-2.8868486311153791,-0.0057254145067453521,-0.38557318211155189,0.0086140740880151067,
1.1779360000000001,-9.1803458026946423,-0.73733351180367446,-3.4134040333272537,-8.9322978240775264,0.09329553978099854,-2.9003380876557765,-0.0063654631820532753,-0.38910159995810223,0.0089761681062322917,
1.1793629999999999,-9.1803457927821235,-0.74003392542744328,-3.4205305259653818,-9.0411054901230816,0.045668630629846003,-2.9060670032936216,-0.0043608984271160398,-0.39416388111845635,0.0093576707070804101,
1.1801269999999999,-9.1965284665517597,-0.75186278909815896,-3.4252328761148672,-9.0411054808816811,0.043151046030239996,-2.9127110032931167,-0.0042507408907489462,-0.39416202089106522,0.0093569659717068349,
1.180839,-9.1965284564845184,-0.75460136746756556,-3.4323016058947324,-9.1422135178639898,0.0004640440690942757,-2.9128265203359676,-0.0018042443367705806,-0.39864427083805992,0.0098905909514183394,
1.182275,-9.1965284464172772,-0.75733994583697217,-3.4393703356745977,-9.1988272572473768,-0.016397559726427129,-2.9095247211534039,-0.0015202403887880462,-0.40173059720155307,0.010214374178219873,
1.1837059999999999,-9.1965284363500359,-0.76007852420637878,-3.446439065454463,-9.1876715807277751,-0.060478021764990224,-2.909863892745046,0.00055136097211795068,-0.40100411026108262,0.0095594598999084821,
1.184059,-9.3518514228389655,-0.79390944083107606,-3.4561472873917767,-9.1876715713421273,-0.0630311872011836,-2.9164540406675443,0.00066308339352360213,-0.40100226510190196,0.0095587452045613527,
1.185154,-9.3518514127717243,-0.79664801920048267,-3.463216017171642,-9.1542009959264394,-0.074548559268088552,-2.9186355085348734,0.00075683707324246364,-0.39945013920873407,0.0085251509783165428,
1.1865600000000001,-9.351851402704483,-0.79938659756988928,-3.4702847469515072,-9.1160263686148504,-0.090520595340241983,-2.9238135276513679,0.0012236085106006136,-0.3966306441054494,0.0086382598984425605,
1.1879930000000001,-9.3518513926372417,-0.80212517593929589,-3.4773534767313725,-9.1470571746717493,-0.10856508232475298,-2.9261237479137234,0.0027324450484818115,-0.39825355579233168,0.0086474578026374815,
1.1879949999999999,-9.4944885738954969,-0.82665554242646133,-3.4857058276866137,-9.1470571652861015,-0.11111824776094635,-2.9327138958362218,0.002844167469887463,-0.39825171063315101,0.0086467431072903521,
1.1894,-9.4944885638282557,-0.82939412079586794,-3.492774557466479,-9.1816011938663742,-0.04252788049064854,-2.9279321210948899,-0.00066260799173409367,-0.40024733796040224,0.0085613043748006493,
1.1908540000000001,-9.4944885535134596,-0.83220490273810255,-3.4998742316346991,-9.1889394865473601,-0.0080396744545146032,-2.9222370027971856,-0.0019949671529750422,-0.40112112032931757,0.0096254095794333916,
1.191943,-9.4650663082305702,-0.85342441767866295,-3.4885708462462932,-9.1889394769309174,-0.010660154986954055,-2.9288560000466464,-0.0018802912492336954,-0.40111926708435741,0.0096246760408953413,
1.1923049999999999,-9.465066297915774,-0.85623519962089756,-3.4956705204145133,-9.146774378758586,0.014019116853652144,-2.9215709802732923,-0.0025802610102320079,-0.39979525857910414,0.009994498647170981,
1.193729,-9.4650662876009779,-0.85904598156313217,-3.5027701945827334,-9.0530904492353699,0.046696460192255179,-2.9116359248307404,-0.004895916819421444,-0.39518395402847017,0.010062369663614314,
1.195155,-9.4650662772861818,-0.86185676350536677,-3.5098698687509535,-8.9683929878322282,0.034863389975319299,-2.9111029461473632,-0.0031427431291118019,-0.39175167031169678,0.0093718188617994587,
1.1958880000000001,-9.4869864087710933,-0.79574216416876864,-3.4957111498225752,-8.9683929782157854,0.032242909442879844,-2.917721943396824,-0.0030280672253704551,-0.39174981706673662,0.0093710853232614084,
1.196577,-9.4869863984562972,-0.79855294611100325,-3.5028108239907954,-8.8949213531622178,0.065743141318069853,-2.9220230788913706,-0.0046848712042055094,-0.38758777062870259,0.0097767308983215048,
1.198007,-9.4869863881415011,-0.80136372805323786,-3.5099104981590155,-8.8812857029396586,0.13276782697448519,-2.9214396841419608,-0.0078089656132899797,-0.38717266638748887,0.010476579472232595,
1.199435,-9.486986377826705,-0.80417450999547246,-3.5170101723272356,-8.8983504983286839,0.16432622862484964,-2.9335341064401934,-0.0088507424656117835,-0.38774487870007657,0.0095235089293286869,
1.19981,-9.5074469370696768,-0.73542383051099713,-3.5025425874412188,-8.8983504887122411,0.16170574809241017,-2.9401531036896542,-0.0087360665618704363,-0.38774302545511641,0.0095227753907906366,
1.200858,-9.5074469264248069,-0.73832125674062532,-3.5097051818657605,-8.9483241445568513,0.19476602670400284,-2.9406716461874804,-0.010990442912742177,-0.3904596314734563,0.0088120699800946257,
1.202302,-9.5074469157799371,-0.74121868297025351,-3.5168677762903022,-8.9824403506280461,0.1577758602733304,-2.9486611104170053,-0.008867079405113068,-0.39227160455305554,0.0085763616805132857,
1.2037150000000001,-9.5074469051350672,-0.74411610919988169,-3.5240303707148439,-8.9780899098267497,0.13544385504663076,-2.957578857795319,-0.0078694191284203237,-0.39176629728814499,0.0085136189883450279,
1.203756,-9.4090455641168358,-0.68217534499679522,-3.5232832971754866,-8.9780898999025815,0.13274259639869598,-2.964256515342937,-0.0077512003535614186,-0.391764427609192,0.0085128628379762001,
1.205165,-9.4090455534719659,-0.6850727712264234,-3.5304458916000283,-8.9843305696910392,0.13008095915604781,-2.966266279323722,-0.0083126029594263965,-0.3922066036419195,0.0078741553937787707,
1.2065870000000001,-9.409045542827096,-0.68797019745605159,-3.53760848602457,-8.9829572953467576,0.074050907963072288,-2.9863333508321017,-0.004957579184054082,-0.39112606969898184,0.00840232373711855,
1.207692,-9.4437251056748526,-0.73300983750352589,-3.5312246902138495,-8.9829572854225894,0.071349649315137501,-2.9930110083797197,-0.0048393604091951769,-0.39112420002002884,0.0084015675867497221,
1.2080169999999999,-9.4437250950299827,-0.73590726373315407,-3.5383872846383913,-9.0331145281186167,0.093587107740558048,-2.9984259281812293,-0.006115621002225638,-0.39399334013272941,0.0095649438977791039,
1.2094400000000001,-9.4437250843851128,-0.73880468996278226,-3.545549879062933,-9.058991110091215,0.11141373728742418,-3.001636830029712,-0.0075086474620060647,-0.39564780080335893,0.008575789861944294,
1.210874,-9.4437250737608736,-0.74169695879435138,-3.5525484682291939,-9.0323352502687833,0.048749697006476488,-3.013534201554346,-0.0039346977600351546,-0.39462479677455409,0.0081864654294317354,
1.2116119999999999,-9.4760958657348215,-0.70669193765468974,-3.5453556222527736,-9.0323352403638477,0.046053246579702091,-3.0200589576690624,-0.0038166817434091703,-0.39462296989737916,0.0081857106250052651,
1.2123269999999999,-9.4760958551105823,-0.70958420648625886,-3.5523542114190345,-8.9677890011179873,0.0090077304782348114,-3.0229078881056513,-0.0022125095163044927,-0.3920101656294907,0.0090047442938974102,
1.2137500000000001,-9.476095844486343,-0.71247647531782798,-3.5593528005852955,-8.8882152396826086,-0.010986103630786163,-3.0288312726374005,-0.0016971114072753847,-0.38764140531079477,0.0087266590908451989,
1.2151639999999999,-9.4760958338621037,-0.71536874414939711,-3.5663513897515564,-8.8552065894081426,-0.023920006866704487,-3.0400221195059762,-0.00048397762934175017,-0.38678123258966279,0.0086357157851670845,
1.2155320000000001,-9.5334520650879444,-0.68333381998736953,-3.5937274958006871,-8.8552065795032071,-0.026616457293478883,-3.0465468756206926,-0.00036596161271576586,-0.38677940571248787,0.0086349609807406143,
1.2165969999999999,-9.5334520544637051,-0.68622608881893865,-3.600726084966948,-8.8276299182369513,0.0022948756915817867,-3.0595005879981825,-0.0018108754362397533,-0.38465501190775947,0.010747559745778981,
1.218097,-9.5334520438394659,-0.68911835765050777,-3.607724674133209,-8.8519368373193075,0.061547846289300615,-3.0698783947470734,-0.0046415813636689115,-0.38659868397097741,0.011116551062795563,
1.2194659999999999,-9.4368786828836413,-0.72484814565940092,-3.6205832933973325,-8.8519368274143719,0.058851395862526218,-3.0764031508617897,-0.0045235653470429276,-0.38659685709380248,0.011115796258369092,
1.2195100000000001,-9.436878672259402,-0.72774041449097004,-3.6275818825635935,-8.8534926082930578,0.09815078588150028,-3.0862287928969181,-0.0067102408655046724,-0.38709151128720348,0.0095887546227010814,
1.220958,-9.4368786611606819,-0.73075852383518214,-3.6347372566308525,-8.8134952457456137,0.0827068667130825,-3.0888931793380885,-0.006093007973064616,-0.38558023567203364,0.009495970160165873,
1.2224090000000001,-9.4368786500619617,-0.73377663317939423,-3.6418926306981114,-8.7329209354460229,0.072536584171492849,-3.0935296080771284,-0.0049531998126350427,-0.38250816696246132,0.0088621413318687517,
1.223403,-9.3467005011908153,-0.78397414715437308,-3.6534034389149959,-8.7329209250987301,0.069722813148403853,-3.100200534115122,-0.0048300415140201244,-0.38250629914925155,0.0088613536864502098,
1.223781,-9.3467004900920951,-0.78699225649858517,-3.6605588129822548,-8.6145389149119342,0.09797220345353029,-3.107766801178109,-0.0064448854371717927,-0.37657365700677681,0.0080853418527809529,
1.2252430000000001,-9.346700478993375,-0.79001036584279727,-3.6677141870495138,-8.5430888085923637,0.1185211233577549,-3.1295678028475851,-0.006846329369237146,-0.37270033533823788,0.007981081082886813,
1.226685,-9.3467004678946548,-0.79302847518700936,-3.6748695611167728,-8.5398181469895391,0.1492059640604832,-3.1509432133004136,-0.0079271061977147384,-0.37208114053668323,0.0081746793073049964,
1.227333,-9.2766280391938398,-0.76771065267681182,-3.6670878202378527,-8.5398181366422463,0.1463921930373942,-3.1576141393384072,-0.0078039478990998201,-0.37207927272347346,0.0081738916618864545,
1.2280949999999999,-9.2766280280951197,-0.77072876202102392,-3.6742431943051117,-8.5975944892999525,0.20931699539265081,-3.1767908929089947,-0.011612557455220458,-0.37477659354143195,0.0087385463844934785,
1.2295039999999999,-9.2766280169963995,-0.77374687136523601,-3.6813985683723707,-8.6824736110629139,0.17995666239675545,-3.1860748805363812,-0.009694833979294765,-0.37896563653519222,0.0099080559765327043,
1.2309429999999999,-9.276628005722328,-0.77681861764926341,-3.6885260924901102,-8.747003536750162,0.14786242896627647,-3.1954301333167985,-0.0084853860414636044,-0.38190271455652286,0.0095637208231332746,
1.2312799999999999,-9.2492788618010078,-0.70600189388217571,-3.7301991404147854,-8.747003526239391,0.14499865244311877,-3.2020750949605254,-0.0083600311493911856,-0.38190085400421964,0.0095629191799161978,
1.232402,-9.2492788505269363,-0.70907364016620311,-3.7373266645325249,-8.7757110677332566,0.10092406232569609,-3.2130159180034426,-0.0064961338459577599,-0.38370889132670211,0.0087925118696380311,
1.2337959999999999,-9.2492788392528649,-0.71214538645023051,-3.7444541886502645,-8.7587792238686255,0.04856760463735519,-3.2323064529206871,-0.0037069182401040291,-0.38204182690413607,0.009077681537731733,
1.2351859999999999,-9.2237541291992766,-0.63681370141864702,-3.783664989149166,-8.7587792133578546,0.045703828114197501,-3.238951414564414,-0.0035815633480316108,-0.38203996635183285,0.0090768798945146563,
1.235225,-9.2237541179252052,-0.63988544770267441,-3.7907925132669056,-8.7574791801898435,0.067525399336578432,-3.2595641701853832,-0.0053805476114486689,-0.38204892462359485,0.008600712081271833,
1.236672,-9.2237541066511337,-0.64295719398670181,-3.7979200373846451,-8.7828799530621282,0.045341368393676112,-3.2804141634893655,-0.0038771031581213136,-0.38246156976381185,0.0088385539794879897,
1.2381059999999999,-9.2237540953770623,-0.64602894027072921,-3.8050475615023847,-8.8511502376187359,0.042518531705060453,-3.2936653265596254,-0.0043677536734740173,-0.38599271348283348,0.0078434285643696512,
1.2391449999999999,-9.2332413853142388,-0.71583374807185662,-3.816623970364327,-8.851150227107965,0.039654755181902764,-3.3003102882033524,-0.0042423987814015993,-0.38599085293053026,0.0078426269211525745,
1.2395240000000001,-9.2332413740401673,-0.71890549435588402,-3.8237514944820665,-8.8955145846024717,0.01917629884935949,-3.3034373390738883,-0.0035322448905070283,-0.38783083895538722,0.0074457276458916744,
1.2409650000000001,-9.2332413624772816,-0.72205253865157493,-3.8309089315085494,-8.9346185260854281,-0.059230207772909327,-3.308727858590637,0.00048480458780925453,-0.39009140296397404,0.0076306462810544779,
1.2423979999999999,-9.2332413509143958,-0.72519958294726583,-3.8380663685350322,-8.9188244910243188,-0.07155757902822385,-3.3080703298990124,0.0010913480014712929,-0.38982385002213843,0.0079591739772392912,
1.2430810000000001,-9.313844734170873,-0.73908809066918035,-3.8592477335869537,-8.9188244802442878,-0.074491555580324026,-3.31474317922547,0.0012197830732535964,-0.3898219816515554,0.0079583526832644139,
1.2438340000000001,-9.3138447226079872,-0.74223513496487126,-3.8664051706134366,-8.8605497645465316,-0.04969296868138566,-3.3226063357958791,-0.00033885871544772823,-0.3865285488488433,0.0082901596074414375,
1.2452570000000001,-9.3138447110451015,-0.74538217926056216,-3.8735626076399194,-8.8179922087058156,-0.049934129067686808,-3.3370694905113973,-7.6651383898346281e-06,-0.38502108218564218,0.0084691157973874436,
1.2466820000000001,-9.3138446994822157,-0.74852922355625306,-3.8807200446664023,-8.7835721279462682,-0.0094099226005739875,-3.3458397491352612,-0.0018999053174058077,-0.38192775402861551,0.0093580657353514399,
1.2470810000000001,-9.3891828005736233,-0.74390821106587901,-3.900039927320178,-8.7835721171662371,-0.01234389915267416,-3.3525125984617188,-0.0017714702456235042,-0.38192588565803248,0.0093572444413765627,
1.2481329999999999,-9.3891827890107376,-0.74705525536156991,-3.9071973643466609,-8.8360256463737361,0.011247358284875931,-3.3505584846450951,-0.003324893022707328,-0.38533471313731665,0.0087370134458110843,
1.2495769999999999,-9.3891827774478518,-0.75020229965726082,-3.9143548013731437,-8.8775266276076898,-0.020342192745148042,-3.3554194760336888,-0.00076567649447436149,-0.38629574713517695,0.0084828132500011019,
1.250983,-9.389182765266078,-0.7535174751296797,-3.921738132434617,-8.9588624955193126,0.016924600200763924,-3.352574414938994,-0.0030128982967513145,-0.39099523644937018,0.009038153025377289,
1.2510559999999999,-9.3072710632155733,-0.74847889682611679,-3.9359050443692487,-8.9588624841622941,0.013833875638833655,-3.359457864352279,-0.0028775936316640638,-0.39099330910122865,0.0090372878536842602,
1.252421,-9.3072710510337995,-0.75179407229853568,-3.943288375430722,-8.9885324509502347,0.030436633064342015,-3.3644193162410914,-0.0029933549074704379,-0.39220900103901013,0.010026004523814431,
1.2538629999999999,-9.3072710388520257,-0.75510924777095456,-3.9506717064921952,-8.9977299303882088,0.060052562473609863,-3.3783774216409341,-0.0046397925397169059,-0.39214971242063379,0.0094513513553853758,
1.2549889999999999,-9.4083283041599071,-0.74935699743729967,-3.9544261714870514,-8.9977299190311903,0.056961837911679594,-3.3852608710542191,-0.0045044878746296558,-0.39214778507249226,0.0094504861836923471,
1.255295,-9.4083282919781333,-0.75267217290971855,-3.9618095025485247,-9.0007754096852466,0.086172069183616182,-3.3894106793182104,-0.0059460339477636131,-0.3925035364963787,0.0090955629910109709,
1.2567550000000001,-9.4083282797963594,-0.75598734838213744,-3.969192833609998,-9.0122970531048345,0.076679982195499888,-3.3946670539457608,-0.0052588525702822247,-0.39156282168160933,0.0096811410195498816,
1.258146,-9.4083282676145856,-0.75930252385455632,-3.9765761646714712,-9.086246365723488,0.068668348354115533,-3.3906444780463083,-0.0049806484874955394,-0.39606030632109013,0.0083158502654248519,
1.258902,-9.502631157511443,-0.75308729614131842,-3.9791955975524766,-9.0862463543664695,0.065577623792185263,-3.3975279274595933,-0.0048453438224082893,-0.3960583789729486,0.0083149850937318231,
1.259593,-9.5026311453296692,-0.7564024716137373,-3.9865789286139499,-9.1350448115569147,0.053331644743522866,-3.3909509264070294,-0.0042130761962204241,-0.39749010020411291,0.0087556537835716299,
1.261028,-9.5026311330653765,-0.75974446555606401,-3.9938683950307468,-9.1831157109654704,0.06196069121392131,-3.3780821516220074,-0.0047507239754798966,-0.40148341195946308,0.0086264119794602929,
1.262462,-9.5026311208010839,-0.76308645949839071,-4.0011578614475436,-9.1041957385734982,0.043385906394771509,-3.3693661953757332,-0.0039583645758856376,-0.39735505796051795,0.0083595015258790852,
1.26285,-9.5160282452022056,-0.75242812895064459,-4.0067059327726176,-9.1041957271395475,0.040270179082806716,-3.3761621351638982,-0.0038219575602452694,-0.39735315510513114,0.0083586293552870509,
1.263876,-9.5160282329379129,-0.7557701228929713,-4.0139953991894144,-9.0112226217550848,-0.0021820963791039025,-3.3676719807164219,-0.0017313984077731472,-0.39389373570288699,0.0083829506556080818,
1.2653129999999999,-9.5160282206736202,-0.759112116835298,-4.0212848656062112,-8.8836242796303377,-0.031532704251504062,-3.3687925221529191,-0.00068061617022527842,-0.38726971787492181,0.0078417837794955581,
1.2667520000000001,-9.5160282084093275,-0.76245411077762471,-4.0285743320230081,-8.8182887588828098,-0.054692685867559807,-3.3767832917241081,0.000510859242985012,-0.38391320977861648,0.0075178067414892165,
1.266778,-9.4183116634906003,-0.79010308147981989,-4.0439497257261205,-8.8182887474488592,-0.0578084131795246,-3.383579231512273,0.00064726625862538041,-0.38391130692322967,0.0075169345708971822,
1.268181,-9.4183116512263076,-0.7934450754221466,-4.0512391921429174,-8.8194375506652527,-0.028889233190314764,-3.3867736097917613,-0.00017928255903135518,-0.38433109396409709,0.0079739025415530573,
1.269641,-9.418311638962015,-0.7967870693644733,-4.0585286585597142,-8.8508405812184332,0.037995603535617518,-3.3840520446656139,-0.003314670864835828,-0.38588689702204293,0.0074273933220316505,
1.2707200000000001,-9.3270729655349687,-0.8206828450339767,-4.0189075196562154,-8.8508405693902095,0.03476928713696284,-3.3909451105212196,-0.003173414404684367,-0.38588496696133345,0.0074264901947679969,
1.2710459999999999,-9.3270729528477698,-0.82414345913166354,-4.0263011655138072,-8.8723996916496333,0.041554700345669486,-3.3857550560918672,-0.0032979497846194602,-0.38802120912170007,0.0086079206139761492,
1.272491,-9.327072940160571,-0.82760407322935037,-4.0336948113713991,-8.8185743352945121,0.029430926472517722,-3.3793661906256478,-0.0028289309778510583,-0.38526673198270478,0.0084618659420876898,
1.2739419999999999,-9.3270729274733721,-0.8310646873270372,-4.0410884572289909,-8.7501128030666919,-0.0069788189273145423,-3.3837948621131972,-0.0011430236961002555,-0.38271953442070122,0.0074449643367662972,
1.274688,-9.3382965774283697,-0.77244542455035592,-4.0468755500029694,-8.7501127912384682,-0.010205135325969221,-3.3906879279688029,-0.0010017672359487946,-0.38271760435999175,0.0074440612095026436,
1.2753570000000001,-9.3382965647411709,-0.77590603864804275,-4.0542691958605612,-8.6789803698861725,-0.047057669475181474,-3.4049620708302188,0.0016476561808699774,-0.37771859020156817,0.0076155889976027309,
1.2767980000000001,-9.338296552053972,-0.77936665274572958,-4.0616628417181531,-8.7022123365649549,0.036354676846091387,-3.4163538309704649,-0.0028631644696662916,-0.3794174053352104,0.0084578658725560172,
1.278241,-9.3382965393667732,-0.78282726684341641,-4.0690564875757449,-8.7458801168086193,0.097781022364332087,-3.4379380037465435,-0.0058967220513652819,-0.38040066916716847,0.0084536971677029952,
1.2786360000000001,-9.2121203841337937,-0.83821552930189402,-4.0736164054537101,-8.7458801049803956,0.094554705965677416,-3.4448310696021491,-0.0057554655912138214,-0.38039873910645899,0.0084527940404393407,
1.2796749999999999,-9.2121203714465949,-0.84167614339958086,-4.0810100513113019,-8.8442387894160959,0.13351254727672915,-3.4535801346052444,-0.0067732889548904451,-0.38624796462662037,0.0099391578617429605,
1.2811110000000001,-9.2121203585427853,-0.84518420555941198,-4.0883541861475257,-8.8773872932355395,0.16305516794795341,-3.4503847579058462,-0.0091868325730630959,-0.38749069588402874,0.010224673974516443,
1.282529,-9.2121203456389757,-0.84869226771924311,-4.0956983209837494,-8.8748587151325964,0.087219119336888085,-3.4511653140263703,-0.005157641107791139,-0.38829762117156841,0.0080209651325954603,
1.2825789999999999,-9.0943188101669676,-0.89670866207634092,-4.0807578197354104,-8.8748587031024275,0.083948567303557181,-3.4580122209588358,-0.0050144402458600877,-0.38829570402303037,0.0080200496226607524,
1.2839659999999999,-9.0943187972631581,-0.90021672423617205,-4.0881019545716342,-8.8007402127387682,0.030041678052360722,-3.4687578804662151,-0.002229619947896313,-0.38450141346868488,0.0079402112170653405,
1.285398,-9.0943187843593485,-0.90372478639600318,-4.0954460894078579,-8.7406697074543374,0.089654436959912681,-3.4789245143423697,-0.0056686068191114805,-0.38154069906367993,0.0072423084906440187,
1.2865139999999999,-9.193742292106899,-0.82703144205756218,-4.1005872356575317,-8.7406696954241685,0.086383884926581778,-3.4857714212748352,-0.0055254059571804293,-0.3815387819151419,0.0072413929807093108,
1.2868390000000001,-9.1937422792030894,-0.83053950421739331,-4.1079313704937555,-8.6889367456081068,0.13967301370627486,-3.5056574566998919,-0.0070864826942325784,-0.37922765140747189,0.007242984928465512,
1.2883100000000001,-9.1937422662992798,-0.83404756637722444,-4.1152755053299792,-8.6554933363684956,0.19126942420442791,-3.5206530986386912,-0.010236421359533857,-0.3775629940259535,0.0080284974735628997,
1.2896730000000001,-9.1937422533954702,-0.83755562853705556,-4.122619640166203,-8.6363610602611001,0.18940433829141112,-3.5207669314690988,-0.0099115795232022439,-0.37744943021480276,0.0076832582236848537,
1.290459,-9.1021181525493411,-0.72761483715046416,-4.126397959191789,-8.636361048288629,0.1861491725657938,-3.527447473949413,-0.0097690450524452015,-0.37744755963836701,0.0076823470207654822,
1.291104,-9.1021181397074198,-0.73110639563650581,-4.1335636480551665,-8.5871162908496199,0.14929931827946222,-3.5210693477231318,-0.0085533814894481509,-0.3757609740452188,0.0073960490636257427,
1.292548,-9.1021181268654985,-0.73459795412254747,-4.1407293369185441,-8.5010256256119376,0.070705803528758895,-3.5151949817015531,-0.0047542370024586441,-0.37290797300869405,0.0061026206471493762,
1.293979,-9.1021181140235772,-0.73808951260858913,-4.1478950257819216,-8.3625816253281329,0.042124623971031831,-3.5184507420720732,-0.0032287234315554504,-0.36590312190027424,0.0070138574723615787,
1.2944169999999999,-9.0165526163133194,-0.63929838553953133,-4.182616491503329,-8.3625816133556619,0.038869458245414497,-3.5251312845523874,-0.003086188960798408,-0.36590125132383849,0.0070129462694422072,
1.29539,-9.0165526034713981,-0.64278994402557299,-4.1897821803667066,-8.2557622266853325,0.087204534649385101,-3.5303963306664459,-0.005820347543920106,-0.36198253793963803,0.0073939135089045576,
1.296861,-9.0165525906294768,-0.64628150251161465,-4.1969478692300841,-8.1468874610975774,0.080719754490279322,-3.5500980278301593,-0.0053182241796094955,-0.35548944957294115,0.0080150741965874239,
1.298303,-9.0165525777875555,-0.6497730609976563,-4.2041135580934617,-8.140048926934945,0.070276634478193017,-3.5602055995071598,-0.0055206767073884598,-0.35610280770034142,0.0080553327702118007,
1.298376,-8.8589215404220241,-0.74416752107520401,-4.1629021594700895,-8.140048914962474,0.067021468752575683,-3.566886141987474,-0.0053781422366314174,-0.35610093712390567,0.0080544215672924292,
1.299698,-8.8589215275801028,-0.74765907956124567,-4.170067848333467,-8.1355940807403844,0.060424121321104599,-3.5708142929836084,-0.0048424592994481602,-0.35536129425168478,0.0075362413140954466,
1.3011459999999999,-8.8589215143462194,-0.75126616376381239,-4.177327401841521,-8.1711898445879889,0.029561980787226418,-3.5711389710988182,-0.0033012379683918253,-0.35738408599204879,0.0082086895127208587,
1.3023210000000001,-8.8103013229645377,-0.76102937100970169,-4.1373814528171602,-8.1711898322500929,0.026199110907615081,-3.5779070232042525,-0.0031539801751163357,-0.35738219090343948,0.0082077481606962245,
1.302559,-8.8103013097306544,-0.76463645521226842,-4.1446410063252141,-8.1877713107441643,-0.0094839690449252875,-3.5860553532466093,-0.0012611220761344186,-0.35897027003171383,0.0079931201303636325,
1.3039970000000001,-8.8103012964967711,-0.76824353941483514,-4.1519005598332681,-8.158304409879241,0.023952466358899794,-3.5979721508625744,-0.002752711489724178,-0.3564279656466165,0.0077516155643686949,
1.3054190000000001,-8.8103012832628878,-0.77185062361740187,-4.1591601133413221,-8.1524037282182764,0.052393630292404583,-3.6166953621649478,-0.0042980701015988216,-0.35743491627412211,0.0070073654503640097,
1.3062590000000001,-8.7649140312718146,-0.77929657467907343,-4.1746664791581054,-8.1524037158803804,0.049030760412793244,-3.6234634142703821,-0.0041508123083233315,-0.35743302118551279,0.0070064240983393755,
1.3068470000000001,-8.7649140180379312,-0.78290365888164015,-4.1819260326661594,-8.1187506716399866,0.047761070306287498,-3.6425104334656395,-0.0037281427179426934,-0.35347167634997789,0.0070353709557477891,
1.3082879999999999,-8.7649140048040479,-0.78651074308420688,-4.1891855861742133,-8.1819356184626102,0.053875204354153688,-3.6550650683216981,-0.0043474518655348656,-0.35839106642726798,0.0065225325923514389,
1.3097319999999999,-8.7649139915701646,-0.7901178272867736,-4.1964451396822673,-8.1859353514935496,0.060094814513069583,-3.6613977351733227,-0.0045737251355821964,-0.35689458849678735,0.0072734124695293008,
1.310195,-8.7274710818233121,-0.74163759689106701,-4.2332239239053902,-8.1859353391556535,0.056731944633458244,-3.668165787278757,-0.0044264673423067063,-0.35689269340817803,0.0072724711175046666,
1.3111429999999999,-8.727471068847299,-0.74516732012274634,-4.2401905372036843,-8.2243183048897617,0.068844730082324973,-3.6627776783880428,-0.0052499989730752459,-0.36093819261241394,0.0082678445091955537,
1.312578,-8.7274710558712858,-0.74869704335442566,-4.2471571505019785,-8.1388129573124139,0.036393351621298434,-3.6706464308556885,-0.0029706856893076459,-0.35567691420771602,0.0085636636710043346,
1.3140179999999999,-8.7274710428952726,-0.75222676658610499,-4.2541237638002727,-8.0776673312385139,0.033278460517503286,-3.6705936414292766,-0.002991345057102063,-0.3538303130430604,0.0091192663216948643,
1.3141240000000001,-8.7042760015225316,-0.73219018544754821,-4.288087333622828,-8.07766731914103,0.029987713955298759,-3.6770885865727978,-0.0028472385351911503,-0.35382849441447134,0.0091183451588029846,
1.31545,-8.7042759885465184,-0.73571990867922754,-4.2950539469211222,-7.9949833403922668,0.011693344548960032,-3.6927511114329943,-0.0023260945652629891,-0.34870736180515782,0.0085637326612959062,
1.3168759999999999,-8.7042759755705053,-0.73924963191090687,-4.3020205602194164,-7.9911389069474437,0.010188055609685148,-3.712511654872424,-0.001614295059853377,-0.3481130936009324,0.008730211939740315,
1.31806,-8.7232851725355474,-0.7206746977872639,-4.2994197581023554,-7.9911388948499589,0.0068973090474806226,-3.7190066000159452,-0.0014701885379424643,-0.34811127497234334,0.0087292907768484352,
1.31833,-8.7232851595595342,-0.72420442101894322,-4.3063863714006496,-8.0368138078699118,0.050844069674811539,-3.7299803370604026,-0.0039760548246955373,-0.35064880909021817,0.009278833406565698,
1.3197700000000001,-8.7232851465835211,-0.72773414425062255,-4.3133529846989438,-8.0946578954891386,0.11039789593852019,-3.7324160248959912,-0.0067152813410967559,-0.35273201662289033,0.0095488490377073944,
1.3212120000000001,-8.7232851331846017,-0.73138248763766234,-4.3204206829991971,-8.1478764677658067,0.08747460804817668,-3.7332119443867957,-0.0061343370547045509,-0.35712308234094747,0.0090665746955718701,
1.3219939999999999,-8.6479615502608613,-0.74071801823534189,-4.3472616240793336,-8.1478764552740479,0.084073272399281918,-3.7398011306650618,-0.0059853809313602973,-0.35712123731460055,0.0090656225760083718,
1.3226549999999999,-8.647961536861942,-0.74436636162238168,-4.3543293223795869,-8.0889906238955636,0.02228351414797352,-3.7343781364067894,-0.0028068524894810372,-0.35299213550624131,0.008227473447921194,
1.3240479999999999,-8.6479615234630227,-0.74801470500942147,-4.3613970206798403,-8.0447848305845575,-0.012251110401823716,-3.7333668854709536,-0.002171443311736459,-0.35256970156767053,0.0062060815845665467,
1.325488,-8.6479615100641034,-0.75166304839646125,-4.3684647189800936,-7.9427510788048572,-0.084093727799004397,-3.7524855744730186,0.0020565000438986202,-0.34481755455731583,0.0063849421088578049,
1.325949,-8.5873070883694318,-0.81958019013983607,-4.3932007952467149,-7.9427510663130985,-0.08749506344789916,-3.7590747607512847,0.0022054561672428738,-0.34481570953096891,0.0063839899892943067,
1.326918,-8.5873070749705125,-0.82322853352687586,-4.4002684935469683,-7.9933569307632961,-0.064496302008762732,-3.779297882741008,0.0012604153163470473,-0.34761949757467797,0.0071445820083043616,
1.3283450000000001,-8.5873070615715932,-0.82687687691391565,-4.4073361918472216,-8.0812960516148067,0.0068178608808209529,-3.7986304989368502,-0.0027325580336493164,-0.35069478929695969,0.0075854784146968477,
1.3298030000000001,-8.5873070481726739,-0.83052522030095544,-4.4144038901474749,-8.246444576198309,0.019369576985777393,-3.8099890445585842,-0.0025656381141652964,-0.35826632497267352,0.0094258015562889465,
1.329896,-8.5306717647172796,-0.8895821989929853,-4.3811196363621496,-8.2464445637065502,0.015968241336882634,-3.8165782308368503,-0.0024166819908210428,-0.3582644799463266,0.0094248494367254482,
1.331232,-8.5306717510708037,-0.89330171447324147,-4.3881883661420149,-8.3840370909952657,0.0071566594404896796,-3.8197789871256398,-0.0025995310330515905,-0.3655002233141163,0.0092281617319076512,
1.332667,-8.5306717374243277,-0.89702122995349765,-4.3952570959218802,-8.4427047723404645,-0.055070889429923477,-3.8173068773395937,0.00048341623893412376,-0.36712078470046322,0.0090373207815322293,
1.3338030000000001,-8.6716961243715875,-0.80143501088803049,-4.4561006534418359,-8.4427047596179108,-0.058538578530832414,-3.8238970252620921,0.00063528514650674529,-0.3671189393947964,0.0090363500879660722,
1.3340590000000001,-8.6716961107251116,-0.80515452636828666,-4.4631693832217012,-8.4828317375127096,-0.11886295776932683,-3.8347831453930183,0.0037199859025448759,-0.36996894317371909,0.0072592437628027449,
1.3354919999999999,-8.6716960970786356,-0.80887404184854284,-4.4702381130015665,-8.4568890496997309,-0.098670033145709768,-3.8529906961593432,0.0033909948769729956,-0.36644089789820045,0.0082526515115796881,
1.336929,-8.6716960834321597,-0.81259355732879901,-4.4773068427814318,-8.5412556187678934,-0.00075409592762169797,-3.8695411089524225,-0.0015115112628221149,-0.37135701795651227,0.0081749815640581591,
1.3377289999999999,-8.8227093505356819,-0.88119626456793343,-4.5345446223713148,-8.5412556060453397,-0.0042217850285306332,-3.8761312568749209,-0.0013596423552494933,-0.37135517265084544,0.008174010870492002,
1.3383640000000001,-8.822709336889206,-0.8849157800481896,-4.5416133521511801,-8.5733793122756889,0.072517180660478575,-3.888799369552459,-0.0051949599260072308,-0.37208086000298007,0.0082922880474373649,
1.3398080000000001,-8.8227093232427301,-0.88863529552844578,-4.5486820819310454,-8.6024260076462777,0.092453718765025963,-3.8840327752639627,-0.0062077883794307998,-0.37443513678856161,0.0091947724881240936,
1.3412310000000001,-8.8227093095756253,-0.89235171656986634,-4.5556177508409847,-8.5684688109849763,0.057181092890259626,-3.8690590312320632,-0.0043807685179720873,-0.37286272164378953,0.0093481798657395528,
1.3416760000000001,-8.8417977027494317,-0.95201232122000412,-4.5586744538215074,-8.56846879824319,0.053716288722047097,-3.875525127048622,-0.0042290195078102128,-0.37286091106256425,0.0093472099797371373,
1.3426720000000001,-8.8417976890823269,-0.95572874226142468,-4.5656101227314467,-8.5055449664869496,-0.0024319111398603543,-3.8578979459934843,-0.0013315029852181042,-0.37044588753295776,0.0073607167472896891,
1.344109,-8.8417976754152221,-0.95944516330284524,-4.5725457916413861,-8.4192173037940226,-0.030239497181302664,-3.8578365669757444,0.00037937936872419029,-0.36678328860465531,0.0078264601690737276,
1.3455410000000001,-8.8417976617481173,-0.9631615843442658,-4.5794814605513254,-8.3347748826141519,0.035406596069660533,-3.8574745927939511,-0.0028615931581926863,-0.36174995079449263,0.0086028982289014285,
1.3456189999999999,-8.8586691610047605,-0.93251408601879282,-4.535066512852441,-8.3347748698723656,0.031941791901448004,-3.8639406886105099,-0.0027098441480308119,-0.36174814021326734,0.008601928342899013,
1.3469660000000001,-8.8586691473376558,-0.93623050706021338,-4.5420021817623804,-8.30820727180269,0.12378848842194565,-3.8749637276800448,-0.0071813113791260597,-0.3609650891968002,0.0086507332959886284,
1.348406,-8.858669133670551,-0.93994692810163394,-4.5489378506723197,-8.3234538579878503,0.1453321003267258,-3.8716786245261781,-0.007422483355693797,-0.36068691805941011,0.0083584743311623175,
1.349566,-8.874424115542574,-0.79398558088885229,-4.505858508310209,-8.323453845246064,0.14186729615851326,-3.8781447203427368,-0.0072707343455319226,-0.36068510747818483,0.008357504445159902,
1.3498589999999999,-8.8744241018754693,-0.79770200193027285,-4.5127941772201483,-8.3951192706870241,0.12221497484231197,-3.8706772164645984,-0.0070404799434740928,-0.36554433359724958,0.0070297997968525568,
1.351302,-8.8744240874863287,-0.80161749853677655,-4.5199650234815847,-8.404125574377634,0.059253752323449781,-3.8611857798220233,-0.0034655372020123989,-0.36487186478713424,0.0075545363386034722,
1.3527119999999999,-8.8744240730971882,-0.80553299514328025,-4.5271358697430211,-8.4290714806954909,0.020236876894999645,-3.8562398191478979,-0.0018541864967183796,-0.36750038467702184,0.007048280030392531,
1.3535200000000001,-8.7958978176531541,-0.67480847616918904,-4.5560388339627469,-8.4290714672805542,0.016586475389994013,-3.8629251698493725,-0.0016943019133505142,-0.36749851269132222,0.007047258191018862,
1.3541369999999999,-8.7958978032640136,-0.67872397277569274,-4.5632096802241833,-8.3807211720145425,0.019424883204369567,-3.8775044392092179,-0.0021991397991653035,-0.36357208824631349,0.0065789091556783027,
1.3555569999999999,-8.7958977888748731,-0.68263946938219644,-4.5703805264856197,-8.409323269703318,0.035492360171217339,-3.8928676183359321,-0.0027300719450496225,-0.36562585120390451,0.0080853315289181986,
1.356986,-8.7958977744857325,-0.68655496598870014,-4.577551372747056,-8.4282190269316448,0.075507134454661368,-3.9118140683150084,-0.0052188411773150482,-0.3651130440100796,0.0081213964081714909,
1.3575410000000001,-8.8096419604355383,-0.75327183454905022,-4.5513710911841079,-8.4282190135167081,0.071856732949655736,-3.918499419016483,-0.005058956593947183,-0.36511117202437998,0.008120374568797821,
1.358438,-8.8096419460463977,-0.75718733115555392,-4.5585419374455443,-8.5220365797937472,0.059950734380871173,-3.9223541414410596,-0.004298299018909298,-0.36984931584206437,0.0083296154170790452,
1.35988,-8.8096419316572572,-0.76110282776205762,-4.5657127837069806,-8.6056254437325137,0.0078691339573959615,-3.9253858901458552,-0.0016632654808128597,-0.37395313768824662,0.0091030928032867237,
1.361321,-8.8096419174434679,-0.76497397074525264,-4.572673208127604,-8.6449529339168496,0.019771197021736124,-3.9124697748705564,-0.0028063443205301403,-0.37616184835498884,0.0085324471768212645,
1.3614999999999999,-8.8224748742096537,-0.77613335204312306,-4.5465021422356759,-8.6449529206653928,0.016162146218710319,-3.9189589501486854,-0.0026482643124074896,-0.37616003129087133,0.0085314369125517701,
1.3627290000000001,-8.8224748599958644,-0.78000449502631808,-4.5534625666562993,-8.6144330257629171,-0.010519783776615499,-3.9226595392347905,-0.0011195592790767021,-0.37615498992539587,0.0076648089364155948,
1.364152,-8.8224748457820752,-0.7838756380095131,-4.5604229910769227,-8.4958470248249007,0.014696769587088841,-3.9249997781839054,-0.0022283468988094747,-0.36937530713959732,0.008071343776861431,
1.3654329999999999,-8.9392360416036407,-0.7929019888283545,-4.5705427115315844,-8.4958470115734439,0.011087718784063037,-3.9314889534620345,-0.0020702668906868241,-0.36937349007547982,0.0080703335125919366,
1.365572,-8.9392360273898515,-0.79677313181154952,-4.5775031359522078,-8.4039033406740486,0.050501864897700283,-3.9413955698683951,-0.0040752854681618917,-0.36671558552111616,0.0068267988209022657,
1.3670420000000001,-8.9392360131760622,-0.80064427479474454,-4.5844635603728312,-8.2821869191145794,0.055572033233127663,-3.9590781463834226,-0.0039299915422260122,-0.35896217102028605,0.0060663171296081748,
1.3685039999999999,-8.9392359989622729,-0.80451541777793956,-4.5914239847934546,-8.2671983980552906,0.1052874131519676,-3.9598217180812449,-0.0059085823301558704,-0.36046983419861894,0.0068865344944363206,
1.3693690000000001,-8.782737845105256,-0.76404688124691589,-4.5917725083386927,-8.2671983848038337,0.1016783623489418,-3.966310893359374,-0.0057505023220332198,-0.36046801713450144,0.0068855242301668262,
1.369904,-8.7827378308914668,-0.76791802423011091,-4.598732932759316,-8.2074151450630488,0.14863064783256794,-3.9726966176173182,-0.0084860049839573723,-0.35675796676895333,0.006635538263347722,
1.371308,-8.7827378165126415,-0.77183661527544989,-4.605652097995466,-8.1809347312496392,0.15808780939568604,-3.9680812506274177,-0.0083638969750759826,-0.35777704122629267,0.0073268975197126026,
1.372736,-8.7827378021338163,-0.77575520632078887,-4.612571263231616,-8.0554217892636952,0.15391256105909476,-3.9708475981818268,-0.0083806398114716733,-0.3513119256718969,0.0069788824354134402,
1.3733200000000001,-8.6366214716761167,-0.70217538731683316,-4.6119517662051965,-8.0554217758583739,0.15025927462139307,-3.9772983076906723,-0.0082206158200287364,-0.35131011936855544,0.0069778597884755066,
1.3741810000000001,-8.6366214572972915,-0.70609397836217214,-4.6188709314413465,-7.9645080408694628,0.15216530293091787,-3.9730714812137919,-0.0083088072642245481,-0.34785834089315676,0.0070487242377632172,
1.3756120000000001,-8.6366214429184662,-0.71001256940751112,-4.6257900966774965,-7.8639769705470481,0.094835000244572198,-3.9927757963379924,-0.0051588015121416895,-0.34262697938284303,0.0061873914125003433,
1.377032,-8.636621428539641,-0.7139311604528501,-4.6327092619136465,-7.829432982120796,0.087744951499613269,-4.0120186567997633,-0.0045437894792945046,-0.33956926021689843,0.0069366742633755214,
1.377259,-8.5549060326761843,-0.64732927259203688,-4.6306807821885752,-7.8294329687154756,0.084091665061911583,-4.0184693663086088,-0.0043837654878515677,-0.33956745391355697,0.0069356516164375877,
1.378471,-8.5549060182973591,-0.65124786363737586,-4.6375999474247251,-7.8973227994287152,0.11825963140807348,-4.0311619742053937,-0.0066127005226942204,-0.34450638837540981,0.0066546092010298851,
1.379918,-8.5549060039185338,-0.65516645468271484,-4.6445191126608751,-7.9383099117316664,0.11125996700037515,-4.0578679343366959,-0.0063257728762905968,-0.34430483720127314,0.0079626492948785387,
1.3812070000000001,-8.4410997346033199,-0.70490642597208208,-4.6543601744026741,-7.9383098980955511,0.10754994355298005,-4.0643022958935955,-0.0061632573093084635,-0.34430303546400054,0.0079616107658205711,
1.3813500000000001,-8.4410997199769398,-0.70888587431451922,-4.6612618044854228,-8.0421229563131931,0.091151321445536393,-4.0711590266607711,-0.0055387339976490264,-0.35215075386327782,0.0089594974188787133,
1.382763,-8.4410997053505596,-0.71286532265695635,-4.6681634345681715,-8.0122652868893347,0.039577449772125579,-4.0927806770477559,-0.0031775920267504074,-0.34866511136426825,0.0086473027351129262,
1.3842019999999999,-8.4410996907241795,-0.71684477099939348,-4.6750650646509202,-8.0376268339060921,-0.0068288514962381586,-4.1038620832732695,-0.0013669973371329702,-0.35150659678299501,0.008429431117174653,
1.3851610000000001,-8.3348359395177827,-0.76773633737546765,-4.6835655047944922,-8.0376268202699777,-0.010538874943633255,-4.1102964448301691,-0.0012044817701508366,-0.35150479504572241,0.0084283925881166854,
1.3856489999999999,-8.3348359248914026,-0.77171578571790478,-4.6904671348772409,-7.9946422206987959,-0.07058463616663152,-4.1458489584301592,0.001301654761910156,-0.34753343843241202,0.0081181094126184794,
1.387097,-8.3348359102650225,-0.77569523406034191,-4.6973687649599896,-8.0373395216226253,-0.040847821723244623,-4.1685567097099545,4.4716228205464274e-05,-0.34974366911306426,0.0079142253658954845,
1.388495,-8.3348358956386424,-0.77967468240277904,-4.7042703950427383,-8.0808173292600447,0.032510283999928259,-4.1864306906085487,-0.0041096145044227685,-0.35289289202470175,0.0076350844372328405,
1.3891150000000001,-8.364554976067339,-0.82350077471080951,-4.7206359250520755,-8.0808173156239302,0.028800260552533163,-4.1928650521654482,-0.0039470989374406351,-0.35289109028742915,0.0076340459081748729,
1.389937,-8.3645549616163102,-0.82743586942993774,-4.7273426054881886,-8.0492679420405704,0.026664639469125038,-4.2067195091732259,-0.0038719509920541136,-0.35034524726154531,0.0082097099061613724,
1.391367,-8.3645549471652814,-0.83137096414906597,-4.7340492859243017,-8.0340670931810685,-0.015212556790831819,-4.2099483009782146,-0.0011171978270701375,-0.35193428234205293,0.0074301283497394182,
1.3928210000000001,-8.3645549327142525,-0.8353060588681942,-4.7407559663604149,-7.926933517586515,-0.027305209486180065,-4.2137541104461711,-0.001286637618443423,-0.34528365877363232,0.0061699566889790447,
1.3930940000000001,-8.4204681430095292,-0.73501607366720123,-4.7942506664809938,-7.9269335041138795,-0.030973882231595157,-4.2200067212432062,-0.0011259274113176781,-0.34528190792011787,0.0061689297350252517,
1.3942330000000001,-8.4204681285585004,-0.73895116838632946,-4.800957346917107,-7.875312545770341,-0.026113022662395242,-4.2203019997692772,-0.00070007294078338093,-0.34504612505553633,0.0068777185415223856,
1.3956580000000001,-8.4204681141074715,-0.74288626310545769,-4.8076640273532201,-7.7654912053004423,-0.020359374182947323,-4.2463820334824325,-0.00083454856137247569,-0.33772868748118218,0.007260982139598169,
1.397052,-8.4726720883929243,-0.61145872123278167,-4.8582240244285408,-7.7654911918278069,-0.024028046928362416,-4.2526346442794676,-0.00067383835424673086,-0.33772693662766773,0.007259955185644376,
1.3970899999999999,-8.4726720739418955,-0.61539381595190989,-4.864930704864654,-7.7455689944042199,0.076595675353071824,-4.253445639916432,-0.0053911420776016046,-0.33848998342932612,0.0066650946020929474,
1.3985510000000001,-8.4726720594908667,-0.61932891067103812,-4.8716373853007671,-7.6999979374145529,0.11796606075013899,-4.2585052201246993,-0.0073194446712101756,-0.33538442222286752,0.0073572591878214291,
1.399959,-8.4726720450398378,-0.62326400539016635,-4.8783440657368802,-7.7018197824868606,0.078951412991905098,-4.2549911190546164,-0.0050843618483210427,-0.33607743115500022,0.0070531429011396326,
1.4009769999999999,-8.3429857574627064,-0.64354605516873853,-4.8768122427007583,-7.7018197684757039,0.075142340188605036,-4.2613706668902873,-0.0049174951525239484,-0.33607564474499474,0.0070520766456702404,
1.401392,-8.342985742434049,-0.64763174591119399,-4.8836550784456332,-7.6779660602154571,0.042581275297043426,-4.2592081974760818,-0.0033512221089152024,-0.33566674370281324,0.0057507151228702903,
1.4028259999999999,-8.3429857274053916,-0.65171743665364945,-4.8904979141905081,-7.6244258288667925,0.013288708873270324,-4.2602831542616206,-0.0019681871132411358,-0.33195447721798133,0.0072928158677149522,
1.4042650000000001,-8.3429857123767341,-0.65580312739610491,-4.8973407499353829,-7.6274339197082313,0.020617143736830108,-4.2671607520295378,-0.0025246206540367653,-0.33318546183538272,0.0063544036781810823,
1.4049210000000001,-8.2982342457455935,-0.7058396488561971,-4.8845656239338053,-7.6274339056970746,0.01680807093353005,-4.2735402998652088,-0.002357753958239671,-0.33318367542537725,0.00635333742271169,
1.4056850000000001,-8.2982342307169361,-0.70992533959865256,-4.8914084596786802,-7.6182764868214852,0.0072111114064085146,-4.3001557817541833,-0.0018647464662932287,-0.33045647910631432,0.00750269279550142,
1.4071130000000001,-8.2982342156882787,-0.71401103034110802,-4.8982512954235551,-7.717054387763179,0.01849285483492881,-4.3063260806078354,-0.0024521131018463704,-0.33641076557708655,0.0080084860897610081,
1.4085650000000001,-8.2982342006596213,-0.71809672108356348,-4.90509413116843,-7.7715976458893934,0.0023755931108570914,-4.3200034470977942,-0.0023967937241343587,-0.33698896541469353,0.0084191088906373085,
1.408868,-8.2564548740923449,-0.72824400792465005,-4.8919789228344319,-7.7715976318782367,-0.0014334796924429681,-4.3263829949334651,-0.0022299270283372644,-0.33698717900468805,0.0084180426351679171,
1.409994,-8.2564548590636875,-0.73232969866710551,-4.8988217585793068,-7.9092381527214268,-0.070237797777204583,-4.3277101241211602,0.0015427788852956565,-0.34471053101524068,0.0075692578898136856,
1.411448,-8.256454844086603,-0.73641023201150169,-4.9055387538115385,-7.9636708213087726,-0.10029035439229375,-4.3353269652894637,0.0026125344210757638,-0.34681309465614046,0.0068943856070040038,
1.412865,-8.3101761925239384,-0.74449721825506243,-4.9358265660391991,-7.9636708073456983,-0.10409461897443326,-4.3415891925288195,0.0027791964232657188,-0.34681134108921374,0.006893320697478539,
1.4128719999999999,-8.3101761775468539,-0.74857775159945861,-4.9425435612714308,-7.9812773079267458,-0.097573592823650343,-4.340280767062624,0.0023875622900352915,-0.3477562158567078,0.0069235503777961395,
1.4142859999999999,-8.3101761625697694,-0.75265828494385478,-4.9492605565036625,-7.9598797289453795,-0.10247703443142869,-4.3589111803898328,0.0025107280567752202,-0.34701063872302945,0.0072526969471002848,
1.41574,-8.310176147592685,-0.75673881828825096,-4.9559775517358942,-7.9156738248224592,-0.10332272617115375,-4.3755250946212847,0.0023331758740562881,-0.34324616359591864,0.0066752679156648759,
1.4168750000000001,-8.3463591217405302,-0.76956220520333962,-4.9826943563382651,-7.9156738108593849,-0.10712699075329325,-4.3817873218606405,0.0024998378762462435,-0.34324441002899192,0.0066742030061394111,
1.417171,-8.3463591067634457,-0.7736427385477358,-4.9894113515704968,-7.9517591321280925,-0.090271312116282615,-4.3972982787606227,0.0023527907781396794,-0.345408861817327,0.0061190009488667685,
1.4185779999999999,-8.3463590917863613,-0.77772327189213197,-4.9961283468027284,-8.009100417975997,-0.06758933939333292,-4.409376238579954,0.0012954952408041564,-0.34643861476616783,0.0061192937372837675,
1.4200170000000001,-8.3463590768092768,-0.78180380523652815,-5.0028453420349601,-8.1364238191029372,-0.022310518324095391,-4.4096310118274191,-0.0002420599298257897,-0.35408647625972822,0.0072412720551057958,
1.420817,-8.3801256814739453,-0.8258913443555429,-5.0005804167277974,-8.136423804841753,-0.026196522665962473,-4.4159172801725779,-7.1810958429211787e-05,-0.35408471595000829,0.0072401842645618136,
1.421486,-8.3801256661771024,-0.83005955346694471,-5.0073231989503251,-8.1762900643095779,0.045988280072992549,-4.4194627849320209,-0.0038672874741722601,-0.35522753393224699,0.0064341855843311558,
1.4228940000000001,-8.3801256508802595,-0.83422776257834652,-5.0140659811728527,-8.1854010602733478,0.058691838426512558,-4.4135760328755946,-0.0045299931867809609,-0.3570068154664523,0.0065289399298925641,
1.42432,-8.3801256355834166,-0.83839597168974833,-5.0208087633953804,-8.1096410292057932,0.064777048405871021,-4.4135761094214327,-0.0047667848506707609,-0.35223293480141576,0.0064644575829938856,
1.4247970000000001,-8.4681884170080899,-0.80697370147716108,-5.0432284411075754,-8.109641014944609,0.060891044064003939,-4.4198623777665915,-0.0045965358792741827,-0.35223117449169583,0.0064633697924499035,
1.425745,-8.468188401711247,-0.81114191058856289,-5.0499712233301031,-8.0679106574032193,0.027923068178261689,-4.423083765843411,-0.0030656134105782875,-0.35050523916277276,0.0064520361781130837,
1.427176,-8.4681883864144041,-0.8153101196999647,-5.0567140055526307,-8.0497000527126428,0.030259302185542569,-4.4400608418606993,-0.0023390397253508144,-0.34813852965599812,0.0065467965249218696,
1.428628,-8.4681883711175612,-0.81947832881136651,-5.0634567877751584,-8.148617470088217,0.10819525310863767,-4.4491719990196215,-0.0066856246499017394,-0.35290803515345515,0.0076403741113180339,
1.4287110000000001,-8.3759381874797949,-0.79778689410658232,-5.073893945371557,-8.1486174558270328,0.1043092487667706,-4.4554582673647802,-0.0065153756785051612,-0.35290627484373521,0.0076392863207740518,
1.4300679999999999,-8.3759381715640639,-0.80212426587432406,-5.0807924810154708,-8.2667611430450894,0.16312254359693648,-4.464997951032724,-0.0092375903543549884,-0.35830829498405731,0.0082914812053723856,
1.4315020000000001,-8.375938155648333,-0.8064616376420658,-5.0876910166593845,-8.374109158316335,0.17217920766093159,-4.4664601633857934,-0.0093701068630367267,-0.36344927780997494,0.0083185619026892102,
1.4326890000000001,-8.2897871519492519,-0.78178461999063198,-5.070268559247511,-8.3741091434781652,0.16813549366500216,-4.4728916400099967,-0.0091929425264089815,-0.36344747682749839,0.0083174299652388137,
1.4329240000000001,-8.2897871360335209,-0.78612199175837372,-5.0771670948914247,-8.4256385052930103,0.12598994567906785,-4.4613619117189227,-0.0074085340094295505,-0.36642052135298608,0.0075051477588587061,
1.4343440000000001,-8.28978712011779,-0.79045936352611545,-5.0840656305353384,-8.419465764168848,0.051789749317502604,-4.4580529966635849,-0.0042700775846637885,-0.36505079458455725,0.006299275250561771,
1.4357800000000001,-8.289787104202059,-0.79479673529385719,-5.0909641661792522,-8.43263534114066,-0.032026854563913035,-4.4651853555933831,-3.5327550305816469e-05,-0.36613327113723376,0.0053440738314232709,
1.436591,-8.481856008422481,-0.70248743246966605,-5.1160143524560979,-8.4326353263024902,-0.036070568559842461,-4.4716168322175864,0.00014183678632192798,-0.36613147015475722,0.0053429418939728744,
1.4371989999999999,-8.48185599250675,-0.70682480423740779,-5.1229128881000117,-8.449676623737794,-0.0086945701143842508,-4.4861823440027626,-0.001145327298176878,-0.36504806508645704,0.0067445610178813557,
1.438645,-8.4818559765910191,-0.71116217600514953,-5.1298114237439254,-8.5604459493486438,0.075480246688364283,-4.4879747405253099,-0.0052482453313328304,-0.37189408747024361,0.0066299989120827598,
1.4400850000000001,-8.481855960479308,-0.71554286991658811,-5.1366563224480242,-8.5917274006901572,0.098278104506804409,-4.4846704243761675,-0.0067489425894851377,-0.37231038669686572,0.0078090561972300448,
1.4405220000000001,-8.5119898553823568,-0.78549646714603183,-5.1391368782330016,-8.5917273856692749,0.09419400145312723,-4.4910518955003029,-0.0065700025019371942,-0.37230859970415797,0.0078079129538626904,
1.441516,-8.5119898392706457,-0.78987716105747041,-5.1459817769371003,-8.614448979641649,0.043484398131070932,-4.475293220222734,-0.004022570234629424,-0.37468746709668271,0.007059173852281787,
1.4429259999999999,-8.5119898231589346,-0.79425785496890899,-5.1528266756411991,-8.5503085956896197,-0.030433774837130896,-4.458294530783224,-0.00029692463014776953,-0.37175661092060275,0.0061918509150608887,
1.4443600000000001,-8.5119898070472235,-0.79863854888034758,-5.1596715743452979,-8.4739497863606701,-0.059966987479059541,-4.4476607682555462,0.001457917070295901,-0.36774764185388498,0.0068998151019205017,
1.4444459999999999,-8.5401124212504573,-0.85921726790440212,-5.1611429903134116,-8.4739497713397878,-0.064051090532736721,-4.4540422393796817,0.0016368571578438441,-0.36774585486117722,0.0068986718585531473,
1.445829,-8.5401124051387463,-0.8635979618158407,-5.1679878890175104,-8.4307628223974405,-0.063724823132272457,-4.4663772263797012,0.0022411751823843973,-0.36583229980483706,0.0074496439469853752,
1.4472560000000001,-8.5401123890270352,-0.86797865572727928,-5.1748327877216092,-8.4088213932733016,0.059427415405214734,-4.4756247042598414,-0.0039572602856232965,-0.36398068618613261,0.0079732701172106849,
1.4484140000000001,-8.5164597738093519,-0.94127293292284375,-5.1092804015999942,-8.4088213782524193,0.055343312351537555,-4.4820061753839768,-0.0037783201980753534,-0.36397889919342485,0.0079721268738433305,
1.4486669999999999,-8.5164597576976409,-0.94565362683428233,-5.116125300304093,-8.4493703800298015,0.17177235733421034,-4.4835358758643604,-0.0091270090991791217,-0.36670890731771005,0.0077963014066405314,
1.4501280000000001,-8.5164597415859298,-0.95003432074572092,-5.1229701990081917,-8.4687243902225813,0.16725242548859245,-4.4763380960890284,-0.0086411936730635547,-0.36721795093522125,0.0082473454442956572,
1.4515279999999999,-8.5164597248140712,-0.95459758654845328,-5.1299770400113474,-8.4944563178102399,0.13941739263452418,-4.4625034121311344,-0.0074081045254333682,-0.36954478238416294,0.0063534158624044355,
1.452342,-8.5765478826244674,-0.7586842411268232,-5.0665651050323621,-8.494456302173905,0.13516307855176748,-4.469035861399707,-0.007221700591209375,-0.36954295310188034,0.006352224972681164,
1.452982,-8.5765478658526089,-0.76324750692955556,-5.0735719460355178,-8.4646983115238985,0.068587845615289897,-4.4603996187297614,-0.0037803262880221492,-0.36766984429578242,0.0059994100282608027,
1.4544410000000001,-8.5765478490807503,-0.76781077273228793,-5.0805787870386734,-8.4486578501211156,0.076094781448934778,-4.4676310337991048,-0.0040503479879270997,-0.36696940722305982,0.006953126827940497,
1.4558580000000001,-8.5765478323088917,-0.77237403853502029,-5.087585628041829,-8.4540986945389136,0.12324949289434621,-4.4856495887433825,-0.0064780985927259081,-0.3664070547183732,0.0066960877858267386,
1.4562980000000001,-8.6326576501313994,-0.59688694950253995,-5.1301240983014509,-8.4540986789025787,0.11899517881158951,-4.492182038011955,-0.0062916946585019149,-0.36640522543609061,0.0066948968961034671,
1.4572890000000001,-8.6326576333595408,-0.60145021530527232,-5.1371309393046065,-8.506336321829016,0.17800798299887383,-4.5099707501061008,-0.0092790057902837446,-0.36914500997639982,0.00761724638655332,
1.458704,-8.6326576165876823,-0.60601348110800468,-5.1441377803077621,-8.5645239393087156,0.20435442669470616,-4.5142539022657759,-0.010646049230849251,-0.37167676443270842,0.0083900516709731823,
1.4601580000000001,-8.6326575997745643,-0.61058912466607895,-5.1510404418701228,-8.6048301947839434,0.13778881344785246,-4.5077424747691799,-0.0072479922904216971,-0.37444325639981052,0.0076350837342638103,
1.4602470000000001,-8.6179665258982325,-0.62922179531654077,-5.1588338782217411,-8.6048301791091433,0.13352295963431066,-4.5141777979703122,-0.0070610764928820896,-0.37444145430385384,0.007633889614279298,
1.4615610000000001,-8.6179665090851145,-0.63379743887461504,-5.1657365397841017,-8.5782277712151433,0.057585537510045054,-4.5018341775647652,-0.003572609206299589,-0.3737049809055939,0.0063538980596760334,
1.46302,-8.6179664922719965,-0.63837308243268931,-5.1726392013464624,-8.4946825285856367,-0.010420622783183023,-4.4973650506471721,-0.00042491527869325824,-0.3705565382989861,0.0057004733119781865,
1.464172,-8.6746470920925081,-0.72200000388250563,-5.1794844114858485,-8.4946825129108365,-0.014686476596724824,-4.5038003738483043,-0.00023799948115365112,-0.37055473620302942,0.0056992791919936742,
1.464459,-8.6746470752793901,-0.7265756474405799,-5.1863870730482091,-8.3566681061354409,-0.013558965664616642,-4.5087428651036436,-0.00089213571705292556,-0.36423089235327355,0.0057310037357220719,
1.465894,-8.674647058466272,-0.73115129099865417,-5.1932897346105698,-8.2204197288702421,-0.009022834116402919,-4.524945286993197,-0.001159521328052126,-0.35799497919490814,0.0065419299299624648,
1.4673099999999999,-8.674647041653154,-0.73572693455672844,-5.2001923961729304,-8.1359778203852109,0.012993407060530022,-4.5397775566553982,-0.0023275377315555186,-0.35378505289661172,0.0065856670046064237,
1.468137,-8.7275841390448115,-0.80844890260832247,-5.1662945223841783,-8.1359778047104108,0.0087275532469882205,-4.5462128798565304,-0.0021406219340159116,-0.35378325080065504,0.0065844728846219114,
1.4687269999999999,-8.7275841222316934,-0.81302454616639674,-5.1731971839465389,-8.1197245426539002,0.029574216090739229,-4.5471185922830841,-0.0027983803992021146,-0.35394258880289176,0.0075132751336882166,
1.470164,-8.7275841054185754,-0.81760018972447102,-5.1800998455088996,-8.099556909611124,-0.0013900029497616977,-4.5484816528852319,-0.001813197469964073,-0.35313934614034864,0.0073164499220160183,
1.471597,-8.7275840883475873,-0.82225009981459707,-5.1869942552343655,-8.0541331801962439,-0.0407055513169539,-4.5407635330989313,0.00064000911298572579,-0.35237031984882622,0.0081739241775034208,
1.472032,-8.5462032999681519,-0.80100634966048379,-5.2083335832853965,-8.0541331642810317,-0.045040643515206105,-4.5471911631462065,0.0008299648105871718,-0.35236851989582185,0.0081727106759509408,
1.473009,-8.5462032828971637,-0.80565625975060984,-5.2152279930108625,-7.9619906631810027,-0.032811690117279392,-4.5485745866801421,3.1420689294759828e-05,-0.34763638076405157,0.006884478123510695,
1.4744569999999999,-8.5462032658261755,-0.81030616984073589,-5.2221224027363284,-7.8859319191086685,-0.032054695358344473,-4.5550705979587356,0.00015106483684531509,-0.34497903773180583,0.0063623616903922559,
1.475881,-8.5462032487551873,-0.81495607993086194,-5.2290168124617944,-7.8139195295115007,-0.035159029672169079,-4.5794222399213371,0.00080178902145933693,-0.34009430677754565,0.0066449738402596381,
1.475975,-8.4325910725026496,-0.84162536371242158,-5.2485123174134225,-7.8139195135962884,-0.039494121870421284,-4.5858498699686123,0.00099174471906078284,-0.34009250682454129,0.0066437603387071572,
1.477317,-8.4325910554316614,-0.84627527380254763,-5.2554067271388885,-7.8417427631771401,0.028814132527811384,-4.5918026624461712,-0.0025359879719361721,-0.34252799515887616,0.0070275238686331853,
1.478739,-8.4325910383606733,-0.85092518389267369,-5.2623011368643544,-7.8568826123987439,0.061224530092436114,-4.6025533002846641,-0.0039965462641297304,-0.34251142096293941,0.0081637303824408439,
1.4799150000000001,-8.3265143929807319,-0.87364269576014308,-5.2380141659542181,-7.8568825961277238,0.056796158403671582,-4.6090049714377415,-0.003802497017054584,-0.34250961426460896,0.0081624907696075596,
1.4801839999999999,-8.326514375528097,-0.87839265937261646,-5.24493436266998,-7.8959703243407118,0.011117097064092085,-4.6156556492585814,-0.001241250804258734,-0.34479183161186477,0.0082313007838179554,
1.4816400000000001,-8.3265143580754621,-0.88314262298508983,-5.251854559385742,-7.8947081943352861,0.019998339466816152,-4.6111517485649758,-0.0019779545944250969,-0.3456162843480281,0.0071679950562177795,
1.483085,-8.3265143406228272,-0.8878925865975632,-5.2587747561015039,-7.8470662815612853,0.013419371812426747,-4.6227413757962763,-0.0018833937149247274,-0.34274571157885758,0.0072780386521798636,
1.4838720000000001,-8.3483423323743686,-0.79928814374884827,-5.2993755931914608,-7.8470662652902652,0.0089910001236622114,-4.6291930469493536,-0.0016893444678495809,-0.34274390488052714,0.0072767990393465785,
1.4844930000000001,-8.3483423149217337,-0.80403810736132164,-5.3062957899072227,-7.7899878860622449,-0.024076419390063195,-4.6459060841671453,0.00042420978037431339,-0.34090517786888513,0.0074565083083625557,
1.485903,-8.3483422974690988,-0.80878807097379501,-5.3132159866229847,-7.7249062094041001,0.017149144618703496,-4.6707457914162811,-0.0018468125182363061,-0.33626992064721267,0.0085382658437477884,
1.487374,-8.3483422800164639,-0.81353803458626839,-5.3201361833387466,-7.7547894234051329,0.058758375639485813,-4.6813042081181164,-0.0041840923704956796,-0.33913196866736878,0.0074138077152258227,
1.487806,-8.3703083947639918,-0.83400155116034924,-5.3580410686293849,-7.7547894071341128,0.054330003950721281,-4.6877558792711937,-0.0039900431234205329,-0.33913016196903834,0.0074125681023925376,
1.488799,-8.3703083773113569,-0.83875151477282262,-5.3649612653451468,-7.7316556758367412,0.048057275959177741,-4.6960209139193534,-0.0037986581569412806,-0.33723322924001764,0.0083841488238027388,
1.4902329999999999,-8.3703083601784805,-0.8434148340979023,-5.371640095831741,-7.7231513969458527,0.012354250289692378,-4.6909488499252454,-0.0017767749877137078,-0.33818481360745622,0.0088675812202500485,
1.491644,-8.370308343045604,-0.84807815342298198,-5.3783189263183351,-7.6431378396442593,-0.012933767511175007,-4.6871973416541044,-0.00082126542937736207,-0.33469612588089492,0.0074808470939242864,
1.4917400000000001,-8.2688390279030362,-0.86458020735561236,-5.3936840391610952,-7.6431378236713483,-0.017281361084444214,-4.6934239880568738,-0.00063075000423765397,-0.33469438218570452,0.0074796300929212568,
1.4931019999999999,-8.2688390107701597,-0.86924352668069205,-5.4003628696476893,-7.5327485808018508,-0.039008314192838858,-4.6926005771516115,0.00017067028586981278,-0.33002135706635266,0.0073825544686675886,
1.4945090000000001,-8.2688389936372833,-0.87390684600577173,-5.4070417001342834,-7.4146630775682256,-0.066073955681148502,-4.7053346277149419,0.0014323192174395712,-0.32452316170079781,0.0067861114186674567,
1.495673,-8.2098404074916331,-0.90446069909392979,-5.3886817849895259,-7.4146630615953146,-0.070421549254417709,-4.7115612741177113,0.0016228346425792791,-0.32452141800560741,0.006784894417664427,
1.4959439999999999,-8.2098403903587567,-0.90912401841900947,-5.39536061547612,-7.3138391544371082,-0.063151168499452834,-4.7229448695874936,0.0016317950119612455,-0.31940952147887275,0.0067410498628484201,
1.49736,-8.2098403732258802,-0.91378733774408916,-5.4020394459627141,-7.2804859707772582,-0.027870063181979328,-4.7269238423081053,-0.0005687900550349382,-0.3181529048424464,0.0078030287331112601,
1.4988049999999999,-8.2098403560930038,-0.91845065706916884,-5.4087182764493082,-7.2804860757581586,-0.036763308568753712,-4.7327714081495449,0.00089888127543908661,-0.31781278256799494,0.0077555131215287319,
1.4996290000000001,-8.1798369191737255,-0.8952706350115297,-5.3902810178854699,-7.2804860597852477,-0.041110902142022919,-4.7389980545523143,0.0010893967005787947,-0.31781103887280454,0.0077542961205257022,
1.5002340000000001,-8.179836902040849,-0.89993395433660939,-5.396959848372064,-7.3006003276610381,-0.06589943908045337,-4.7498804085684645,0.0022038684421418746,-0.31921267731783465,0.007490954822749603,
1.5017119999999999,-8.1798368845469547,-0.90469732718403661,-5.4036696232470129,-7.3175171724954051,-0.04414156021724748,-4.7545309985859205,0.001128155719988229,-0.31988045964085049,0.0077649927503524912,
1.5031080000000001,-8.1798368670530603,-0.90946070003146384,-5.4103793981219619,-7.322450218183584,-0.013882410150490965,-4.7699328888653065,-0.00090633041332977135,-0.32064634418928367,0.0073177537028462315,
1.503576,-8.0298184206441849,-0.88737649491076875,-5.4220564812154217,-7.3224502018740978,-0.018323283214272762,-4.7761883845950379,-0.00071172170025340692,-0.32064459240367016,0.0073165105905634437,
1.5045630000000001,-8.0298184031502906,-0.89213986775819598,-5.4287662560903707,-7.2861149829014762,-0.021549741649023922,-4.7944720722492304,-0.00033324169389026053,-0.3179073596732015,0.0081386453936563487,
1.506003,-8.0298183856563963,-0.89690324060562321,-5.4354760309653196,-7.3029248110890075,-0.0021016704877390817,-4.815110340152124,-0.00064109446064611743,-0.31892175844652704,0.0085497218520506155,
1.5074069999999999,-8.0298183681625019,-0.90166661345305044,-5.4421858058402686,-7.3366553568993318,0.040351689846055777,-4.8319696224043529,-0.0033618213168759748,-0.31930394284585106,0.0083006444675515871,
1.507504,-8.0147749535357278,-0.84897104616469155,-5.4539377136326914,-7.3366553405898456,0.03591081678227398,-4.8382251181340843,-0.0031672126037996101,-0.31930219106023755,0.0082994013552687984,
1.508818,-8.0147749360418334,-0.85373441901211877,-5.4606474885076404,-7.4280510453024728,0.048028123946635241,-4.8504725168428395,-0.003195368380431809,-0.32428860349663341,0.0085776966076714783,
1.5102709999999999,-8.0147749188367534,-0.85841939940904699,-5.4671365267456578,-7.4771113010643955,0.056494872978772127,-4.8643765533214296,-0.0034728887606613945,-0.32614895821896378,0.0095591647496148738,
1.5114669999999999,-7.9948458097875594,-0.79566897363566391,-5.4775837283377316,-7.4771112850241694,0.052127084876629044,-4.8704262571854944,-0.0032814771954906333,-0.32614726405145861,0.0095579420956546732,
1.511692,-7.9948457925824794,-0.80035395403259213,-5.4840727665757489,-7.4861172481484948,0.10108535328884521,-4.8647184746300383,-0.0061554671269416347,-0.32728098861106097,0.0083740132288024679,
1.5131559999999999,-7.9948457753773994,-0.80503893442952035,-5.4905618048137663,-7.4258175768299957,0.077408693098118958,-4.8743454330080427,-0.0048364542987590024,-0.32494012908963332,0.0084850707367184544,
1.514556,-7.9948457581723193,-0.80972391482644857,-5.4970508430517837,-7.3287236393855064,0.050900784876487873,-4.8804158582465593,-0.003576679656647251,-0.31962394921684123,0.0072512396057468039,
1.5154030000000001,-8.0575765487640556,-0.75246366474138537,-5.5441184994290111,-7.3287236233452804,0.04653299677434479,-4.8864655621106241,-0.0033852680914764899,-0.31962225504933606,0.0072500169517866024,
1.516011,-8.0575765315589756,-0.75714864513831359,-5.5506075376670285,-7.2546019267584141,0.034803131059611761,-4.9032132459244675,-0.0023623482951677949,-0.31657956356223721,0.0069528272705775187,
1.5174460000000001,-8.0575765143538955,-0.76183362553524181,-5.5570965759050459,-7.2329117271918566,0.043242438101965076,-4.9223909319100851,-0.0024584589960511701,-0.31415781084368144,0.0075968305053034785,
1.518883,-8.0575764971488155,-0.76651860593217003,-5.5635856141430633,-7.2903986899139195,0.11925463392220484,-4.9313668617164703,-0.006465300771009359,-0.31836253596563385,0.0080139364105072351,
1.519344,-7.8972427463542081,-0.8016407499714534,-5.5515173002770197,-7.2903986738736934,0.11488684582006176,-4.9374165655805351,-0.0062738892058385983,-0.31836084179812868,0.0080127137565470345,
1.5203089999999999,-7.8972427288809435,-0.80639793394120951,-5.5580001496373663,-7.2861046821059583,0.13297176724332829,-4.9464447996167893,-0.0073996803067983511,-0.31725869059204104,0.0088993439643869979,
1.5217579999999999,-7.8972427114076789,-0.81115511791096562,-5.5644829989977129,-7.2867484364711599,0.10482298628660067,-4.9409364130038211,-0.0060484993160663239,-0.31893683025587372,0.0084832290251842021,
1.523183,-7.8972426939344142,-0.81591230188072172,-5.5709658483580595,-7.1982838232053998,0.076347908603914119,-4.9334216622081417,-0.0051858491699115425,-0.31415926131383082,0.0075010180836528806,
1.5233939999999999,-7.7472902577572134,-0.75839246065365784,-5.5585463269868907,-7.1982838069151462,0.071912805405524957,-4.9394655962068139,-0.0049914822393382864,-0.31415756875047929,0.0074997765865007131,
1.5246109999999999,-7.7472902402839487,-0.76314964462341395,-5.5650291763472373,-7.1249022676147007,-0.012317526767902168,-4.9432823739668761,-0.00073828298434921395,-0.3110229966259529,0.0071899483492934117,
1.5260320000000001,-7.7472902228106841,-0.76790682859317005,-5.5715120257075839,-7.073595276051166,-0.06840620722520907,-4.9655093297538091,0.0025958479103425107,-0.30714988200442273,0.0076696915917288068,
1.527272,-7.7614737663560307,-0.71592464792245691,-5.5806317666744691,-7.0735952597609124,-0.072841310423598232,-4.9715532637524813,0.0027902148409157668,-0.3071481894410712,0.0076684500945766393,
1.527444,-7.7614737488827661,-0.72068183189221302,-5.5871146160348157,-7.1313037695798229,0.036517216173683351,-4.9850554317362441,-0.0032494274064753118,-0.30995647152997441,0.0086449370404799181,
1.5288919999999999,-7.7614737314095015,-0.72543901586196913,-5.5935974653951623,-7.2200873670798575,0.078254082411081116,-5.0052264575681855,-0.0053806849996121189,-0.31415411315241026,0.0086461444432461582,
1.53034,-7.7614737137608856,-0.73024158493464575,-5.6000359611321997,-7.2817861695466926,0.062202374114241246,-5.0168154326827361,-0.0037726261396929194,-0.31632121011170772,0.011456987389721698,
1.5311920000000001,-7.7032222424227363,-0.78650485498521505,-5.6171083330293703,-7.28178615309296,0.057724958569640182,-5.0228180159794285,-0.0035763994989216506,-0.31631952911627492,0.011455734048277093,
1.531758,-7.7032222247741204,-0.79130742405789167,-5.6235468287664077,-7.3406133057496952,0.058458383201595437,-5.0126909723428534,-0.0045798570104300185,-0.32045015930173382,0.0097429689083581919,
1.5331870000000001,-7.7032222071255045,-0.79610999313056829,-5.629985324503445,-7.3255509954496789,-0.015065269381911793,-5.020687800051169,-0.00049480569764171357,-0.31816996478237902,0.0093632796338443472,
1.5346089999999999,-7.7032221894768886,-0.80091256220324492,-5.6364238202404824,-7.339130944546989,-0.047525701410120885,-5.030403301191642,0.0014698737348591818,-0.31968616746991135,0.0091691470688301455,
1.535123,-7.6488446348009553,-0.80426552628202541,-5.6518984173213642,-7.3391309280932564,-0.052003116954721949,-5.0364058844883344,0.0016661003756304506,-0.31968448647447856,0.0091678937273855406,
1.5360579999999999,-7.6488446171523394,-0.80906809535470203,-5.6583369130584016,-7.3355680150856539,0.0072387509221194662,-5.0619511556271597,-0.0013262762955629972,-0.31777006289686466,0.0097350493526666432,
1.5375099999999999,-7.6488445995037235,-0.81387066442737865,-5.6647754087954389,-7.416479219464934,0.13238618846622563,-5.0735056376970613,-0.0080556427654782728,-0.32258728104722006,0.010338581479936163,
1.538907,-7.6488445818551076,-0.81867323350005528,-5.6712139045324763,-7.4531796492026858,0.14978249797368651,-5.0849420830178671,-0.0083926524453495788,-0.3234898712664836,0.011193873571793125,
1.5390729999999999,-7.662244235740598,-0.8200290284118571,-5.6560559515132729,-7.4531796327489532,0.14530508242908544,-5.0909446663145594,-0.0081964258045783105,-0.3234881902710508,0.01119262023034852,
1.540346,-7.6622442182157595,-0.82480271605540256,-5.6623531345434897,-7.4790197776625336,0.10372067193080532,-5.0854065317121027,-0.0058250466940515345,-0.32548232217788475,0.010121814936845403,
1.5417860000000001,-7.662244200690921,-0.82957640369894803,-5.6686503175737064,-7.4505758116249527,0.062539989356127465,-5.069468251883575,-0.0045745018972600839,-0.32485289876150597,0.0083682159022308925,
1.543053,-7.7570986221484599,-0.68116710717039541,-5.7147463663506208,-7.4505757952866176,0.05808949985002481,-5.0753390899204716,-0.0043794501109967049,-0.32485125464993092,0.0083669700980639108,
1.5432459999999999,-7.7570986046236214,-0.68594079481394088,-5.7210435493808376,-7.3773580029800812,0.0086057315776404616,-5.0771461076633226,-0.001574508437702145,-0.32055288620940336,0.00825338033452056,
1.5446599999999999,-7.757098587098783,-0.69071448245748635,-5.7273407324110543,-7.3393489883004088,0.0093946685298153289,-5.0878676946317514,-0.0015234718760644965,-0.31956559105977383,0.0075698881093320255,
1.546109,-7.7570985695739445,-0.69548817010103181,-5.7336379154412711,-7.2968235942427402,0.078303812865043967,-5.1047940387972854,-0.0053103906346139073,-0.31655158068984252,0.0080571548600752423,
1.546975,-7.8456227704113326,-0.72602293881276703,-5.7768720333730252,-7.2968235779044051,0.07385332335894132,-5.110664876834182,-0.0051153388483505284,-0.31654993657826747,0.0080559090559082606,
1.547542,-7.8456227528864941,-0.73079662645631249,-5.783169216403242,-7.3165787386092767,0.13549954759234034,-5.1152116125695928,-0.0078255613397982034,-0.31786700234037329,0.00954867369386634,
1.548951,-7.8456227353616557,-0.73557031409985796,-5.7894663994334588,-7.3293937849492163,0.081324041965568,-5.1211137870181176,-0.0055063460981068391,-0.31821899614484295,0.0085727667283502732,
1.5503610000000001,-7.8456227172901327,-0.74048944036867137,-5.7958522897102931,-7.349151128613566,-0.0060289626596865681,-5.1182135687189758,-0.0015510020402393176,-0.31938000195568655,0.0077941845223761987,
1.5509500000000001,-7.7507512409395378,-0.76610894775194949,-5.7993427710615855,-7.3491511117655595,-0.010615044002513629,-5.1241671081598321,-0.001350002434274972,-0.31937833467154697,0.0077929007626365001,
1.5517909999999999,-7.7507512228680149,-0.7710280740207629,-5.8057286613384198,-7.3611705435108519,-0.048716251732612716,-5.1202695347715395,0.00031368126704722299,-0.32000957072963415,0.0075123364355289789,
1.5532729999999999,-7.7507512047964919,-0.77594720028957631,-5.8121145516152541,-7.3618654573425992,-0.048045434492055228,-5.1281446028374784,0.00033724765260160052,-0.31996452841124562,0.0073266136114680741,
1.5546789999999999,-7.750751186724969,-0.78086632655838972,-5.8185004418920885,-7.3565577815949634,-0.029349690118171585,-5.14241351244954,-0.00046441860488375894,-0.31937736380351922,0.0080797670216819877,
1.5548569999999999,-7.7570743355334306,-0.88512445131651074,-5.7873719436818947,-7.3565577647469569,-0.033935771460998645,-5.1483670518903963,-0.00026341899891941319,-0.31937569651937964,0.0080784832619422882,
1.556106,-7.7570743174619077,-0.89004357758532415,-5.793757833958729,-7.3813158393977716,-0.016107114027138519,-5.1645755805565852,-0.00096709282038297815,-0.31993351877297599,0.0082298347065783966,
1.5575330000000001,-7.7570742993903847,-0.89496270385413756,-5.8001437242355633,-7.4400903165026753,-0.0062012604416195379,-5.1671989159393616,-0.0020377148037454221,-0.32245078791083098,0.0080827974130546539,
1.5588120000000001,-7.7629791755403463,-1.0036626368409565,-5.7698161237139765,-7.4400902996546687,-0.010787341784446597,-5.173152455380218,-0.0018367151977810765,-0.3224491206266914,0.0080815136533149545,
1.558967,-7.7629791574688234,-1.00858176310977,-5.7762020139908108,-7.5280064253347092,-0.069070540982012707,-5.176373113519646,0.0011093595960553438,-0.32608134013016316,0.0079065118688156667,
1.5604070000000001,-7.762979139386986,-1.013502952337807,-5.7824909451841329,-7.6017018728712609,-0.1159650507141711,-5.1722737872647135,0.0044737956326796986,-0.33027093994924317,0.0083254571575165585,
1.5618209999999999,-7.7629791213051487,-1.0184241415658439,-5.7887798763774549,-7.6195467361535103,-0.044932097869259183,-5.1670842138531965,0.00055483756924986413,-0.331014113651457,0.0089676204291893151,
1.5627610000000001,-7.8129857456514564,-0.97532647452372323,-5.8244395121264896,-7.6195467192958866,-0.049520102500550306,-5.172947358736236,0.00075592652215536352,-0.33101247167059195,0.0089663361310725678,
1.5632550000000001,-7.8129857275696191,-0.9802476637517602,-5.8307284433198117,-7.5945334094734891,-0.021493429152120914,-5.1770566728923662,-0.00033727947939070184,-0.33058549087421707,0.0089730419238441602,
1.5647,-7.8129857094877817,-0.98516885297979717,-5.8370173745131337,-7.5000682844393189,-0.020569272453519121,-5.191021624544808,-0.00084211961530782759,-0.3254787739857074,0.0081885531514141203,
1.5661350000000001,-7.8129856914059443,-0.99009004220783414,-5.8433063057064558,-7.4465016594160307,-0.022593978782325334,-5.1989510801591212,-0.00025796304219185396,-0.32297385213552998,0.0078503263673505887,
1.5666960000000001,-7.826937918352721,-0.89767393612256807,-5.8552368943895505,-7.446501642558407,-0.02718198341361646,-5.2048142250421607,-5.6874089286354594e-05,-0.32297221015466493,0.0078490420692338414,
1.5675699999999999,-7.8269379002708837,-0.90259512535060504,-5.8615258255828726,-7.443750564350899,0.00031342385966753872,-5.2094281804132869,-0.0010481264817125777,-0.32228421356423054,0.0077244630946356188,
1.5689850000000001,-7.8269378821890463,-0.90751631457864201,-5.8678147567761947,-7.4907225142943341,0.023464029217243984,-5.2162216508461761,-0.0021512197086380283,-0.32507733922370952,0.0080471593819660802,
1.570433,-7.826937863746191,-0.91254065176786203,-5.8741305064394247,-7.5223842820010258,0.037142539480051792,-5.2220005531877849,-0.0023468224432274766,-0.32657964375007359,0.0089742028726357975,
1.5706530000000001,-7.8399672741866837,-0.85530744605043429,-5.8847348107863668,-7.5223842648068269,0.032458370425551761,-5.2278887008208592,-0.0021415133480889013,-0.32657799475553845,0.0089728916556745062,
1.5718559999999999,-7.8399672557438285,-0.86033178323965431,-5.8910505604495969,-7.5177829901953119,0.10060563621212237,-5.2196982785513306,-0.006204757181449647,-0.32739575785633795,0.0093414376026293572,
1.5733269999999999,-7.8399672373009732,-0.86535612042887433,-5.8973663101128269,-7.4452613103909515,0.092370497586183681,-5.2160534873942463,-0.0066787379952582878,-0.32408801138093829,0.0089226147873237814,
1.574592,-7.8443448600006693,-0.81344065149832079,-5.9106291588048157,-7.4452612931967526,0.087686328531683649,-5.2219416350273207,-0.006473428900119713,-0.32408636238640315,0.0089213035703624901,
1.5747359999999999,-7.8443448415578141,-0.81846498868754081,-5.9169449084680457,-7.3513340260127693,-0.036488279184891934,-5.2361631774395727,0.00076918119491668161,-0.3191761571895988,0.0074223400206345613,
1.5761510000000001,-7.8443448231149588,-0.82348932587676082,-5.9232606581312757,-7.3177384839272612,-0.06429768975190088,-5.2480009314824878,0.0024163803330108421,-0.3169815966578407,0.0077246005299614253,
1.5775870000000001,-7.8443448046721036,-0.82851366306598084,-5.9295764077945057,-7.3758625054590929,0.013622274192929024,-5.2565076707702598,-0.0025303448066233089,-0.31936650312634307,0.0066083941456348567,
1.5785439999999999,-7.6993688687266326,-0.92109843159029625,-5.9309156948076902,-7.375862488264894,0.0089381051384289922,-5.2623958184033341,-0.0023250357114847336,-0.31936485413180793,0.0066070829286735645,
1.579029,-7.6993688502837774,-0.92612276877951627,-5.9372314444709202,-7.4632933809276087,0.00049661316377364127,-5.2828169691249354,-0.0010421188627986111,-0.32361621299529308,0.008069540152004881,
1.580454,-7.6993688314799043,-0.93124097061341282,-5.9435647292875515,-7.5366700083513338,0.024036662531693721,-5.2914975277222185,-0.0023322102134444279,-0.32706609360035438,0.010187636681863016,
1.581885,-7.6993688126760311,-0.93635917244730937,-5.9498980141041828,-7.5709027630487897,0.044198863109271812,-5.2745218454101952,-0.0039248730330518934,-0.32923263080145365,0.0099741258341665886,
1.58246,-7.5640750981202567,-0.98183990346729566,-5.9234653206330208,-7.5709027455180156,0.039427184429651735,-5.2804263409952146,-0.0037157232601138638,-0.3292309772159428,0.0099727901210551126,
1.5833170000000001,-7.5640750793163836,-0.98695810530119221,-5.9297986054496521,-7.5510398481492045,-0.061397186100288097,-5.2880456101642865,0.0013764216217290052,-0.32787273385412247,0.0099342412220493996,
1.5847610000000001,-7.5640750605125104,-0.99207630713508876,-5.9361318902662834,-7.5394656869281267,-0.13667823637059484,-5.2945102769401418,0.0056185652298040723,-0.32722389478289188,0.0088373510419488023,
1.586171,-7.5640750417086373,-0.99719450896898532,-5.9424651750829147,-7.5400782222221761,-0.074402761559443656,-5.3042784970462487,0.0024053412080216495,-0.32667128266893214,0.0095323360377795631,
1.58639,-7.7174511256313929,-0.96692786950148513,-5.9639548326252365,-7.5400782046914019,-0.079174440239063726,-5.310182992631268,0.0026144909809596791,-0.32666962908342129,0.0095310003246680871,
1.587602,-7.7174511068275198,-0.97204607133538168,-5.9702881174418678,-7.5747351197402164,0.043614187573820531,-5.3163208900675727,-0.0035786278169104646,-0.32884662880560317,0.0097781319506845456,
1.589067,-7.7174510880236467,-0.97716427316927823,-5.9766214022584991,-7.5765953238178847,0.055291549903208462,-5.3208829208056523,-0.0034699036744858347,-0.32895069066644012,0.010317955342078447,
1.590325,-7.7272500558002095,-0.89772529489913777,-6.0088814148413885,-7.5765953063736582,0.050542950685158669,-5.3266643259289648,-0.0032617603667333744,-0.3289490715408262,0.010316626089489977,
1.5904860000000001,-7.7272500370891697,-0.90281874122235017,-6.0150826702677058,-7.541098093306398,0.028058093963507929,-5.3203880743564769,-0.0020620856224083852,-0.32778882447434016,0.0085304276767940914,
1.5919030000000001,-7.7272500183781299,-0.90791218754556258,-6.0212839256940232,-7.4802695484764614,0.0091684993400515738,-5.3029518412766778,-0.0013037353387785832,-0.32549233694022922,0.0083546389129590289,
1.5933459999999999,-7.72724999966709,-0.91300563386877498,-6.0274851811203405,-7.4070035094388746,-0.025289737501843847,-5.3066113531601768,0.00033969772353640106,-0.32154858559464883,0.007833219064764349,
1.5942480000000001,-7.7363968784341184,-0.84080372450943686,-6.0575096026226696,-7.4070034919946481,-0.03003833671989364,-5.3123927582834893,0.00054784103128886145,-0.32154696646903491,0.0078318898121758785,
1.5947750000000001,-7.7363968597230786,-0.84589717083264926,-6.0637108580489869,-7.3737547905849326,0.0044400116146443291,-5.3303464709285553,-0.00033321052819236248,-0.32067402468533979,0.0071169603492402828,
1.596214,-7.7363968410120387,-0.85099061715586166,-6.0699121134753042,-7.3492599418771656,0.13092920913290768,-5.3418277878186782,-0.0068288204948181233,-0.31913803492863591,0.0086491834236964247,
1.5976509999999999,-7.7363968223009989,-0.85608406347907406,-6.0761133689016216,-7.3433253123806006,0.22155134227878165,-5.344972992423477,-0.011475550159627493,-0.31922438178082163,0.0094668372921359774,
1.598177,-7.627151931387643,-0.87179151780012065,-6.0365802702412807,-7.3433252949363741,0.21680274306073186,-5.3507543975467895,-0.011267406851875033,-0.31922276265520771,0.0094655080395475068,
1.599083,-7.6271519126766032,-0.87688496412333305,-6.0427815256675981,-7.3086718359317686,0.14134270536222696,-5.3520680343205447,-0.0071371736005963662,-0.31796026892223267,0.0083163929622846224,
1.600506,-7.6271518935529716,-0.88209290468345858,-6.0490219773191649,-7.2547701444575772,0.071553313737712579,-5.3501029685890584,-0.0043164635536738797,-0.31509857949673625,0.0079193934569580376,
1.601942,-7.6271518744293401,-0.8873008452435841,-6.0552624289707317,-7.2315051257930119,0.043275735823587957,-5.3466357948770309,-0.0023642754044565454,-0.31452075468977947,0.0075743271606315832,
1.602141,-7.5924378135844952,-0.78223436325912832,-6.0166689858072724,-7.2315051079641277,0.038420394095776321,-5.3524537424811625,-0.0021514482169151103,-0.31451912531812559,0.007572968028125065,
1.603386,-7.5924377944608636,-0.78744230381925384,-6.0229094374588392,-7.2158064300306277,0.049539128179878961,-5.3791964841112323,-0.0031992752482905801,-0.3134041091317834,0.0073453197891963119,
1.6047979999999999,-7.5924377753372321,-0.79265024437937937,-6.0291498891104061,-7.2244584032243768,0.065089369264298549,-5.3992479153394521,-0.0040033132566252077,-0.3136723207865415,0.00899778692370682,
1.606077,-7.5600274912536261,-0.69823186861070785,-6.0421243162195015,-7.2244583853954927,0.060234027536486913,-5.4050658629435837,-0.0037904860690837726,-0.31367069141488763,0.0089964277912003027,
1.6062669999999999,-7.5600274721299945,-0.70343980917083337,-6.0483647678710684,-7.2503548655996184,0.07984397997808132,-5.4257117647292619,-0.0053592150260943364,-0.31440881844383678,0.01024683131350073,
1.607696,-7.5600274530063629,-0.7086477497309589,-6.0546052195226352,-7.3194242468292083,0.068030672067514023,-5.4368797971907172,-0.0049675194602069976,-0.31705236524336844,0.0095954832848459577,
1.609111,-7.5600274338827314,-0.71385569029108442,-6.060845671174202,-7.4172724067909179,-0.03520796405091503,-5.4471833768132951,0.0001787187273814524,-0.32229605709714709,0.0084825865291175678,
1.6100190000000001,-7.5583493887364002,-0.69181863451434567,-6.1106666404256051,-7.4172723889620338,-0.040063305778726667,-5.4530013244174267,0.00039154591492288754,-0.32229442772549322,0.0084812273966110505,
1.610536,-7.5583493694477317,-0.69706473982010897,-6.1168544866169681,-7.4713019106863054,-0.054424552580664434,-5.4593475554143476,0.0011857741244746967,-0.32441820762908852,0.0098332170770921486,
1.6119669999999999,-7.5583493501590633,-0.70231084512587227,-6.123042332808331,-7.4956732200249583,0.0097216544481581388,-5.4572332755810429,-0.0024521488697054183,-0.3266111978777369,0.0094678259791542759,
1.6133999999999999,-7.5583493308703948,-0.70755695043163558,-6.1292301789996939,-7.4357115442855584,0.034596192923621934,-5.4708853790225254,-0.0033745169398287575,-0.32363480121245497,0.0097164723283278652,
1.6139859999999999,-7.6737122769832435,-0.80342927421510146,-6.1760129741268539,-7.4357115263028115,0.029705270359223018,-5.47665428277082,-0.0031601251287858242,-0.32363318556264808,0.0097151032358472698,
1.6148560000000001,-7.6737122576945751,-0.80867537952086477,-6.1822008203182168,-7.3600897599808137,0.020119525912467025,-5.4900751603017932,-0.0027465878951475052,-0.31974413309766048,0.0081649164240979281,
1.6162650000000001,-7.6737122384059067,-0.81392148482662807,-6.1883886665095797,-7.3149859388063065,0.0047216919240345503,-5.5038783570475118,-0.0011815143037170808,-0.31721230322435784,0.0076315765600625972,
1.61771,-7.6737122191172382,-0.81916759013239138,-6.1945765127009427,-7.3307813625147595,0.038161703895233837,-5.5056552455934051,-0.003000277154253746,-0.31793271830882214,0.0068025163184348026,
1.6179330000000001,-7.7814290282554737,-0.90248915993198209,-6.1886865597318828,-7.3307813445320127,0.033270781330834921,-5.5114241493416998,-0.0027858853432108127,-0.31793110265901525,0.0068011472259542072,
1.6191390000000001,-7.7814290089668052,-0.90773526523774539,-6.1948744059232457,-7.3595289244748541,0.028513670245999621,-5.5207757093816374,-0.0027027450860855114,-0.3197504432519091,0.0075223273036504838,
1.620576,-7.7814289892036559,-0.91311958881149369,-6.2011220779320952,-7.3629593909732982,0.082757485778858789,-5.5210864442269463,-0.0048208395064104053,-0.32018672113136698,0.008757940857234154,
1.6218680000000001,-7.7035863460001046,-0.91514322186647734,-6.2092926626447582,-7.362959372548195,0.077737702887360177,-5.5269111233407022,-0.0046007939162148017,-0.32018508984922195,0.0087565356935023399,
1.6220250000000001,-7.7035863262369553,-0.92052754544022564,-6.2155403346536078,-7.3237511382313292,0.17134982564824591,-5.5120602007939983,-0.0098830840275251491,-0.31935149937296053,0.0079784620290260216,
1.6234219999999999,-7.7035863064738059,-0.92591186901397393,-6.2217880066624573,-7.2110096713555629,0.095343534053759796,-5.5088859288077234,-0.0057910223947816811,-0.31378024704827473,0.0083613990785966555,
1.6248849999999999,-7.7035862867106566,-0.93129619258772223,-6.2280356786713069,-7.125006744380074,-0.0096671790655741274,-5.5148805199754634,-0.00018089224840086519,-0.30906546165587861,0.0096303551057597865,
1.6257900000000001,-7.6147321348978787,-0.80153102399674803,-6.2350253984868536,-7.1250067259549708,-0.014686961957072735,-5.5207051990892193,3.9153341794738341e-05,-0.30906383037373358,0.0096289499420279725,
1.626312,-7.6147321151347294,-0.80691534757049632,-6.2412730704957031,-7.1213024245964203,0.033957289243955996,-5.5171727328123374,-0.002673741367007521,-0.30916519954803623,0.0092027117021293101,
1.627704,-7.61473209537158,-0.81229967114424462,-6.2475207425045527,-7.1591154888735771,0.082161509903114216,-5.5311307700571835,-0.0053257188309371768,-0.31038602278890093,0.0098580589133299874,
1.6291629999999999,-7.6147320756084307,-0.81768399471799291,-6.2537684145134023,-7.2141888851169425,0.064700525228397282,-5.5361891851250933,-0.0040200726679427449,-0.3136914393153663,0.010697254118742876,
1.6297379999999999,-7.5317591610058301,-0.70065987686451536,-6.250804736896864,-7.2141888666918392,0.059680742336898671,-5.5420138642388492,-0.0038000270777471413,-0.31368980803322127,0.010695848955011062,
1.630628,-7.531759140943552,-0.70612156140915094,-6.2570410626299831,-7.2222468943655045,0.079307533161418448,-5.5335410414335033,-0.0055352886085581008,-0.31403119893321113,0.010418515814731553,
1.6320539999999999,-7.531759120881274,-0.71158324595378653,-6.2632773883631021,-7.1998702894915994,0.020988598406252779,-5.5167958181974761,-0.0032448241138630382,-0.31364864302113454,0.0087606802471513548,
1.633446,-7.5317591008189959,-0.71704493049842211,-6.2695137140962212,-7.1371994243293964,-0.10860222182903223,-5.5152415098090888,0.003796932302001791,-0.31029372108895314,0.0077421539459626935,
1.6337470000000001,-7.5877645685612647,-0.67054836141521046,-6.2837136848055906,-7.1371994056254158,-0.11369412803793748,-5.5210556108362923,0.0040201445942482381,-0.31029209275563663,0.0077407285930960312,
1.6348819999999999,-7.5877645484989866,-0.67601004595984604,-6.2899500105387096,-7.0916157695835169,-0.14069520593899107,-5.530683923140141,0.0051468963446315748,-0.30807243243815691,0.0069376808535875191,
1.6363259999999999,-7.5877645284367086,-0.68147173050448162,-6.2961863362718287,-7.0791875986298818,-0.080306022019419637,-5.5340035365192541,0.0019599869866597799,-0.30743214893048254,0.0075707851104118169,
1.6376710000000001,-7.4855464012075021,-0.84383874527194291,-6.3092138258216064,-7.0791875799259012,-0.085397928228324885,-5.5398176375464576,0.0021831992789062269,-0.30743052059716602,0.0075693597575451545,
1.637751,-7.4855463811452241,-0.84930042981657849,-6.3154501515547254,-7.0851420155463609,-0.027888704483846574,-5.5473337866293075,-0.00082360226084730826,-0.30728079367373584,0.0089967015877257563,
1.639195,-7.485546361082946,-0.85476211436121408,-6.3216864772878445,-7.1004234290261783,-0.043746192077259612,-5.5498853727442858,3.3446354826603773e-06,-0.30905799557520164,0.0079832813099250267,
1.640617,-7.4855463414332597,-0.86011033614854837,-6.3276969089859731,-7.0570668001111159,-0.078391965486182047,-5.5404787439590963,0.0022631827065469519,-0.30683259605158925,0.008007339065126946,
1.6416109999999999,-7.3901210521224945,-1.0022454246395422,-6.292566458947598,-7.0570667817917929,-0.083378090829557619,-5.5460822448994724,0.0024817628016680941,-0.30683102668738821,0.0080059433229900685,
1.6420729999999999,-7.3901210324728082,-1.0075936464268767,-6.2985768906457267,-7.0040989952144868,-0.099990712465094361,-5.532089904527262,0.0028132249114200519,-0.30512089371159795,0.0073510245290215846,
1.6435010000000001,-7.3901210128231218,-1.0129418682142111,-6.3045873223438553,-6.9369858785516181,-0.12532068656401524,-5.5385428753053469,0.0049136906948938092,-0.3017144751005682,0.0080395223617809042,
1.6449389999999999,-7.3901209931734355,-1.0182900900015455,-6.310597754041984,-6.8876987333458866,-0.059439169147483609,-5.5502362141901642,0.0014160585390286247,-0.29949879264182189,0.0084493644791217206,
1.645583,-7.3534551483990303,-1.034052592185809,-6.2802007101048725,-6.8876987150265636,-0.064425294490859181,-5.5558397151305403,0.0016346386341497669,-0.29949722327762085,0.0084479687369848431,
1.6463559999999999,-7.3534551287493439,-1.0394008139731434,-6.2862111418030011,-6.8590772697088953,0.010837004551233168,-5.5648344691653255,-0.0016800108797296537,-0.29777296418622901,0.0098712086612633924,
1.647777,-7.3534551090996576,-1.0447490357604778,-6.2922215735011298,-6.8707492597088864,0.055337163203763425,-5.5777863553134051,-0.0043490939876271034,-0.29857205858839742,0.0083475197429940355,
1.6492119999999999,-7.3534550894499713,-1.0500972575478122,-6.2982320051992584,-6.8750412589350951,0.0008998025988322042,-5.5892907067083817,-0.0014272910202504569,-0.29851741984967745,0.0086389111942177122,
1.6494800000000001,-7.3487986117051385,-0.90665031741252644,-6.2683968419974656,-6.8750412406157722,-0.0040863227445433652,-5.5948942076487578,-0.0012087109251293147,-0.29851585048547641,0.0086375154520808347,
1.65065,-7.3487985919007297,-0.91204289282316942,-6.2743639515518979,-6.9022135658730779,-0.027922266444448667,-5.6019804348433544,0.00085173064203985811,-0.29966098164503463,0.007981236259841722,
1.652075,-7.3487985720963209,-0.91743546823381239,-6.2803310611063301,-6.9383960364182036,0.017408733834388478,-5.6030852616368305,-0.0021634433560485762,-0.30226938272574899,0.0072886036283372523,
1.6534530000000001,-7.303762451913812,-0.78883074468087633,-6.3053592097442976,-6.9383960179546342,0.012381257789033167,-5.6086483735194586,-0.0019430458180590931,-0.30226782466112273,0.0072871963110972462,
1.653505,-7.3037624321094032,-0.7942233200915193,-6.3113263192987299,-6.9192930655259,0.01209142476126814,-5.6285338276129018,-0.0018877553972384098,-0.30086637023552787,0.0089655447772817795,
1.6549339999999999,-7.3037624123049945,-0.79961589550216228,-6.3172934288531621,-6.9008726769976638,0.036085754301370121,-5.6541349914772017,-0.0032423924079791715,-0.30026624175709715,0.0091424350150458751,
1.6563669999999999,-7.3037623925005857,-0.80500847091280525,-6.3232605384075944,-6.8763266498797755,0.04561792633976923,-5.6648203074236081,-0.0037955816946976285,-0.29832734682975143,0.0089924553426108719,
1.657389,-7.322582562995219,-0.75885731102925491,-6.3489251513396807,-6.8763266314162061,0.040590450294413917,-5.6703834193062361,-0.0035751841567081455,-0.29832578876512517,0.0089910480253708649,
1.6578109999999999,-7.3225825431908103,-0.76424988643989789,-6.354892260894113,-6.9145907887741407,0.0017670073559626562,-5.6844954424000509,-0.0018580393518452163,-0.30013362418523981,0.0081835038853877648,
1.6592640000000001,-7.3225825233864015,-0.76964246185054086,-6.3608593704485452,-6.9548560683573282,-0.051489729072695722,-5.6866709426932029,0.001004005360465693,-0.30256296224996576,0.0075860862255729454,
1.660712,-7.3225825037986034,-0.77497314848447407,-6.3666655691835317,-6.9563298238205018,-0.030910931933313301,-5.6944620136425561,-0.00053412720957583338,-0.3026120790053432,0.0075917866962172901,
1.6613249999999999,-7.3390393326269869,-0.82210947553580815,-6.3902700349800812,-6.9563298055588776,-0.035880709324743389,-5.6998751090249788,-0.00031625441296567226,-0.30261056294295102,0.0075903955302840109,
1.662134,-7.3390393130391889,-0.82744016216974137,-6.3960762337150676,-6.9311464550205653,-0.0099097320115374248,-5.694790623433355,-0.001129241808577481,-0.30234508646602104,0.0077104255915872366,
1.663573,-7.3390392934513908,-0.83277084880367458,-6.4018824324500541,-6.8433494150123888,-0.022743855194527242,-5.7067046644985764,-0.00090623167450266766,-0.29761232553488731,0.0072154483889024113,
1.664976,-7.3390392738635928,-0.83810153543760779,-6.4076886311850405,-6.7783958995556794,-0.069443488867329456,-5.7158511972606707,0.0015201071948591077,-0.29475133924662372,0.0058528075748123173,
1.665279,-7.3544068409016274,-0.87814869371499027,-6.4173034885043005,-6.7783958812940552,-0.074413266258759547,-5.7212642926430934,0.0017379799914692688,-0.29474982318423154,0.0058514164088790382,
1.6664350000000001,-7.3544068213138294,-0.88347938034892348,-6.423109687239287,-6.7532708619592583,-0.091970580130065691,-5.733533161714341,0.003419736534657822,-0.29283486227536937,0.0081534886675632499,
1.6678379999999999,-7.3544068017260313,-0.88881006698285669,-6.4289158859742734,-6.7982397064215201,-0.023711839107652538,-5.7408007331543338,-0.00024827096208348371,-0.29484213169534063,0.0084005895235509474,
1.6692499999999999,-7.2097867914169909,-0.90268465736200776,-6.4256154200244193,-6.7982396881598959,-0.028681616499082626,-5.7462138285367566,-3.0398165473322574e-05,-0.29484061563294844,0.0083991983576176682,
1.669292,-7.2097867718291928,-0.90801534399594097,-6.4314216187594058,-6.8598930971252239,-0.0020927647688282688,-5.7599732426803234,-0.0013174861176986491,-0.2979372715497195,0.0095203970355552392,
1.670695,-7.2097867515399887,-0.91354098027650998,-6.4373474691293646,-6.8983754889716993,0.058693493085782172,-5.7673465058113935,-0.0036616404487117282,-0.29981841343348109,0.0095044642708283882,
1.6721459999999999,-7.2097867312507846,-0.919066616557079,-6.4432733194993235,-6.8911554299884772,0.13149241516359539,-5.7477465625247275,-0.0077961022282683591,-0.30047314064353009,0.0091605995007812847,
1.673181,-7.0873584444713877,-0.84860632240430589,-6.4394586908281379,-6.8911554110729352,0.12634088701230067,-5.753271208638072,-0.0075702568601112002,-0.30047159332659323,0.0091591574582308467,
1.6735679999999999,-7.0873584241821836,-0.8541319586848749,-6.4453845411980968,-6.7919758733740272,0.047206074793872302,-5.7533333014355579,-0.0037436455785962376,-0.29513106122746158,0.0080064016820447243,
1.6750130000000001,-7.0873584038929796,-0.85965759496544392,-6.4513103915680556,-6.7238826303214676,-0.049004096082773708,-5.7644090077091921,0.0018133373307263946,-0.29119453753451069,0.0082370451856072936,
1.6764159999999999,-7.0873583836037755,-0.86518323124601293,-6.4572362419380145,-6.7565092741845874,-0.0050536995263919041,-5.7811240351299338,-0.00018416313273562695,-0.29208797855532098,0.0079585316396994805,
1.6771130000000001,-7.1764649176030018,-0.80081053724958728,-6.4741444523110063,-6.7565092552690453,-0.010205227677686612,-5.7866486812432782,4.1682235421532202e-05,-0.29208643123838413,0.0079570895971490425,
1.6778569999999999,-7.1764648973137977,-0.8063361735301563,-6.4800703026809652,-6.867762375673264,0.094019297609305802,-5.8121165410871356,-0.0058724964892405453,-0.29702320234366547,0.0084563932991236022,
1.6792910000000001,-7.1764648770245936,-0.81186180981072531,-6.485996153050924,-6.9849779123215159,0.13364106413301133,-5.8260599310757462,-0.0069076078108182976,-0.30260200321758707,0.011301211371221359,
1.68076,-7.1764648564878346,-0.81745139782722764,-6.4918972479101988,-7.0621847616188864,0.16325045478335673,-5.8294205987833303,-0.0085494218485042892,-0.30590488388848014,0.011004686683675463,
1.6810989999999999,-7.1511181276078339,-0.83500721620606122,-6.5164122680539531,-7.0621847424725495,0.15803930468967264,-5.8349221654351053,-0.0083209578935892967,-0.30590334302193001,0.011003227951440205,
1.682194,-7.151118107071075,-0.84059680422256355,-6.5223133629132279,-7.1004081976309141,0.12141994148019639,-5.8150850964472518,-0.007030217845062546,-0.30831454394387414,0.0086764880147462298,
1.683619,-7.151118086534316,-0.84618639223906589,-6.5282144577725028,-7.0818988147286941,-0.021854311976578722,-5.8142203749699304,5.8604781013300335e-05,-0.30638645945831111,0.008596848659436886,
1.6850320000000001,-7.1511180659975571,-0.85177598025556822,-6.5341155526317776,-7.0948609534150604,-0.063760284671438822,-5.8268755928252896,0.0022671619518231318,-0.30738183962860977,0.0061968709684677662,
1.6850609999999999,-7.127449473888376,-0.84011871939390836,-6.556779677427417,-7.0948609342687234,-0.068971434765122908,-5.8323771594770646,0.0024956259067381247,-0.30738029876205963,0.0061954122362325083,
1.6864790000000001,-7.1274494533516171,-0.8457083074104107,-6.5626807722866918,-7.1206088326454617,0.020596225650403449,-5.8499954759868533,-0.0020041157841541122,-0.3077669248022466,0.0086111517986848171,
1.687889,-7.1274494328148581,-0.85129789542691303,-6.5685818671459666,-7.1875721845429341,0.12176055902427123,-5.8625870473605239,-0.0070561486992097621,-0.31156685114931243,0.0094180893257553681,
1.6889700000000001,-7.1773597457827396,-0.83971425710403724,-6.5418998978155143,-7.1875721653965972,0.11654940893058714,-5.868088614012299,-0.0068276847442947687,-0.3115653102827623,0.0094166305935201103,
1.6893180000000001,-7.1773597252459806,-0.84530384512053958,-6.5478009926747891,-7.1809163630822361,0.12943979892082016,-5.8686953447737702,-0.0076816754732319161,-0.31154748564729157,0.0094016297889117691,
1.690744,-7.1773597048226847,-0.85086764614674626,-6.5535834673787035,-7.1295956297798417,0.049921888901623662,-5.8554586832986635,-0.0037782931740961336,-0.3092419130195766,0.0084255664036723462,
1.6921820000000001,-7.1773596843993888,-0.85643144717295294,-6.5593659420826178,-7.0654211415468389,-0.048166870040250158,-5.8388178763025103,0.0011394319273816027,-0.30661760950352129,0.0077949712915514752,
1.6928920000000001,-7.2784309728507113,-0.70776199835584896,-6.607699405518118,-7.0654211225062831,-0.053353979028132145,-5.8442088538675945,0.0013668465220924367,-0.30661609959826497,0.0077935192890285299,
1.693641,-7.2784309524274153,-0.71332579938205565,-6.6134818802220323,-6.9921187461740919,-0.070174818142329551,-5.8379973346505309,0.0016963064516135732,-0.30298875636451278,0.0072056394964864498,
1.6950499999999999,-7.2784309320041194,-0.71888960040826233,-6.6192643549259467,-6.9539016643407869,-0.045309804655542477,-5.854423077049927,0.0009753308935731153,-0.30168977963626831,0.0071670769761566829,
1.6965060000000001,-7.2784309115808234,-0.72445340143446901,-6.625046829629861,-6.9295992280039371,0.040000862331280855,-5.8691735890547223,-0.0026263099934950001,-0.29956753606530678,0.010884934039644446,
1.69685,-7.3728205717841835,-0.75485658854921545,-6.6705044521809294,-6.9295992089633813,0.034813753343398868,-5.8745645666198065,-0.0023988953987841661,-0.29956602616005046,0.010883482037121502,
1.6979150000000001,-7.3728205513608875,-0.76042038957542213,-6.6762869268848437,-6.961046242122884,0.14774047833088058,-5.8753036730595056,-0.0093271338291529803,-0.30234113824643577,0.0093345962568563857,
1.6993450000000001,-7.3728205309375916,-0.76598419060162881,-6.6820694015887581,-6.9354297703745109,0.043737474077102337,-5.8825968093871008,-0.0039379250541278134,-0.3000584024976336,0.0081416060244258476,
1.700779,-7.372820509823204,-0.77173262647835283,-6.6879508983354077,-6.9566972535845393,-0.052196477014893113,-5.8817686688461315,0.0016808334098968865,-0.30153586422641748,0.0073706739740518386,
1.7007920000000001,-7.2577167393865221,-0.79698173068027289,-6.6736730601169576,-6.956697233899682,-0.057555720320318776,-5.8872519642574961,0.0019157994720803619,-0.30153432845080391,0.0073691737867948824,
1.7022060000000001,-7.2577167182721345,-0.80273016655699692,-6.6795545568636072,-6.9786796781590654,-0.023843260638475659,-5.8869472160053524,-3.0071796405565631e-05,-0.30274297295580055,0.0063108691287824138,
1.703641,-7.2577166971577469,-0.80847860243372094,-6.6854360536102568,-6.9899733568517606,0.0032122546219328328,-5.9147628069625782,-0.0018440723508747897,-0.30273242681599677,0.0065536008294987801,
1.704739,-7.2514656994755642,-0.9319522304005452,-6.6443620998923905,-6.9899733371669033,-0.0021469886834928334,-5.9202461023739428,-0.0016091062886913142,-0.3027308910403832,0.0065521006422418239,
1.705084,-7.2514656783611766,-0.93770066627726922,-6.6502435966390401,-7.0199497148126486,0.031361815673467124,-5.9479137306452055,-0.0027654264886184301,-0.304314623269971,0.008675684126820668,
1.7065159999999999,-7.251465657246789,-0.94344910215399325,-6.6561250933856897,-7.0500638428346125,0.096812655424467209,-5.9647623600733359,-0.0067554868247435753,-0.30469094346673758,0.0094617544338503473,
1.7079299999999999,-7.2514656361324015,-0.94919753803071727,-6.6620065901323393,-7.1068132522361847,0.066602718347055986,-5.9641238158999936,-0.0051073800217822114,-0.3081801028599962,0.0086792095459868115,
1.7086749999999999,-7.2456301761122024,-0.85134749333957427,-6.6219651338213747,-7.1068132325513274,0.061243475041630323,-5.9696071113113582,-0.0048724139595987363,-0.30817856708438263,0.0086777093587298553,
1.709376,-7.2456301549978148,-0.85709592921629829,-6.6278466305680244,-7.1190122421358906,-0.044547594326029366,-5.9713663014674738,0.00081297119292433363,-0.30866063862029464,0.0088888831015737479,
1.7108159999999999,-7.2456301340484641,-0.86279485407165457,-6.6335847516486304,-7.1119529113124642,-0.056721175687135916,-5.9665057660953975,0.0010937879593353802,-0.30887543856334271,0.0075732360233727643,
1.712242,-7.2456301130991134,-0.86849377892701085,-6.6393228727292364,-7.0540724082187722,-0.023742777385685344,-5.9624697852030231,-0.00041939736535861463,-0.30710814235071249,0.0080801962526686737,
1.7125999999999999,-7.304192854082145,-0.7797160683928912,-6.6999656606021523,-7.0540723886877776,-0.029055861767970797,-5.9678194120661283,-0.00018645035351336079,-0.30710664399902177,0.0080787089864566806,
1.713662,-7.3041928331327943,-0.78541499324824748,-6.7057037816827583,-6.9394679230815761,-0.0069254442737588136,-5.976714797328051,-0.0014836592106411105,-0.3012744773787242,0.008366168650614049,
1.715106,-7.3041928121834436,-0.79111391810360376,-6.7114419027633643,-6.8470508535810275,-0.013805815332561786,-5.9903957080503396,-0.001406083191328295,-0.29760035909591703,0.0072872003288669126,
1.716556,-7.2371901731678756,-0.76485560632784977,-6.712497235050181,-6.8470508340500329,-0.019118899714847239,-5.9957453349134449,-0.0011731361794830412,-0.29759886074422631,0.0072857130626549195,
1.7165649999999999,-7.2371901522185249,-0.77055453118320605,-6.718235356130787,-6.7797260115353621,-0.056971546835746553,-6.0089150146557406,0.0016712490844412102,-0.2935207208238016,0.0088386486412155192,
1.717978,-7.2371901312691742,-0.77625345603856233,-6.723973477211393,-6.7966071135655,-0.024342241461146781,-6.0086325720146787,-0.00077686803273075908,-0.29508454586718652,0.0080048880106626929,
1.7193959999999999,-7.2371901103198235,-0.78195238089391861,-6.7297115982919991,-6.8062060667325284,-0.026055383974513711,-6.0141048404738671,-0.00041275142477745132,-0.29546592457710713,0.0084264674427220829,
1.7204759999999999,-7.1746547220349184,-0.76736668165919641,-6.7300179813456626,-6.8062060467303285,-0.031503098549291494,-6.0195044728370402,-0.00017389702980151041,-0.29546441220694142,0.0084249424901277261,
1.720837,-7.1746547005801427,-0.77321001366020881,-6.7358097393660836,-6.8066771443701821,-0.009102224897179257,-6.0189093872586277,-0.00081640475536245527,-0.29672766477053508,0.0092631731416799451,
1.72227,-7.1746546791253669,-0.7790533456612212,-6.7416014973865046,-6.7285358914457323,0.068131950414543799,-6.0002393396013112,-0.0053883038402425037,-0.29378676321024361,0.0089064657169347534,
1.723708,-7.1746546576705912,-0.78489667766223359,-6.7473932554069256,-6.5813446394511965,-0.012943810057997024,-6.0061715961004367,-0.00092256896650101585,-0.28664522161900025,0.0078669759332362504,
1.724418,-7.1483451197332055,-0.76997782124083924,-6.7642586992593179,-6.5813446194489966,-0.018391524632774808,-6.0115712284636098,-0.00068371457152507497,-0.28664370924883453,0.0078654509806418936,
1.7251540000000001,-7.1483450982784298,-0.77582115324185164,-6.7700504572797389,-6.4661181551311921,-0.11802031027009277,-6.0235638525304642,0.0047056689670023823,-0.28067994158510018,0.0071988029425322135,
1.7265900000000001,-7.1483450768236541,-0.78166448524286403,-6.7758422153001598,-6.4475718139205602,-0.092877323978428405,-6.0386221999458218,0.0035918856724420148,-0.27950152552838803,0.0076536069109444235,
1.7280009999999999,-7.1483450553688783,-0.78750781724387642,-6.7816339733205808,-6.5185520899426166,-0.038596661943737426,-6.0660198413971136,6.7935590743277516e-05,-0.28236245638309132,0.0073875498850878183,
1.7283379999999999,-6.9231070135330945,-0.88180888284239567,-6.8010918110367786,-6.5185520699404167,-0.044044376518515213,-6.0714194737602867,0.0003067899857192184,-0.28236094401292561,0.0073860249324934615,
1.7294499999999999,-6.9231069920783188,-0.88765221484340806,-6.8068835690571996,-6.6157519068018908,-0.0050563175415375972,-6.0841817915662633,-0.0011542885073720565,-0.28776301278091476,0.0094228202234314627,
1.7308619999999999,-6.9231069704172468,-0.89354815230462359,-6.8126361308523711,-6.669499976218014,0.029037870944078351,-6.0929191374508367,-0.003136598837477095,-0.28943701357118995,0.0092048408667232094,
1.732299,-6.7127232509182795,-0.96391869464372415,-6.7769095107174619,-6.6694999560234853,0.023541112513464212,-6.0982822273331907,-0.0028955894886844007,-0.28943551142173524,0.0092033021855170098,
1.73231,-6.7127232292572074,-0.96981463210493968,-6.7826620725126334,-6.7010743148621996,-0.020567124363182927,-6.0931113414342821,-0.00040688567923941217,-0.29206032926694553,0.0082650412583520003,
1.733754,-6.7127232075961354,-0.97571056956615521,-6.7884146343078049,-6.6726719504968139,-0.10240848037436991,-6.1057967205812789,0.0034218555740633256,-0.28948345277159354,0.0077103549205662335,
1.7351890000000001,-6.7127231859350633,-0.98160650702737073,-6.7941671961029764,-6.6816443011032884,-0.10585761114938276,-6.1266527930886978,0.0038356451355374627,-0.29032225263106881,0.0060732233332373717,
1.736251,-6.8701800832962494,-0.90420838401062964,-6.8255458209854929,-6.6816442809087597,-0.11135436957999691,-6.1320158829710518,0.0040766544843301574,-0.2903207504816141,0.0060716846520311729,
1.736612,-6.8701800616351774,-0.91010432147184517,-6.8312983827806644,-6.6957956278118393,-0.027690499081150829,-6.1550080327127281,0.00024333759833615291,-0.29013846397562676,0.007798844716268064,
1.738011,-6.8701800399741053,-0.9160002589330607,-6.8370509445758358,-6.7373461338472502,0.078824310162375316,-6.165096171720414,-0.0052582943972213411,-0.29285626948183002,0.0085181165580154612,
1.739452,-6.8701800183130333,-0.92189619639427622,-6.8428035063710073,-6.7042073380815896,0.086519086805351642,-6.1697931846308478,-0.0057202347220065286,-0.29162445422252847,0.0077477545157254336,
1.7401450000000001,-6.8785087004285153,-0.86583151574253392,-6.8946147144029508,-6.7042073178870609,0.081022328374737496,-6.1751562745132018,-0.0054792253732138339,-0.29162295207307376,0.0077462158345192348,
1.740917,-6.8785086790356278,-0.87165628111053328,-6.9002073968582884,-6.6344184796263459,0.013831028753519027,-6.1693518892237185,-0.0019028991080329324,-0.28841019393201717,0.007871156203150674,
1.7423580000000001,-6.8785086576427403,-0.87748104647853264,-6.905800079313626,-6.5596361707541702,-0.04417728263344612,-6.1568173273284117,0.001083603005312963,-0.28561607541644873,0.0068072268139146115,
1.7437549999999999,-6.8785086362498529,-0.88330581184653201,-6.9113927617689637,-6.4649428038597554,-0.051209680070640251,-6.1642922437162513,0.0013410928015012444,-0.28103164157930383,0.0061068002004130645,
1.744154,-6.8862942542329995,-0.81711650049083828,-6.9600760048420245,-6.4649427839152542,-0.056640085049240389,-6.1695062787426318,0.001579197421406888,-0.28103018116500567,0.0061052800932105689,
1.7452030000000001,-6.886294232840112,-0.82294126585883765,-6.9656686872973621,-6.3959874971733024,-0.024173272506181134,-6.1851189544435998,0.00060279344548566562,-0.2782002346833547,0.0077324610392004861,
1.7466219999999999,-6.8862942114472245,-0.82876603122683701,-6.9712613697526997,-6.3498222949281624,0.077139904388754982,-6.1932873603851348,-0.0044403144712340291,-0.27570232982299242,0.0095816365437705105,
1.7480629999999999,-6.8862941900543371,-0.83459079659483637,-6.9768540522080373,-6.3181125296001079,0.11340580016263879,-6.1920554662654474,-0.0073308895779048422,-0.27495845533802715,0.0076091891863373871,
1.7480990000000001,-6.755149247998034,-0.91186094468532441,-6.9307061247919508,-6.3181125096556068,0.10797539518403865,-6.197269501291828,-0.0070927849579991986,-0.27495699492372899,0.0076076690791348914,
1.7494810000000001,-6.7551492266051465,-0.91768571005332378,-6.9362988072472884,-6.28464594177116,-0.012897239033399566,-6.2023462340274449,2.730593507849037e-06,-0.27229299832049503,0.0082746136676530042,
1.750918,-6.7551492045624268,-0.92368376399611052,-6.9419667877142901,-6.314518645390149,-0.04312103576619216,-6.1916540285929882,0.0017012583334109778,-0.27478796634857883,0.0069507484016979896,
1.752024,-6.6713485511015325,-0.82002985022410257,-6.9055229194563008,-6.3145186248398115,-0.048712996975783129,-6.1969382636483106,0.0019464512586148896,-0.27478648625694202,0.0069491830708344618,
1.7523759999999999,-6.6713485290588128,-0.82602790416688932,-6.9111908999233025,-6.3153520898262476,-0.0084985996054560975,-6.1961899203978623,-0.00073787219478820302,-0.27458242584688791,0.0068976289901670675,
1.7538199999999999,-6.6713485070160932,-0.83202595810967606,-6.9168588803903042,-6.2942975765796731,-0.016070521477319681,-6.2146953591318699,2.591459778597332e-05,-0.27377962053763494,0.0084051690594455376,
1.755212,-6.6713484849733735,-0.8380240120524628,-6.9225268608573058,-6.2604747903873861,0.029513085591270229,-6.2338437625602783,-0.0023761134592564489,-0.27182688770669983,0.0095854897736007468,
1.7559560000000001,-6.5931195447466822,-0.74403039930533521,-6.9407324177802012,-6.2604747698370486,0.02392112438167926,-6.2391279976156007,-0.0021309205340525371,-0.27182540761506302,0.009583924442737219,
1.756643,-6.5931195227039625,-0.75002845324812195,-6.9464003982472029,-6.2591555772597962,0.058975001880454722,-6.2476501490112932,-0.0038202410048260162,-0.27103652633300085,0.0086417145571424398,
1.758076,-6.5931195006612429,-0.75602650719090869,-6.9520683787142046,-6.2980096766019873,-0.0038025174232451039,-6.254367540223515,-0.0010315593933199582,-0.27344476657851446,0.0073042176932049344,
1.7595240000000001,-6.5931194786185232,-0.76202456113369543,-6.9577363591812063,-6.3238209042747604,-0.047825032555793172,-6.2543575792993877,0.0018468206791961319,-0.27435070735596961,0.0072583897503176072,
1.7598819999999999,-6.5777404093838774,-0.75062325037627242,-6.9756557663286802,-6.323820883724423,-0.053416993765384141,-6.2596418143547101,0.0020920136044000437,-0.27434922726433281,0.0072568244194540794,
1.7609379999999999,-6.5777403878672125,-0.75648102309185039,-6.9811050731179742,-6.3320523517089322,0.0047952868683913963,-6.2564492255853219,-0.0016508051052658199,-0.27551687670030572,0.0078472757392897084,
1.7623770000000001,-6.5777403663505476,-0.76233879580742836,-6.9865543799072682,-6.2731729558400087,0.055076802044725162,-6.2505358825780748,-0.0036433792393349073,-0.27319518010095573,0.0087428602560772964,
1.7638050000000001,-6.5777403448338827,-0.76819656852300633,-6.9920036866965622,-6.1691505389471315,0.04597828214814801,-6.2591280733456598,-0.003452045834701249,-0.26809968291350933,0.0086898123012815482,
1.763817,-6.6075246034572759,-0.81518621690103876,-7.0082104331087134,-6.1691505188872329,0.04051710455412106,-6.2642084398237801,-0.00321258306335322,-0.26809825991131381,0.0086882835800483806,
1.7652460000000001,-6.607524581940611,-0.82104398961661673,-7.0136597398980074,-6.0734585041778129,0.020004405963540233,-6.2715941057398767,-0.0014165537917714478,-0.26386591034812718,0.007974899044638134,
1.7666649999999999,-6.6075245604239461,-0.8269017623321947,-7.0191090466873014,-6.0121288255426002,0.021332949995084265,-6.2814871287905305,-0.0015714034972313649,-0.26000140290388313,0.0089331573313412918,
1.7677890000000001,-6.6353486664660757,-0.86732535557738422,-7.0019776476834314,-6.0121288054827016,0.015871772401057319,-6.2865674952686508,-0.0013319407258833359,-0.25999997990168761,0.0089316286101081242,
1.7680929999999999,-6.6353486449494108,-0.87318312829296219,-7.0074269544727255,-6.0317433899227204,0.050441458892877794,-6.2918437910435472,-0.0032781305162414356,-0.26133674069419022,0.0079075835825960349,
1.769541,-6.6353486234327459,-0.87904090100854015,-7.0128762612620195,-6.0631300301124673,0.07561629441176998,-6.3034572183089566,-0.0041539842395705668,-0.26328747011065773,0.00804215881950642,
1.770999,-6.6353486019057666,-0.88490589408140097,-7.0182482070804255,-6.0612680827851602,0.12877373033438716,-6.2967872531568609,-0.0070661645624974997,-0.26380846459828222,0.0090583868006087719,
1.771692,-6.4742799406909537,-0.89025999175889992,-7.0189452137460924,-6.0612680627156452,0.1233058212307355,-6.3017954963175749,-0.0068264023629378305,-0.26380706178478425,0.0090568561950572432,
1.772413,-6.4742799191639744,-0.89612498483176073,-7.0243171595644984,-5.9937004376852574,0.1340039695855339,-6.2834246867405517,-0.0081281771023640099,-0.26156843593263684,0.007976959693910551,
1.7738259999999999,-6.4742798976369951,-0.90198997790462154,-7.0296891053829045,-5.8741193417377175,-0.021317479732726796,-6.294177077614048,0.00010604527125101723,-0.25444813848981962,0.0074504772206261428,
1.7752559999999999,-6.4742798761100158,-0.90785497097748236,-7.0350610512013105,-5.8648121231299726,-0.078769976996689431,-6.3047602433105769,0.0030439125636136702,-0.25413038817011208,0.0057882244695678809,
1.7756149999999999,-6.4013856091351293,-0.81729008137243164,-7.0350217007978353,-5.8648121030604576,-0.084237886100341094,-6.3097684864712908,0.0032836747631733391,-0.2541289853566141,0.0057866938640163531,
1.7766960000000001,-6.40138558760815,-0.82315507444529246,-7.0403936466162413,-5.9056759483077661,-0.020209519142960278,-6.3246661459666438,-8.1366119435369397e-05,-0.25503936217653922,0.007367735927478151,
1.7781560000000001,-6.4013855660811707,-0.82902006751815327,-7.0457655924346474,-6.0283687913414195,0.035961431745597003,-6.3520627916268584,-0.0029524504208562927,-0.26067060714515894,0.0084270852550667429,
1.779531,-6.3333438645905469,-0.7473471740536799,-7.0298250733362684,-6.0283687712719045,0.030493522641945343,-6.3570710347875723,-0.0027126882212966238,-0.26066920433166096,0.0084255546495152142,
1.7795589999999999,-6.3333438430635676,-0.75321216712654071,-7.0351970191546744,-6.1339055559450077,0.059575159653594813,-6.3710572102978693,-0.0038022842215222402,-0.26618702780434189,0.010125172751910497,
1.780991,-6.3333438213096622,-0.75913079713921661,-7.0405349261458907,-6.1872595600141045,0.064991384968705546,-6.369490458902467,-0.0049078500143927371,-0.26787368770501807,0.0096733388081519656,
1.782435,-6.3333437995557569,-0.7650494271518925,-7.045872833137107,-6.2253090400550564,-0.010446034128692695,-6.36012252805335,-0.0010008394593075381,-0.27102962496669991,0.0063625033349575099,
1.783482,-6.4678825451361464,-0.67657237527863467,-7.1135798256827671,-6.2253090197739791,-0.015963948732412876,-6.3650990369544047,-0.00075888035244591032,-0.27102823102712731,0.0063609587316048304,
1.7838879999999999,-6.467882523382241,-0.68249100529131057,-7.1189177326739834,-6.1815248681995882,-0.11167165147384223,-6.3732180538373502,0.0043963553825590185,-0.26724936127864957,0.0066363727299993741,
1.7852790000000001,-6.4678825016283357,-0.68840963530398647,-7.1242556396651997,-6.1954243379808434,-0.082960388800756721,-6.3883594083948445,0.0028964789120118481,-0.26875222610443961,0.0063052007905831592,
1.7867200000000001,-6.4678824798744303,-0.69432826531666236,-7.129593546656416,-6.1962027932485739,0.023778247747282238,-6.4051029907736794,-0.0021399781823206133,-0.26711784573556574,0.0093983590718695349,
1.787469,-6.4291925378385555,-0.83430892627866782,-7.1936610489074635,-6.1962027729674967,0.018260333143562058,-6.4100794996747341,-0.0018980190754589856,-0.26711645179599314,0.0093968144685168554,
1.7881549999999999,-6.4291925160846501,-0.84022755629134371,-7.1989989558986798,-6.2662992249316796,0.088335558629982769,-6.4191007395388677,-0.0057207490180049038,-0.27138540312132664,0.008972076635892199,
1.7896000000000001,-6.4291924943307448,-0.84614618630401961,-7.2043368628898961,-6.2847656254911755,0.054285907284519333,-6.418697005169852,-0.0035004302676914087,-0.27220407179455652,0.0081082266664744308,
1.7910170000000001,-6.4291924725974692,-0.8520586274390245,-7.2095881255937186,-6.2674979277438654,0.0045389475418873629,-6.4029986624066524,-0.0012952104680890829,-0.27091527275963173,0.0085743971886606835,
1.7913950000000001,-6.3930779549095309,-0.9742358857428346,-7.1841302310854065,-6.2674979074820216,-0.000973197196440268,-6.4078943931922119,-0.0010535002575384692,-0.27091390143271743,0.0085728542004386253,
1.7924469999999999,-6.3930779331762553,-0.98014832687783948,-7.1893814937892291,-6.2541762566381518,-0.035756686040415146,-6.3921510421136443,0.00097473276800599915,-0.27117874947727511,0.0068343287486183693,
1.7938909999999999,-6.3930779114429797,-0.98606076801284437,-7.1946327564930517,-6.2121729969382935,-0.055681123050581142,-6.4036798686095535,0.0016795740439934075,-0.2681364943737562,0.0063886938691311568,
1.795339,-6.393077889709704,-0.99197320914784926,-7.1998840191968743,-6.2353217548113991,-0.014561830613871389,-6.4205938889244143,3.4558914750855863e-05,-0.26951404123009853,0.0071976128005330261,
1.7953509999999999,-6.4170133425708746,-0.98640486436963903,-7.1771583506454402,-6.2353217345495553,-0.020073975352199021,-6.4254896197099738,0.00027626912530146944,-0.26951266990318423,0.007196069812310967,
1.796767,-6.417013320837599,-0.99231730550464392,-7.1824096133492628,-6.2592179191554589,0.091446825553583411,-6.4339126907269852,-0.0053584954161700225,-0.27028950149972808,0.0097544041454602527,
1.798214,-6.4170132991043234,-0.99822974663964881,-7.1876608760530853,-6.2805059010275111,0.098334522541100394,-6.43199170690934,-0.0068291148561400086,-0.27140947566643564,0.0083829839311152007,
1.7992729999999999,-6.4531697702719626,-0.89747259675866531,-7.1654771123023897,-6.2805058807656673,0.092822377802772763,-6.4368874376948995,-0.0065874046455893951,-0.27140810433952134,0.0083814409428931425,
1.7996259999999999,-6.453169748538687,-0.9033850378936702,-7.1707283750062123,-6.2849266479420711,-0.049624309655837973,-6.4411248307739637,0.0020191633461747408,-0.27087405092288969,0.0096549138064973786,
1.801072,-6.4531697262174683,-0.90946767316462696,-7.1760456524051914,-6.3400351829330734,-0.07515962547284466,-6.4292832172380106,0.0024824005291537842,-0.27351317845007789,0.007666212721495879,
1.8025249999999999,-6.4531697038962497,-0.91555030843558372,-7.1813629298041706,-6.3861643489451003,-0.047930428011420861,-6.4308947270967236,0.00010787470627334102,-0.27593437810245924,0.0065857781636712662,
1.803283,-6.4869661439937936,-0.82406395386056897,-7.2188882914381374,-6.386164328135119,-0.053601244048043006,-6.435852003113137,0.00035654704782214769,-0.27593298952343359,0.0065841907593560999,
1.8039289999999999,-6.4869661216725749,-0.83014658913152573,-7.2242055688371165,-6.4031041352207323,-0.098020769950512288,-6.4606262562533123,0.0032527142012368886,-0.27603677289898515,0.008112062410393894,
1.805345,-6.4869660993513563,-0.83622922440248248,-7.2295228462360956,-6.4375971031986916,-0.038381296751393151,-6.4728236481411479,9.1792837255601917e-06,-0.27752794267341541,0.009742970754778724,
1.806808,-6.4869660770301376,-0.84231185967343924,-7.2348401236350748,-6.4794040820189753,0.013450833867988753,-6.4773320859297385,-0.0032732203532435749,-0.27908698984922697,0.00879297110072828,
1.807185,-6.5327931811204811,-0.82436893529189403,-7.2363832238691357,-6.479404061208994,0.0077800178313666086,-6.4822893619461519,-0.0030245480116947682,-0.27908560127020132,0.0087913836964131145,
1.808227,-6.5327931587992625,-0.83045157056285079,-7.2417005012681148,-6.5331686182374131,-0.075740526688410886,-6.4811531113634251,0.0018166575656214314,-0.28208466707549679,0.0077724375182541307,
1.8096639999999999,-6.5327931364780438,-0.83653420583380755,-7.247017778667094,-6.5372424412760406,-0.12370471442210965,-6.4795181494656733,0.0043985488830652099,-0.28221324342674808,0.0081330509461815075,
1.8111029999999999,-6.5327931143424918,-0.84255804676688995,-7.2522019951961472,-6.522322142858286,-0.072480392718767134,-6.4690670383661306,0.0016776336355269457,-0.28202463399583416,0.0082150817655197404,
1.8111409999999999,-6.5542980948588836,-0.86332346527918014,-7.2528555630478575,-6.522322122221401,-0.078096395034160201,-6.4739002622766044,0.0019239064684630984,-0.28202328014969308,0.0082135097049449452,
1.812538,-6.5542980727233315,-0.86934730621226253,-7.2580397795769107,-6.4641099540998814,-0.03681158388545535,-6.4739272191405783,0.00033676740483416833,-0.27965484913660427,0.0078286564065376193,
1.8139700000000001,-6.5542980505877795,-0.87537114714534492,-7.2632239961059639,-6.3814628416770862,-0.020774227227134578,-6.4885161766786865,-0.00069571425608233421,-0.27560221854926448,0.0071707935000787579,
1.8150660000000001,-6.615034931181329,-0.89243952731456955,-7.2462699293309498,-6.3814628210402011,-0.026390229542527642,-6.4933494005891603,-0.00044944142314618164,-0.27560086470312339,0.0071692214395039627,
1.8153840000000001,-6.615034909045777,-0.89846336824765194,-7.251454145860003,-6.3156829644913914,-0.022026104759920388,-6.499134019812832,-0.00037666111788173967,-0.27285045592016099,0.0067355018137590702,
1.8167979999999999,-6.6150348869102249,-0.90448720918073433,-7.2566383623890562,-6.2748701074747508,-0.013342864111072645,-6.5056051295858515,-0.00020371593412790985,-0.27004014724925468,0.0085480169729338067,
1.818262,-6.6150348647746728,-0.91051105011381672,-7.2618225789181094,-6.3137638946542829,0.0063095940335110463,-6.5077148393524835,-0.0015179543029269506,-0.27262365428641039,0.0071292239027360409,
1.819029,-6.5009449931842003,-0.84630931558860545,-7.2713012102729957,-6.3137638740173978,0.00069359171811798036,-6.5125480632629573,-0.001271681469990798,-0.27262230044026931,0.0071276518421612457,
1.819706,-6.5009449710486482,-0.85233315652168784,-7.2764854268020489,-6.3377583578853169,0.0066974576614197423,-6.5227131688562014,-0.0016819943135171745,-0.27409133817256232,0.0072430878763742861,
1.82115,-6.5009449484901891,-0.85847664908974242,-7.2816902729233393,-6.3235168122202774,0.062916369635027419,-6.5206251441686787,-0.0042594746214760556,-0.27397606130290014,0.0085906697726541564,
1.8225260000000001,-6.50094492593173,-0.86462014165779699,-7.2868951190446296,-6.2603663045989917,0.09017847197205478,-6.5092273555029614,-0.0063565772433963434,-0.27173124838894336,0.0074077977354482984,
1.8229580000000001,-6.3672854373121295,-0.82483548883335389,-7.2952928841344953,-6.2603662835678326,0.084450918925739485,-6.5140798122980765,-0.0061054085140265311,-0.27172988914172885,0.0074061944490136219,
1.8240069999999999,-6.3672854147536704,-0.83097898140140847,-7.3004977302557856,-6.1587563979908566,-0.023904060884002432,-6.5225387133052788,9.0278076340459187e-05,-0.26556755890635275,0.0072008056809816376,
1.825407,-6.3672853921952113,-0.83712247396946304,-7.305702576377076,-6.166742173638438,-0.082365981531498794,-6.5305134734815518,0.003145419954878978,-0.26635789897112544,0.0055784873234127601,
1.8268420000000001,-6.3672853696367522,-0.84326596653751762,-7.3109074224983663,-6.2016390245153863,-0.026879493896231864,-6.5455742857851691,0.00031801936232829118,-0.26722285216227248,0.0065885458567056798,
1.826889,-6.4051575473322941,-0.80589509275296378,-7.318881920890556,-6.2016390034842273,-0.032607046942547152,-6.5504267425802842,0.00056918809169810385,-0.26722149291505798,0.0065869425702710033,
1.828281,-6.405157524773835,-0.81203858532101836,-7.3240867670118464,-6.2902026404414686,0.010829459103045141,-6.568126295235448,-0.0018465231813084759,-0.27174060371605785,0.0074928523141712597,
1.8296969999999999,-6.4051575022153759,-0.81818207788907293,-7.3292916131331367,-6.3407065740142503,0.026669351605867173,-6.5772030723989277,-0.0021920489219989119,-0.27463149351037941,0.0095983844520646719,
1.830835,-6.381589947982981,-0.8825192727108685,-7.3434863214529846,-6.3407065526849813,0.02086390537675261,-6.5820430278190258,-0.0019374600958298833,-0.27463013774952566,0.0095967593613645267,
1.831134,-6.3815899251047634,-0.88874631512748148,-7.3486777583393206,-6.3248651268947,0.053642364323139957,-6.5787037792797518,-0.0043745486979442803,-0.27346000337720722,0.0089607308118494315,
1.8325670000000001,-6.3815899022265459,-0.89497335754409446,-7.3538691952256565,-6.292211278348776,-0.012552965225720671,-6.5704542021566841,-0.00091139044642897342,-0.27343594667014287,0.0071044748539770127,
1.8340099999999999,-6.3815898793483283,-0.90120039996070744,-7.3590606321119925,-6.188718506313224,-0.083704090630920575,-6.5756261362055159,0.0032128713034441838,-0.26723580445873685,0.0065197398584293667,
1.8347960000000001,-6.3595787296648512,-0.86490203334004268,-7.3719510520942411,-6.1887184849839549,-0.089509536860035141,-6.5804660916256141,0.0034674601296132124,-0.2672344486978831,0.0065181147677292215,
1.8354239999999999,-6.3595787067866336,-0.87112907575665566,-7.377142488980577,-6.1421302741329242,-0.059205877328314643,-6.5901829940820447,0.0018012375478858814,-0.26626473755703112,0.0060798309735837419,
1.836894,-6.3595786839084161,-0.87735611817326864,-7.3823339258669129,-6.0965531266072981,0.032238529667427115,-6.6017363810498413,-0.0022028148112530504,-0.26290121994513421,0.0081518167224985793,
1.8383259999999999,-6.3595786610301985,-0.88358316058988162,-7.3875253627532489,-6.1063583787212234,0.1053252896967294,-6.6023666064665774,-0.0061946149834245902,-0.26468732951327106,0.00698840916158581,
1.838721,-6.3147312339613748,-0.84928745491586255,-7.3719543003792847,-6.1063583573919544,0.099519843467614832,-6.6072065618866755,-0.0059400261572555612,-0.26468597375241731,0.0069867840708856647,
1.8397479999999999,-6.3147312110831573,-0.85551449733247553,-7.3771457372656206,-6.067461631260203,0.075128921106211721,-6.6044234962101509,-0.0046379973528328337,-0.26279148149920994,0.0071394841941966611,
1.8412109999999999,-6.3147311882255694,-0.86173225643258178,-7.3822484669053399,-6.0153370055945503,0.035587010422307642,-6.5900718379226184,-0.0025491119170492206,-0.26062151534254424,0.0075186252284038177,
1.842592,-6.3147311653679816,-0.86795001553268802,-7.3873511965450591,-5.948867925116426,0.023118420491834463,-6.5764793319479944,-0.002050927440396665,-0.25831619662568123,0.0060289190239524205,
1.8426530000000001,-6.2944639082237579,-0.73257951224576834,-7.4145662187344836,-5.9488679038063896,0.017321629060808939,-6.5812365859641329,-0.0017967140509906111,-0.25831486401586234,0.0060272963559476833,
1.8440570000000001,-6.2944638853661701,-0.73879727134587458,-7.4196689483742029,-5.878347819238094,-0.0087022848412830686,-6.5944522884421302,-0.00013830027959409988,-0.25425216712176824,0.0067631353236641623,
1.845496,-6.2944638625085823,-0.74501503044598083,-7.4247716780139221,-5.8775456189218174,0.025701579695533425,-6.6049070612393992,-0.001762885398102796,-0.25473281288033156,0.0069710237368616071,
1.8466260000000001,-6.2755309139395825,-0.76722690300560559,-7.4503523233474382,-5.877545597611781,0.019904788264507901,-6.6096643152555377,-0.0015086720086967421,-0.25473148027051268,0.0069694010688568699,
1.846929,-6.2755308910819947,-0.77344466210571183,-7.4554550529871575,-5.873629788114604,0.1349020040207527,-6.6165980184139039,-0.0069984025687158903,-0.25433676050237647,0.0075217391844842321,
1.8483259999999999,-6.2755308682244069,-0.77966242120581808,-7.4605577826268767,-5.8717002883608505,0.10778913971440057,-6.6199368712171429,-0.0064512544984034175,-0.25416342486271298,0.0069107266132957352,
1.8497650000000001,-6.275530845366819,-0.78588018030592433,-7.465660512266596,-5.8859755300208825,-0.0027837649968450867,-6.6210207507882579,0.00015223472877389649,-0.25434461269051012,0.0081914696989193406,
1.8505309999999999,-6.1633779016526864,-0.80356357824954983,-7.4540325487840668,-5.8859755084319696,-0.0086651811202945062,-6.625771273294772,0.00041016340629050342,-0.25434328195276673,0.0081898233423323454,
1.8512219999999999,-6.163377878495969,-0.80987210755549721,-7.4591280580665034,-5.9348654082293599,0.0060861494545092661,-6.6198788937470745,-0.0015522452912764008,-0.25707054451045758,0.0056937198922416259,
1.8526739999999999,-6.1633778553392515,-0.8161806368614446,-7.4642235673489399,-5.977110399460245,-0.014539006844604241,-6.6243218543271931,-0.00028873682270804529,-0.25892048969042858,0.0066534480720240076,
1.854058,-6.1633778321825341,-0.82248916616739198,-7.4693190766313764,-5.9926628335973806,-0.037442947313645045,-6.646409247724395,0.0008229700044582336,-0.25930362665993656,0.0079839369830832577,
1.8545769999999999,-6.1838310776659924,-0.93944358308238241,-7.4371104709016924,-5.9926628120084677,-0.043324363437094462,-6.6511597702309091,0.0010808986819748406,-0.25930229592219317,0.0079822906264962624,
1.855488,-6.1838310545092749,-0.94575211238832979,-7.4422059801841289,-6.0107414907011094,0.0084257697404283155,-6.6644138476561672,-0.0023915034650306309,-0.2597180423908918,0.0090139936606969066,
1.8569260000000001,-6.1838310313525575,-0.95206064169427718,-7.4473014894665654,-6.0624515074304384,-0.0056268176265785175,-6.6817342996282845,-0.0019150126034351666,-0.26137488078966858,0.007653314050128676,
1.8583719999999999,-6.1838310081958401,-0.95836917100022456,-7.452396998749002,-6.1486831352283016,-0.053076493482522524,-6.6946179276185518,0.00088976563530989328,-0.2654879198632053,0.0067584224896242414,
1.8585100000000001,-6.2029197800897924,-0.89084658228309588,-7.4209378207387919,-6.1486831136393887,-0.058957909605971942,-6.6993684501250659,0.0011476943128265003,-0.26548658912546191,0.0067567761330372461,
1.859793,-6.202919756933075,-0.89715511158904326,-7.4260333300212285,-6.2228374214951616,-0.04187080711559811,-6.6965519724316644,0.00016655827913054423,-0.26924595388624817,0.0071622179288820566,
1.86124,-6.202919733900135,-0.90342753910857654,-7.4310184709851992,-6.235344307000747,-0.0045584572093024522,-6.7001578344571477,-0.0021394294984736326,-0.26994522183517478,0.0076673301173461458,
1.862473,-6.2425339035737268,-0.84204561427452829,-7.4708436007338577,-6.2353442855272316,-0.010406215784628746,-6.7048054610308281,-0.001882972749843056,-0.26994391990564126,0.00766569318235461,
1.86267,-6.2425338805407868,-0.84831804179406156,-7.4758287416978284,-6.2014638673507392,-0.0052499962111719565,-6.6979032147799336,-0.0014214513964100376,-0.26889203214552826,0.0078036400559055308,
1.8641049999999999,-6.2425338575078468,-0.85459046931359484,-7.4808138826617991,-6.1285352319300097,0.010334072737005016,-6.702402783562154,-0.0019896536823352778,-0.26527368395903389,0.0070396714473768699,
1.8655299999999999,-6.2425338344749068,-0.86086289683312811,-7.4857990236257699,-6.0548638860749602,7.793048922376429e-05,-6.7037168716056188,-0.0016182041729823253,-0.26217215052496579,0.0054598966192610328,
1.8663920000000001,-6.2685299541012851,-0.81349749082546263,-7.4741149227810446,-6.0548638646014448,-0.005769828086102529,-6.7083644981792991,-0.0013617474243517488,-0.26217084859543227,0.005458259684269497,
1.866949,-6.2685299310683451,-0.81976991834499591,-7.4791000637450153,-5.9919495864778476,-0.028368028239279142,-6.7149341467846568,0.00027117606359778582,-0.25795469053504205,0.0075644418317851857,
1.8683890000000001,-6.2685299080354051,-0.82604234586452918,-7.4840852047089861,-6.0059563283712905,0.02076986587574628,-6.7147839857928826,-0.0021614568708084878,-0.2597653341696794,0.0062718403734542561,
1.869828,-6.2685298850024651,-0.83231477338406246,-7.4890703456729568,-5.9929985931611913,0.059086372972132525,-6.7119194794069701,-0.0041449923550234084,-0.2591401626440627,0.0071625421289559328,
1.8703430000000001,-6.2928017279617485,-0.83243380470830686,-7.4772300597731745,-5.9929985713991822,0.053159759569774971,-6.7165555662498653,-0.0038850733468787737,-0.25913886393212382,0.0071608831205111903,
1.871264,-6.2928017046193645,-0.83879081355601015,-7.4822028229818027,-5.9686061151453815,0.047506185483627644,-6.7089063554687751,-0.0040305342644975008,-0.25837461445966292,0.0078027733851802044,
1.8726769999999999,-6.2928016812769805,-0.84514782240371344,-7.487175586190431,-5.9012514128622211,0.00881264370881156,-6.701131916103674,-0.0025672744495944628,-0.25626459274811553,0.0056675324399219577,
1.8741129999999999,-6.2928016579345964,-0.85150483125141674,-7.4921483493990593,-5.8014443193841645,-0.065625910224251738,-6.7040484338879232,0.0013825122107603261,-0.24992892946978976,0.0066284761491660384,
1.8743000000000001,-6.2553653214633131,-0.8494627066547793,-7.4924725491816764,-5.8014442976221554,-0.071552523626609299,-6.7086845207308183,0.0016424312189049608,-0.24992763075785088,0.0066268171407212959,
1.8755459999999999,-6.2553652981209291,-0.85581971550248259,-7.4974453123903047,-5.8209028062576254,-0.12106384800990533,-6.7170310460354754,0.0043177930905273533,-0.25131710171749744,0.0054360068071360821,
1.8769880000000001,-6.2553652747785451,-0.86217672435018589,-7.5024180755989329,-5.8842361520211863,-0.092080963106861438,-6.7456110484915417,0.0027777163606763295,-0.2529401649074291,0.0059417159139734379,
1.878274,-6.1108117409419433,-0.93606909828042784,-7.4730525895084927,-5.8842361302591772,-0.098007576509218999,-6.7502471353344369,0.0030376353688209641,-0.25293886619549022,0.0059400569055286954,
1.878409,-6.1108117175995593,-0.94242610712813113,-7.478025352717121,-6.0300056061965526,-0.028777494556141398,-6.7672812444185704,-0.00073891094091650851,-0.26021347303373021,0.0068934733838708177,
1.8798410000000001,-6.1108116942571753,-0.94878311597583442,-7.4829981159257493,-6.1368417876233439,-0.019282378940494196,-6.7755696109901198,-0.0010567229332971021,-0.26524507340299419,0.0091804902126480965,
1.881283,-6.1108116705640887,-0.9552298635497668,-7.4879595328586479,-6.2001906632896793,-0.028107914763569906,-6.7756595204675518,-0.0011726023992595178,-0.26788037746989368,0.0083300498809320521,
1.8822000000000001,-5.975914376991434,-1.0356596197514019,-7.4592267733811735,-6.2001906412007113,-0.03411819121411902,-6.7802850292238945,-0.00090901010879695411,-0.26787908170467262,0.0083283674530906984,
1.882714,-5.9759143532983474,-1.0421063673253343,-7.4641881903140721,-6.2376438170449546,-0.11569020308311986,-6.7778858439590408,0.0032791669904622079,-0.27058676131634007,0.0055499642636997557,
1.884136,-5.9759143296052608,-1.0485531148992668,-7.4691496072469707,-6.2194261234473345,-0.16634979436005104,-6.7857519326069067,0.0064849909799655717,-0.26806391016920073,0.0066552075957269927,
1.885572,-5.9759143059121742,-1.0549998624731993,-7.4741110241798694,-6.2515428371754789,-0.10405892074235597,-6.8036671347737885,0.0027450152516967103,-0.27048566684154907,0.0043458389231937899,
1.886163,-6.1850066305831044,-0.98618024591112896,-7.5042398690473169,-6.2515428150865109,-0.11006919719290509,-6.8082926435301312,0.003008607542159274,-0.270484371076328,0.0043441564953524362,
1.887025,-6.1850066068900178,-0.99262699348506134,-7.5092012859802155,-6.2803929958374374,-0.047689644251129398,-6.8399371828559792,0.0010344073797942041,-0.27055140110210868,0.0066922666028678326,
1.8884529999999999,-6.1850065831969312,-0.99907374105899371,-7.5141627029131142,-6.3463047770086023,0.045071059714451057,-6.8446000590816274,-0.0033771779273029431,-0.27475623605479466,0.0061414032516439124,
1.889883,-6.1850065595038446,-1.0055204886329261,-7.5191241198460128,-6.3266431524388205,0.084545941565391497,-6.841169608240758,-0.006141168657644613,-0.27364281868106372,0.0064616432102059199,
1.89009,-6.2097335359596597,-0.91968208569380849,-7.5448530006077297,-6.3266431303498525,0.078535665114842376,-6.8457951169971007,-0.0058775763671820493,-0.27364152291584265,0.0064599607823645662,
1.8913230000000001,-6.2097335120705921,-0.92618659612600329,-7.5497772842746027,-6.2937332855306565,0.005558357140554443,-6.8363495789899602,-0.001248553684387854,-0.27222513635113793,0.005934447652394482,
1.8927670000000001,-6.2097334881815245,-0.93269110655819809,-7.5547015679414757,-6.2401899706520494,-0.025050132833272735,-6.826554141715655,0.00035074289749003219,-0.2705133544730165,0.0048006591754878097,
1.894015,-6.232810983855436,-0.85460550605315577,-7.6057368067320752,-6.2401899483803689,-0.031114261360818764,-6.8311450312796422,0.00061670111226582033,-0.27051206839055197,0.0047989616730938246,
1.8942060000000001,-6.2328109599663684,-0.86111001648535057,-7.6106610903989482,-6.162596863551622,0.0066129047106707681,-6.8309206052951454,-0.0013141854801781833,-0.26612537594732677,0.0059997713699586064,
1.8956219999999999,-6.2328109360773007,-0.86761452691754537,-7.6155853740658213,-6.1376734517182543,0.037844136321345791,-6.8427663728436459,-0.002796999310788883,-0.26584479839369413,0.0059689235199862486,
1.8970530000000001,-6.2328109121882331,-0.87411903734974017,-7.6205096577326943,-6.0866475087449228,0.093067862893303016,-6.847782914677107,-0.0054669922483572848,-0.26299715472118246,0.0073413107222099188,
1.897999,-6.16930370942754,-0.94056136436085513,-7.5726693329454715,-6.0866474864732423,0.087003734365756993,-6.8523738042410942,-0.0052010340335814963,-0.26299586863871793,0.0073396132198159337,
1.898471,-6.1693036855384724,-0.94706587479304993,-7.5775936166123445,-6.0610032194961025,0.066793329672202473,-6.8469454689340417,-0.0049283091241132037,-0.26211046711870412,0.006732611135732822,
1.8999060000000001,-6.1693036616494048,-0.95357038522524473,-7.5825179002792176,-6.0382590058420877,-0.013802225863733274,-6.8336009487086091,-0.00048106732217978107,-0.26099687264398275,0.0070311708070400093,
1.90134,-6.169303636914524,-0.9603049156108775,-7.5875319226723192,-6.0332244724094641,-0.055399808235761031,-6.8267845833235024,0.0017229105931714072,-0.26100247782030322,0.006046015545504802,
1.9019170000000001,-6.12402742463075,-0.88468648814068906,-7.5475494745996992,-6.0332244493492357,-0.061678383427062729,-6.8314591359356811,0.0019982782071658761,-0.26100116828384357,0.0060442580140854145,
1.902757,-6.1240273998958692,-0.89142101852632183,-7.5525634969928008,-6.0274361300505799,-0.094532504631936271,-6.8306360335517837,0.0033641156068908483,-0.26121018021931658,0.0065673213093161856,
1.9042399999999999,-6.1240273751609884,-0.89815554891195459,-7.5575775193859025,-5.9931346449190528,-0.062047014320784563,-6.8354615769100189,0.0020738827404549452,-0.25913244384282158,0.0087892703416420376,
1.9056329999999999,-6.1240273504261076,-0.90489007929758736,-7.5625915417790042,-5.9904737933915735,-0.036993422323158658,-6.8485515650893767,0.00012989957457106753,-0.25877569356588981,0.0082883863479397621,
1.9058550000000001,-6.0817607069725321,-0.83955521758093654,-7.5775236542142519,-5.9904737703313451,-0.043271997514460356,-6.8532261177015554,0.0004052671885655364,-0.25877438402943015,0.0082866288165203746,
1.907065,-6.0817606822376513,-0.84628974796656931,-7.5825376766073536,-6.0137716562309409,-0.058101053083262751,-6.8648095460927312,0.0020770168185656294,-0.25961325451894568,0.006864994939363293,
1.908506,-6.0817606575027705,-0.85302427835220207,-7.5875516990004552,-6.0729875772693784,-0.060684774320384875,-6.8703489511981983,0.0020533579609693111,-0.26234299795695476,0.0058624749459910488,
1.9097900000000001,-6.0709025470024098,-0.86246488117940823,-7.5961325302003635,-6.07298755420915,-0.066963349511686573,-6.8750235038103771,0.00232872557496378,-0.2623416884204951,0.0058607174145716614,
1.9099390000000001,-6.07090252246351,-0.86914371166600224,-7.6010217435604339,-6.1220128109971119,-0.039458495267027563,-6.8684877917838882,0.0011095435355008803,-0.26555881027930378,0.0056023431006499598,
1.9113659999999999,-6.0709024979246102,-0.87582254215259625,-7.6059109569205043,-6.0927974379216492,-0.011922807319591992,-6.8681809988600255,-1.0691664288308344e-05,-0.26399845902950436,0.0071783352862064605,
1.9128019999999999,-6.0709024733857104,-0.88250137263919026,-7.6108001702805748,-6.0402627113445861,-0.00059711937552795954,-6.8649020236147216,-5.9862944292032579e-05,-0.26288320746119087,0.0069606080734532505,
1.913737,-6.1402086343135691,-0.84252835085479305,-7.6095180660627291,-6.0402626884670703,-0.0068237657782968981,-6.8694602172748178,0.00021323138769726858,-0.26288193050453185,0.0069588650782099696,
1.9142650000000001,-6.1402086097746693,-0.84920718134138706,-7.6144072794227995,-5.9159752083124335,0.040404247881990971,-6.8730278314783515,-0.0025230799680580965,-0.25641802001470226,0.0072429020342758459,
1.915651,-6.1402085852357695,-0.85588601182798107,-7.6192964927828699,-5.8254524918716859,0.014806216387211225,-6.8849733124687491,-0.001088034625914005,-0.25234305446291516,0.0060736376581347869,
1.917082,-6.1402085606968697,-0.86256484231457509,-7.6241857061429403,-5.7834263992746884,0.014784623520362063,-6.9028792359759317,-0.00017213330836719819,-0.24999416843783981,0.0055374375252098132,
1.9177169999999999,-6.2049534386595155,-0.82479122337913657,-7.6223136747645768,-5.7834263763971725,0.0085579771175931241,-6.9074374296360279,0.00010096102362210297,-0.24999289148118076,0.0055356945299665323,
1.9185209999999999,-6.2049534141206157,-0.83147005386573059,-7.6272028881246472,-5.7982024715613614,0.096782292122389924,-6.9141506564873225,-0.0048365104624952335,-0.2513154827640543,0.0049792316133824887,
1.9199759999999999,-6.2049533895817159,-0.8381488843523246,-7.6320921014847176,-5.8030229674176121,0.13826681576623734,-6.9176314975698325,-0.0064581960288309943,-0.2517906310607208,0.0064075309480956071,
1.9214059999999999,-6.2049533648777793,-0.84487825733989819,-7.6369348982622558,-5.7601714741275165,0.14913521721197714,-6.9077039354105487,-0.0072368433385419217,-0.25092230581357339,0.0058404434745170236,
1.92164,-6.0320902727605858,-0.83071902330709402,-7.6429746506316407,-5.760171451096137,0.14286145024183591,-6.9122188550802015,-0.0069616781166285001,-0.25092104096363177,0.0058386872890405176,
1.9228780000000001,-6.0320902480566492,-0.83744839629466761,-7.6478174474091789,-5.650070548678956,0.088497976700025044,-6.9076625982268869,-0.0048953494925202574,-0.24566694108117063,0.0059778166696972668,
1.9242900000000001,-6.0320902233527125,-0.8441777692822412,-7.6526602441867171,-5.5686592997226123,0.0025421853439158149,-6.9118280332996411,9.8917919359089307e-06,-0.24119087581377738,0.0063085414568884498,
1.925605,-5.9471085276108582,-0.79909310833598057,-7.6465505183489508,-5.5686592766912328,-0.0037315816262254121,-6.9163429529692939,0.00028505701384933083,-0.24118961096383573,0.0063067852714119438,
1.9257,-5.9471085029069215,-0.80582248132355416,-7.651393315126489,-5.5626251529855493,-0.013233283230781167,-6.9284751173436332,0.00027125620013924984,-0.24166363274830979,0.0045915358436980028,
1.9271389999999999,-5.9471084782029848,-0.81255185431112775,-7.6562361119040272,-5.5681944695324788,0.0042992286889473007,-6.949232537506413,-0.00074344913437067407,-0.24068936992554191,0.0066408493093212412,
1.9285540000000001,-5.9471084534990482,-0.81928122729870134,-7.6610789086815654,-5.6177933213544122,0.028470870845460995,-6.953881622225329,-0.0016091997734239876,-0.24448881835039116,0.0075370911195884339,
1.9295260000000001,-5.8678006600513815,-0.77703272077172203,-7.6546028022163108,-5.6177932983230328,0.022197103875319767,-6.9583965418949818,-0.0013340345515105657,-0.24448755350044951,0.0075353349341119279,
1.9299900000000001,-5.8678006353474448,-0.78376209375929562,-7.659445598993849,-5.5946465971852266,0.030319128811340197,-6.9568910415452354,-0.0023279262498878111,-0.24293614634868996,0.0094056529168173534,
1.9314290000000001,-5.867800610612564,-0.7904914667468691,-7.6642089718412763,-5.5645993120678581,-0.034555516052180012,-6.9464731253502645,0.00053993354776807377,-0.24226807198297423,0.0066800013551908339,
1.9328590000000001,-5.8678005858776832,-0.79722083973444258,-7.6689723446887035,-5.4934183768069911,-0.13250389299542975,-6.9490363986759869,0.0060107685853308728,-0.23940248321012586,0.0057147108912344322,
1.9334789999999999,-5.9027613903098448,-0.77306564978613312,-7.7159958737489038,-5.4934183537467627,-0.1387776599655709,-6.9534772717397688,0.0062859378349149455,-0.23940123908641397,0.0057129547057563571,
1.9342980000000001,-5.902761365574964,-0.7797950227737066,-7.7207592465963311,-5.4183587662302237,-0.10583527704909668,-6.9526824073310012,0.0049483873794188447,-0.23552009388138406,0.0062920813556620117,
1.935716,-5.9027613408400832,-0.78652439576128008,-7.7255226194437583,-5.3653577523552256,-0.044093558028047583,-6.9671043422436565,0.0012331794465494572,-0.23347711958710698,0.0065217153786302287,
1.937168,-5.9027613161052024,-0.79325376874885356,-7.7302859922911855,-5.320923779845943,-0.0059404199615362765,-6.9862463432777275,0.00029979325296219331,-0.23082531231260808,0.0080283477127161013,
1.937441,-5.7686637996609091,-0.88002757493713046,-7.7746254075518042,-5.3209237567857146,-0.012214186931677418,-6.9906872163415095,0.00057496250254626604,-0.2308240681888962,0.0080265915272380254,
1.938596,-5.7686637749260283,-0.88675694792470394,-7.7793887803992314,-5.3150556145202392,0.06856840289416638,-6.9938091780647236,-0.0034317616535407981,-0.2316393373531567,0.0065733424502390902,
1.94001,-5.7686637505212204,-0.89339761366566028,-7.7840098090602261,-5.2517507270538735,0.06044222382586785,-6.9888901911547148,-0.0031186829950206742,-0.22853913572112911,0.0071708362841998406,
1.9413990000000001,-5.6434459810996263,-0.9688401291260631,-7.7610907010579453,-5.2517507043013714,0.054251158259686107,-6.9931983573144683,-0.0028471370189280159,-0.22853792875890624,0.0071691032489290679,
1.941443,-5.6434459566948183,-0.97548079486701944,-7.76571172971894,-5.1840237719494615,0.015694406781519787,-6.9872279309025753,-0.00073666402770899823,-0.22600824108720197,0.0068300987367148486,
1.942879,-5.6434459322900103,-0.98212146060797578,-7.7703327583799346,-5.1067281608069353,0.019431032951853042,-6.9887786909723282,-0.0012295123113696858,-0.22225717032715808,0.0065107528667837132,
1.944312,-5.6434459078852024,-0.98876212634893212,-7.7749537870409293,-5.069826477303133,0.027520849251718021,-6.9965304767894949,-0.00078690084995704484,-0.22012963677710845,0.0081702928062244058,
1.9453119999999999,-5.5560017116236491,-0.90287235898362972,-7.7706256759335099,-5.0698264545506309,0.021329783685536279,-7.0008386429492484,-0.00051535487386438644,-0.22012842981488559,0.0081685597709536331,
1.9457500000000001,-5.5560016872188411,-0.90951302472458606,-7.7752467045945046,-5.0877523351435059,0.054858036375627091,-7.0132435450356079,-0.0032147420915971392,-0.22170541584500661,0.0066345488509079913,
1.9471639999999999,-5.5560016628140332,-0.9161536904655424,-7.7798677332554993,-5.0728406030958331,0.056952015315679234,-7.0285116248473356,-0.0031339985791992331,-0.21982599678466108,0.0078770716109005396,
1.9486140000000001,-5.5560016384092252,-0.92279435620649874,-7.784488761916494,-5.1161308668945544,0.0049128881917414602,-7.0443362278639317,0.00016060566910710032,-0.22204168315232398,0.0070267534880785344,
1.9492929999999999,-5.5121501809019913,-0.85340514006230117,-7.7797386346557058,-5.1161308441420523,-0.0012781773744402845,-7.0486443940236851,0.00043215164519975878,-0.22204047619010112,0.0070250204528077616,
1.9500489999999999,-5.5121501564971833,-0.86004580580325751,-7.7843596633167005,-5.1687516295275096,-0.0018655133902213232,-7.0522160443020976,-0.0003910702230281298,-0.22440472203859113,0.0065113147306407864,
1.9514899999999999,-5.5121501316488395,-0.86681437501608061,-7.7889899752942018,-5.2175520903708517,-0.023553998513949265,-7.0555504647434386,-0.00015587579988752921,-0.22666470627919028,0.0066355596808585614,
1.952904,-5.5121501068004957,-0.8735829442289037,-7.7936202872717031,-5.2360470334211175,-0.065932571349640728,-7.0696637087816265,0.0021717042788859261,-0.2280520808417949,0.0070649731798493936,
1.9532020000000001,-5.4712353338205491,-0.80992071771831398,-7.8270538449892459,-5.236047010255108,-0.07224288080060122,-7.0739805297394689,0.0024484844469718197,-0.22805087143872521,0.0070632067652115944,
1.95434,-5.4712353089722052,-0.81668928693113707,-7.8316841569667472,-5.2080085192352712,-0.052955374877717037,-7.0759179934440217,0.0019389951341648661,-0.22567106554119271,0.0091799869067527434,
1.9557770000000001,-5.4712352841238614,-0.82345785614396017,-7.8363144689442485,-5.2219501396923436,-0.076895730878496327,-7.0909746116054491,0.0019890790802248241,-0.22617298791908935,0.0078025281968360227,
1.957152,-5.5186790142795017,-0.8349077681877678,-7.8509541271717298,-5.221950116526334,-0.083206040329456818,-7.0952914325632914,0.0022658592483107177,-0.22617177851601966,0.0078007617821982235,
1.957219,-5.5186789894311579,-0.84167633740059089,-7.8555844391492311,-5.2720053782137688,-0.13669847161611254,-7.1118683454721747,0.0055042255739959512,-0.22768317097228985,0.0074414094490153149,
1.958658,-5.518678964582814,-0.84844490661341398,-7.8602147511267324,-5.3745063387373699,-0.10221977441199581,-7.1187337559782256,0.0035248413354739632,-0.23280069723495211,0.0061496313057062615,
1.9600709999999999,-5.5186789397344702,-0.85521347582623708,-7.8648450631042337,-5.4337193301085787,-0.055727560154182079,-7.1159849808952789,0.0014309486592458671,-0.23578859508023658,0.0078868365556725977,
1.9610920000000001,-5.5960205237394938,-0.90103245615253402,-7.8781345216846805,-5.4337193070675829,-0.06200325041278755,-7.1202065990741445,0.0017062142649641922,-0.23578741233229281,0.0078850798318190439,
1.961527,-5.5960204990252427,-0.90776389209933139,-7.8826627171806107,-5.4255213581208217,-0.042008750729645966,-7.1177324887457312,0.0010494346690603376,-0.23516959680071553,0.008929542661149063,
1.962947,-5.5960204743109916,-0.91449532804612876,-7.8871909126765409,-5.3918196438941752,-0.047729657117704404,-7.1150801318851862,0.0011588286748841895,-0.23463758321347558,0.0075758987738685753,
1.9643790000000001,-5.5960204495967405,-0.92122676399292613,-7.8917191081724711,-5.2980450041021374,-0.045729730840162582,-7.1159892775923073,0.00080204963168649282,-0.22900099976157295,0.007048006436836029,
1.9651449999999999,-5.668354562365983,-0.95971093979257471,-7.9113087075574064,-5.2980449810611416,-0.052005421098768052,-7.1202108957711729,0.0010773152374048179,-0.22899981701362918,0.0070462497129824752,
1.965813,-5.6683545376517319,-0.96644237573937208,-7.9158369030533366,-5.2558362328007338,-0.06658706980695854,-7.129238227222082,0.0023830901179149925,-0.22698874376903172,0.0067877970777683481,
1.967249,-5.6683545129374808,-0.97317381168616945,-7.9203650985492668,-5.2624559267051625,-0.026313895027929808,-7.1497841304003371,0.00092288099342271936,-0.22700712318656133,0.0064724026292433132,
1.9686779999999999,-5.6683544882232297,-0.97990524763296682,-7.924893294045197,-5.2980161215566435,0.070870964386756719,-7.1612429928423609,-0.0046992967692320768,-0.22936138020384367,0.0063298250027507049,
1.96906,-5.5572193461246622,-0.95590914945652139,-7.9124130383187143,-5.2980160985156477,0.064595274128151248,-7.1654646110212266,-0.0044240311635137522,-0.22936019745589989,0.0063280682788971511,
1.9701120000000001,-5.5572193211834851,-0.96269937974119291,-7.916903069069007,-5.2942119662104652,0.094912363933212715,-7.1656093933532992,-0.0059313160706014499,-0.22963261521258127,0.0083181979549708344,
1.9715279999999999,-5.5572192962423079,-0.96948961002586442,-7.9213930998192996,-5.2269286638641814,0.080668702615799837,-7.1496227392952356,-0.0056697599439191407,-0.22698556391694072,0.0063568064961173829,
1.972988,-5.5572192713011308,-0.97627984031053594,-7.9258831305695923,-5.1150038927069774,-0.034705232639703987,-7.1407540089495205,-9.1948461318196867e-06,-0.22143878105485942,0.0059855189968262019,
1.973017,-5.4582291875370901,-0.84862843214339956,-7.9133217811820655,-5.1150038694544202,-0.041035736619538361,-7.1449400462917989,0.00026847895122939419,-0.22143760825759407,0.0059837469292301848,
1.974404,-5.458229162595913,-0.85541866242807107,-7.9178118119323582,-5.0591320458964049,-0.13008741200083609,-7.1466099936327243,0.0053983956470067306,-0.21790340977126657,0.0059454143350869178,
1.975859,-5.4582291376547358,-0.86220889271274259,-7.9223018426826508,-5.0923227999435676,-0.10301088280706953,-7.1652813545588376,0.0033886151051136372,-0.21999493626084923,0.0048450409101813245,
1.976942,-5.4879621255819595,-0.7474985049262457,-7.9430263053400276,-5.0923227766910104,-0.1093413867869039,-7.169467391901116,0.0036662889024748511,-0.21999376346358387,0.0048432688425853075,
1.9773099999999999,-5.4879621006407824,-0.75428873521091722,-7.9475163360903203,-5.1445389110608142,-0.066912270401750074,-7.1996310090989732,0.0019315544013841363,-0.22093907171177049,0.0077009460768015861,
1.9786969999999999,-5.4879620756996053,-0.76107896549558873,-7.9520063668406129,-5.2570818908340069,-0.011277636773320193,-7.2084275139599159,-0.00051511781557869772,-0.22771841963334982,0.0087408181682126721,
1.980137,-5.4879620507584281,-0.76786919578026025,-7.9564963975909055,-5.2904214146317283,0.0023552063529515728,-7.2089581009603814,-0.0016069114812454267,-0.22796208163025061,0.010078593495944798,
1.980888,-5.44385775533613,-0.81175562439370996,-7.9840709419313614,-5.2904213912926226,-0.0039945305115245125,-7.2130854780045022,-0.0013283901926869858,-0.2279609252496699,0.010076816044578826,
1.9816069999999999,-5.4438577303021196,-0.81856648427061796,-7.9884980524253324,-5.3297902393057273,-0.065868509712685652,-7.203601018720045,0.001850288817823884,-0.23126516139608636,0.0067489511970355055,
1.9830209999999999,-5.4438577052681092,-0.82537734414752595,-7.9929251629193034,-5.2839828959399808,-0.14247273248806847,-7.1996411477085553,0.0063893811706602667,-0.22851542188211535,0.0064403380096999365,
1.9844200000000001,-5.4438576802340988,-0.83218820402443394,-7.9973522734132745,-5.2374904179692789,-0.099560607076943364,-7.2071412543617948,0.0042027896635849762,-0.22647397960630805,0.0067046708266301734,
1.9848319999999999,-5.3678690969937257,-0.88365469605782665,-8.0231319841645092,-5.2374903946301732,-0.10591034394141945,-7.2112686314059156,0.0044813109521434167,-0.22647282322572734,0.0067028933752642014,
1.985851,-5.3678690719597153,-0.89046555593473464,-8.0275590946584803,-5.1916184772371343,-0.038115756092940323,-7.2278214360734454,0.0009843870900339861,-0.22468423296115916,0.0069944144148069145,
1.9872920000000001,-5.3678690469257049,-0.89727641581164264,-8.0319862051524513,-5.1355308950683929,0.036942738771191141,-7.2421191178910682,-0.0021609392514464905,-0.2216201597478544,0.008733947995821844,
1.9887349999999999,-5.3678690218916945,-0.90408727568855063,-8.0364133156464224,-5.1004863353266829,0.091443685633255264,-7.2378862354689133,-0.0049220274188212336,-0.22118512526352099,0.0063022263880631712,
1.9887999999999999,-5.3783218550289691,-0.94748327754326467,-8.0082133943870009,-5.1004863119875772,0.085093948768779182,-7.2420136125130341,-0.0046435061302627931,-0.22118396888294029,0.0063004489366971991,
1.9901519999999999,-5.3783218303766063,-0.95418583206093077,-8.0124960977353155,-5.0097416485795483,0.041523492149068413,-7.2313953009517213,-0.0021682716870857813,-0.21669942837026657,0.0071490519909099114,
1.991582,-5.3783218057242435,-0.96088838657859688,-8.0167788010836301,-4.929651042676948,0.018421380964481177,-7.2134070149806906,-0.0011414378433676807,-0.2137961617876678,0.0060778740750446602,
1.99278,-5.3211063043701916,-0.8434920691002028,-8.0513621601100755,-4.9296510196936509,0.012172616744374209,-7.2173997618323193,-0.00086734180910872857,-0.21379504310906339,0.0060761248884655915,
1.993042,-5.3211062797178288,-0.85019462361786891,-8.0556448634583901,-4.8429300988687709,0.011639054368894146,-7.2172956297484765,-0.00068130320835247315,-0.2100003694905585,0.0060622567460390728,
1.994461,-5.321106255065466,-0.85689717813553501,-8.0599275668067047,-4.7785163375333584,0.041937914129856119,-7.2267250316904459,-0.0015039256359615379,-0.20657081117462636,0.0075313242774878355,
1.9958800000000001,-5.3211062304131032,-0.86359973265320111,-8.0642102701550193,-4.7420818408480665,0.1092588105330743,-7.2341688004080682,-0.0059369459685194338,-0.20639181260346737,0.0056584029705870498,
1.9966660000000001,-5.2934946586014604,-0.84866297074380259,-8.0966902137378138,-4.7420818178647695,0.10301004631296734,-7.238161547259697,-0.0056628499342604817,-0.20639069392486295,0.0056566537840079811,
1.9973449999999999,-5.2934946339490976,-0.8553655252614687,-8.1009729170861284,-4.6715079849087493,0.095132185211021847,-7.2524301903683961,-0.0049458635520205491,-0.2013065449114492,0.0079889522174419053,
1.9987569999999999,-5.2934946092967348,-0.8620680797791348,-8.105255620434443,-4.6925174173418576,0.04786704546113596,-7.2568658489363997,-0.0018121083534464321,-0.20334219524162311,0.0062549593822842885,
2.000194,-5.2934945844587054,-0.86883974343079351,-8.1095094423536267,-4.7007724476587907,0.0045583894314519188,-7.2579765681822312,-0.00053421869474604318,-0.20317527113417033,0.0063673020380687001,
2.0005989999999998,-5.1456918102932026,-0.8533805168918871,-8.1005527779865432,-4.7007724245023974,-0.0017548049522049837,-7.2619423889953616,-0.00025729278938831942,-0.20317415998523855,0.0063655348158666364,
2.001636,-5.1456917854551731,-0.86015218054354581,-8.1048065999057268,-4.7385493367317828,-0.026365690642969297,-7.2635590275332556,0.00092712185169408368,-0.20540395372480585,0.0066750203665442891,
2.0030540000000001,-5.1456917606171437,-0.86692384419520452,-8.1090604218249105,-4.744749493097066,-0.038999318705214954,-7.2787355231712718,0.00095210737880503432,-0.20561011563516415,0.0077179834830129841,
2.0044849999999999,-5.1456917357791143,-0.87369550784686323,-8.1133142437440942,-4.7405326821817617,-0.037934052467480307,-7.2938517809349142,0.0016463125056071677,-0.2042389185034317,0.0094718639203452849,
2.0045480000000002,-5.1151027962232929,-0.9145068791228288,-8.1048208871967855,-4.7405326590253685,-0.044247246851137206,-7.2978176017480445,0.0019232384109648915,-0.20423780735449992,0.0094700966981432211,
2.005916,-5.1151027713852635,-0.92127854277448751,-8.1090747091159692,-4.804222748891207,-0.041139077518535815,-7.3166092341470161,0.0010096010470274459,-0.20765109238527765,0.0074681862045925772,
2.007349,-5.1151027465472341,-0.92805020642614622,-8.1133285310351528,-4.8575517468115414,-0.060027300591225893,-7.3325167950106254,0.0022841010440650053,-0.20890055202390587,0.008049180273531846,
2.0084919999999999,-5.0967133588269364,-0.90942834505818326,-8.1048348156290775,-4.8575517236551482,-0.066340494974882799,-7.3364826158237557,0.0025610269494227289,-0.20889944087497408,0.0080474130513297822,
2.0087739999999998,-5.096713333988907,-0.91620000870984197,-8.1090886375482611,-4.9626186151613405,-0.048514660690486898,-7.3406202601694117,0.0018423769967445709,-0.21456383009495889,0.0075175274155846131,
2.0102190000000002,-5.0967133091405632,-0.92296548348382956,-8.1132661299761697,-5.0021409941951323,-0.0049656707883285536,-7.3425853348547916,-0.00035642828327534046,-0.21617483851576105,0.0087582345170955315,
2.011682,-5.0967132842922194,-0.92973095825781715,-8.1174436224040782,-4.9982808280690998,0.039207152885399874,-7.3401863539078755,-0.0023051336081570573,-0.21612161315681019,0.0090325084261284657,
2.0124279999999999,-5.1202195094512879,-0.91091895244178012,-8.1577803386930849,-4.9982808049030902,0.032899728367135603,-7.3440810130478313,-0.0020284571221844626,-0.21612052192738768,0.0090307428190554533,
2.01309,-5.1202194846029441,-0.91768442721576771,-8.1619578311209935,-4.9515351096317399,0.05467340523968893,-7.3459864892356173,-0.003286322089611186,-0.21502628757332276,0.0081318763260667861,
2.014535,-5.1202194597546002,-0.9244499019897553,-8.166135323548902,-4.8349515148787701,0.040231642307838725,-7.3508483904896309,-0.002415444901734197,-0.20787599815048455,0.0092082673439570634,
2.0159539999999998,-5.1202194349062564,-0.93121537676374289,-8.1703128159768106,-4.7969721112097812,0.037197243938605441,-7.3553048919856003,-0.0017241986669951513,-0.20685338578225476,0.0076486458723275495,
2.016378,-5.1416921176301864,-0.85782759723245727,-8.1690209842061616,-4.7969720880437716,0.030889819420341174,-7.3591995511255561,-0.0014475221810225565,-0.20685229455283224,0.0076468802652545371,
2.0173809999999999,-5.1416920927818426,-0.86459307200644486,-8.1731984766340702,-4.7977408108489268,0.064856867228634901,-7.3729615210602359,-0.0032223989173795617,-0.20565120348525065,0.0089562621744300047,
2.018824,-5.1416920679334988,-0.87135854678043245,-8.1773759690619787,-4.8755921555425497,0.098828751073050239,-7.3834410663551742,-0.0053339597516604562,-0.21017606729929042,0.0069205966716292281,
2.0202689999999999,-5.141692042528156,-0.8782787434961945,-8.1815740910821244,-4.9184588944260064,0.10507168176924839,-7.377581636579869,-0.005626076951931621,-0.21236667846671539,0.0085899718961729831,
2.0203190000000002,-5.1617390676450006,-0.82741290977813664,-8.1798080479373194,-4.9184588707407091,0.098620010616170845,-7.381495528604467,-0.0053430692587686053,-0.21236558183073151,0.0085881659108323679,
2.021687,-5.1617390422396578,-0.83433310649389869,-8.1840061699574651,-4.8964137371206009,0.11193673181412934,-7.360619268836996,-0.0065928213804720831,-0.21183584325636304,0.0063838486423064295,
2.0231119999999998,-5.1617390168343151,-0.84125330320966074,-8.1882042919776108,-4.8087918287062079,-0.0016804652305265205,-7.3537253041407977,-0.0011667926611563179,-0.20703380207397529,0.0067348616770163501,
2.024254,-5.1591655001735734,-0.79456122387067507,-8.2101089493747814,-4.8087918050209106,-0.0081321363836040599,-7.3576391961653957,-0.00088378496799330214,-0.2070327054379914,0.0067330556916757349,
2.024543,-5.1591654747682307,-0.80148142058643712,-8.2143070713949271,-4.7764193854324359,-0.12719652134893084,-7.3628938643089601,0.0057238377529707177,-0.20427503642323816,0.0070444759473908998,
2.025979,-5.159165449362888,-0.80840161730219917,-8.2185051934150728,-4.8536716467661281,-0.096563991520649928,-7.3789783549210473,0.0031707907126937163,-0.20869551951098558,0.0043806498420526137,
2.0274190000000001,-5.1591654239575453,-0.81532181401796122,-8.2227033154352185,-4.9321911450591163,-0.070962360859492479,-7.4018745880708732,0.0021170984411331131,-0.21077213841890105,0.0076302373736366908,
2.0282070000000001,-5.0374355002764162,-0.95898889159192124,-8.1728874795419504,-4.932191121373819,-0.077414032012570022,-7.4057884800954712,0.0024001061342961288,-0.21077104178291717,0.0076284313882960756,
2.0288550000000001,-5.0374354748710735,-0.96590908830768329,-8.1770856015620961,-5.062626215931826,-0.05445444033228234,-7.4171582513929941,0.0014597217113766266,-0.21824272178185022,0.007917539829706912,
2.0302920000000002,-5.0374354494657307,-0.97282928502344534,-8.1812837235822418,-5.098675039136654,-0.017896053572771881,-7.4159978264548094,-0.00069904215331419335,-0.21913971467734245,0.0093131426486049891,
2.0317069999999999,-5.0374354241119619,-0.97972678918774703,-8.1853952013149929,-5.1215000829566879,-0.072104898161256092,-7.4045026491528665,0.0015140555755199646,-0.22072304184519603,0.0066813307369574665,
2.0321389999999999,-4.923802947210139,-0.92767805907487078,-8.137140934460847,-5.1215000593194731,-0.078535413141227597,-7.4083357630619684,0.0017961389320158409,-0.22072196782313697,0.006679530673761239,
2.0331610000000002,-4.9238029218563701,-0.93457556323917246,-8.1412524121935981,-5.1048588335747018,-0.16980952531237814,-7.4061414735480806,0.0074680676778929363,-0.21985934741137084,0.00534962713203028,
2.0345879999999998,-4.9238028965026013,-0.94147306740347414,-8.1453638899263492,-5.077995638255385,-0.14428840852191968,-7.409880941294487,0.006184524034821514,-0.21804382869030633,0.0062555278793259813,
2.036,-4.9238028711488324,-0.94837057156777582,-8.1494753676591003,-5.0764138313995995,-0.056340046631355736,-7.417182618169428,0.0016312731203037469,-0.21885538962360596,0.0065891053628022054,
2.036079,-5.0877626381568541,-0.89984862396328047,-8.1805609077943124,-5.0764138077623846,-0.062770561611327241,-7.4210157320785299,0.0019133564767996232,-0.21885431560154689,0.0065873052996059779,
2.0374430000000001,-5.0877626128030853,-0.90674612812758215,-8.1846723855270636,-5.0538369255246547,0.006518994130382913,-7.4321371293478062,-0.00087673347272675594,-0.21678578693175832,0.010045110365039755,
2.0388799999999998,-5.0877625874493164,-0.91364363229188383,-8.1887838632598147,-5.0601900199324454,0.055548060140451709,-7.430315437645227,-0.0033447960738067746,-0.21846097350477545,0.0074537078035100835,
2.040038,-5.0676921292499335,-0.82858600355916112,-8.2149209998515946,-5.0601899963240795,0.04912812324703323,-7.4340754665926907,-0.0030631731071924908,-0.21845991994229075,0.0074519107013863118,
2.0403090000000002,-5.0676921039271088,-0.83547216144773262,-8.2189540851338467,-4.9902900359112907,0.015253230158275261,-7.4220079930736649,-0.0011310626104419125,-0.21461805625286037,0.0080033175695382128,
2.0417320000000001,-5.0676920786042841,-0.84235831933630412,-8.2229871704160988,-4.9435806574201546,-0.02160991756045965,-7.4123947903151395,0.00049163968862074754,-0.21286318029151652,0.0068977229282429029,
2.0431650000000001,-5.0676920532814593,-0.84924447722487562,-8.2270202556983509,-4.9104427085056424,-0.015390154091342402,-7.4160282426937947,0.00050899195527272473,-0.21160953746207878,0.0062414258615648664,
2.0440299999999998,-5.0489391462551714,-0.89511971873070451,-8.2514897141677412,-4.9104426848972764,-0.021810090984760881,-7.4197882716412584,0.0007906149218870086,-0.21160848389959408,0.0062396287594410947,
2.0446049999999998,-5.0489391209323466,-0.902005876619276,-8.2555227994499933,-4.8914204804842845,0.011046347046055005,-7.4340255856867223,-0.0006556004208589125,-0.21011041372383751,0.0083271179688679184,
2.0460219999999998,-5.0489390956095219,-0.9088920345078475,-8.2595558847322454,-4.8960644524726638,0.079101569976984989,-7.4389521406413657,-0.0043586509033755206,-0.21165722201065948,0.0063318694004852408,
2.04745,-5.0489390702866972,-0.915778192396419,-8.2635889700144975,-4.8518785374360558,0.066589298882727063,-7.4485288780918104,-0.0046125290772273207,-0.20841709600757843,0.0085406950322043651,
2.047933,-4.964549414298725,-0.95412005088590901,-8.2160248870348909,-4.8518785138276899,0.060169361989308584,-7.4522889070392742,-0.0043309061106130368,-0.20841604244509374,0.0085388979300805926,
2.048899,-4.9645493889759003,-0.96100620877448051,-8.220057972317143,-4.8620965791492896,-0.031416873613456672,-7.4515478823973451,0.00072356749151989731,-0.2095292667651889,0.0064901102400031253,
2.0503580000000001,-4.9645493633333171,-0.96799448314462333,-8.2240776483644407,-4.8661269793984747,-0.095322100100075094,-7.4445928969070927,0.0036511582195777256,-0.20954197843947805,0.0066262761811000355,
2.0517639999999999,-4.9645493376907339,-0.97498275751476615,-8.2280973244117384,-4.8920610855768452,-0.10162326544847369,-7.4413511562618035,0.0035395900083393089,-0.21087599591858097,0.0058710434964078864,
2.0518860000000001,-4.9431169850126224,-0.93725559006301251,-8.2436690582725891,-4.8920610616703692,-0.108138405120869,-7.4450986838342494,0.0038253929421534446,-0.21087494584245703,0.0058692197446299239,
2.0531929999999998,-4.9431169593700393,-0.94424386443315533,-8.2476887343198868,-4.9077792317415598,-0.12357831583049704,-7.4615300230620871,0.0043864448347365019,-0.21202461714001328,0.007311416957920795,
2.054624,-4.9431169337274561,-0.95123213880329816,-8.2517084103671845,-4.897846480545895,-0.11371279986783628,-7.4737707918800256,0.0045222700606095357,-0.21038329491704252,0.0096339063527133475,
2.05586,-4.9230977358870787,-0.89619619801747052,-8.266247088335458,-4.8978464566394191,-0.12022793954023159,-7.4775183194524715,0.0048080729944236711,-0.21038224484091858,0.0096320826009353849,
2.0560619999999998,-4.9230977102444955,-0.90318447238761335,-8.2702667643827557,-4.9502667702669596,-0.091553164084377303,-7.488673683135219,0.0028119628592665558,-0.2136379630771677,0.007976719409202717,
2.0575079999999999,-4.9230976846019123,-0.91017274675775617,-8.2742864404300533,-4.9831548972949937,-0.1112393267996872,-7.4972556645626467,0.0043170023000569128,-0.21425744640185118,0.0083554103868537979,
2.0589189999999999,-4.9230976589593292,-0.91716102112789899,-8.278306116477351,-5.0351009286765516,-0.10643689203638346,-7.4991441354720836,0.0044950924803689547,-0.21790117987638916,0.0077173014689654127,
2.0597490000000001,-4.9562056571162154,-0.93496063494694182,-8.3024939806836855,-5.0351009047700757,-0.11295203170877877,-7.5028916630445295,0.00478089541418309,-0.21790012980026521,0.0077154777171874502,
2.0603560000000001,-4.9562056315458358,-0.94192415380640071,-8.3064270124435904,-5.0171986094380587,-0.051011880368976498,-7.4992158091684376,0.0018772094433509409,-0.2168499761369625,0.0085443834214385742,
2.0617930000000002,-4.9562056059754562,-0.94888767266585961,-8.3103600442034953,-4.9762470550527489,0.019525123051947375,-7.4962873881792227,-0.0013560631872010834,-0.21541310933370628,0.0088812792018975115,
2.0632329999999999,-4.9562055804050766,-0.9558511915253185,-8.3142930759634002,-4.9014494578486225,0.041548541390703068,-7.5019243289072115,-0.0023250518075802942,-0.21237475429539807,0.0077102292391126037,
2.0636960000000002,-4.9977640009371971,-0.91839734336116863,-8.3418640467069807,-4.9014494340094616,0.035056481179877863,-7.5055910783641631,-0.0020402576404778086,-0.21237372683404324,0.0077084119478565997,
2.064651,-4.9977639753668175,-0.92536086222062752,-8.3457970784668856,-4.8091088202630452,0.040801189035722593,-7.5093114445890254,-0.0018874973692942483,-0.20696194813329125,0.0079712579269408806,
2.0660790000000002,-4.9977639497964379,-0.93232438108008642,-8.3497301102267905,-4.7899261231031627,0.052824675477345234,-7.5155498582762954,-0.0026033825439728438,-0.20657798725303667,0.0057992188049525786,
2.0675140000000001,-4.9977639242260583,-0.93928789993954531,-8.3536631419866954,-4.7964855030701878,0.068097184908894159,-7.5222299007769573,-0.0028311819684917368,-0.20616116650703559,0.0077914085804481927,
2.067631,-5.0365615879152585,-0.89024194227965303,-8.3526063538654469,-4.796485479231027,0.061605124698068954,-7.5258966502339089,-0.0025463878013892512,-0.20616013904568076,0.0077895912891921886,
2.0689649999999999,-5.036561562344879,-0.89720546113911193,-8.3565393856253518,-4.8479553098457675,0.092428844974861063,-7.5285568446498701,-0.0036685947259838024,-0.20933300458083265,0.0079777788624549421,
2.0703969999999998,-5.0365615360215195,-0.90437011852287741,-8.3605126450901182,-4.840349879368401,0.14686163306993189,-7.5213080937616272,-0.007088724490277018,-0.21067382682937721,0.0082031500893353666,
2.071577,-4.9193437721853099,-0.859418293178703,-8.3608747406991935,-4.8403498548272399,0.14018205223384961,-7.5250123473436297,-0.0067957004338233366,-0.21067278883886317,0.0082012803063300152,
2.0718109999999998,-4.9193437458619504,-0.86658295056246848,-8.3648480001639598,-4.7231651067723703,0.11220908014651021,-7.5057663641558454,-0.0059255247964094399,-0.20485375043922524,0.0083792701023415999,
2.0732569999999999,-4.919343719538591,-0.87374760794623396,-8.3688212596287261,-4.5868017347601509,-0.0084554451845191281,-7.5020565558011745,0.00011297456874417161,-0.1985188918507283,0.0073638965391938926,
2.0747200000000001,-4.9193436932152315,-0.88091226532999944,-8.3727945190934925,-4.4915289535604126,-0.086451497916177733,-7.4985059204379727,0.0045184357316700929,-0.19307575100123867,0.0061380854679219318,
2.0756030000000001,-4.8140501859264466,-0.83201473507914725,-8.3707212989231206,-4.4915289290192515,-0.093131078752260024,-7.5022101740199751,0.0048114597881237743,-0.19307471301072462,0.0061362156849165805,
2.07613,-4.8140501596030871,-0.83917939246291273,-8.3746945583878869,-4.5094458647524078,-0.098978445460777248,-7.5170072204035616,0.0041049706928587204,-0.19414170991289084,0.0055088418540798706,
2.0775380000000001,-4.8140501332797276,-0.84634404984667821,-8.3786678178526532,-4.5806031029792198,-0.070924161573466177,-7.5440640151520837,0.0029242600165419607,-0.19651587166725518,0.0080544929012745878,
2.0789789999999999,-4.8140501069563681,-0.8535087072304437,-8.3826410773174196,-4.7016265937930788,-0.020693198864668881,-7.5593003246848616,0.00045729904523796961,-0.20330912789765643,0.0090523070514819792,
2.0795439999999998,-4.7157672200050156,-0.8279499197678778,-8.3532154879888854,-4.7016265692519177,-0.027372779700751165,-7.563004578266864,0.00075032310169165066,-0.20330808990714239,0.0090504372684766278,
2.0804459999999998,-4.715767193929211,-0.83504443653803895,-8.357077347655574,-4.7474985757264765,-0.0047549593137019251,-7.5612150712342272,-0.00067947898279941722,-0.20462597399247381,0.01081239283908041,
2.081861,-4.7157671678534063,-0.8421389533082001,-8.3609392073222626,-4.7564937208992273,-0.040625007700276106,-7.5464004916371046,0.00099703573230781363,-0.20632907501537601,0.0075260115720367287,
2.0833119999999998,-4.7157671417776017,-0.84923347007836125,-8.3648010669889512,-4.6928916827943343,-0.10988551562094445,-7.5430582006470459,0.004656056327668797,-0.20252768617008995,0.006816935777395644,
2.0835029999999999,-4.8115145299092941,-0.82409058312175199,-8.4124019418069818,-4.6928916584839682,-0.11649970464924481,-7.5466585966519828,0.004946215411809363,-0.20252667726203985,0.0068150842992046878,
2.0847329999999999,-4.8115145038334894,-0.83118509989191314,-8.4162638014736704,-4.6537753748211292,-0.11393698291894064,-7.5480740186409987,0.0054832502686126619,-0.2006808096425754,0.0062367674176972273,
2.0861869999999998,-4.8115144777576848,-0.83827961666207429,-8.420125661140359,-4.6412658858936631,-0.033257033125973723,-7.562813933895395,0.0014023623198840141,-0.19981390666452531,0.0066118754135565264,
2.087434,-4.7177134060910122,-0.92140507094586988,-8.4585592650178452,-4.6412658615832969,-0.039871222154274084,-7.5664143299003319,0.0016925214040245796,-0.19981289775647521,0.0066100239353655702,
2.0875849999999998,-4.7177133800152076,-0.92849958771603103,-8.4624211246845338,-4.6756290208138918,0.052468415751027578,-7.582764158562707,-0.0027239007892381779,-0.20108357132468885,0.0090794204553475942,
2.0890019999999998,-4.7177133539394029,-0.93559410448619218,-8.4662829843512224,-4.7106449904754051,0.10308061288108612,-7.5941490591592942,-0.0047845741954965207,-0.20354314449459543,0.0078288147135728934,
2.090468,-4.7177133279048578,-0.94267624350101142,-8.470066451567412,-4.6862147960470724,0.11136796856349132,-7.5889222013615214,-0.0048666977600404547,-0.20204589548050556,0.0097618294705962907,
2.0913849999999998,-4.6301371117349648,-1.0140415550344208,-8.4254774509398338,-4.6862147717751723,0.10476531926597606,-7.5924495124048192,-0.0045770412808037383,-0.20204490703245201,0.0097599812226665753,
2.091901,-4.6301370857004196,-1.0211236940492401,-8.4292609181560234,-4.6642305385563807,0.095098489495414745,-7.5793376410469833,-0.0047804041935290247,-0.20163368544211013,0.0073873231394119797,
2.0933190000000002,-4.6301370596658744,-1.0282058330640593,-8.433044385372213,-4.6163683075831257,0.050084014936286218,-7.5847232253552646,-0.0017723482392955569,-0.19917994383098217,0.0082112438070400685,
2.0947309999999999,-4.6301370336313292,-1.0352879720788786,-8.4368278525884026,-4.6009845719711704,0.078981612416456223,-7.5884877639831396,-0.003241562763458323,-0.19843606438021222,0.0085956795349169304,
2.0953490000000001,-4.6555441481451059,-0.92178144729963407,-8.4539516195480786,-4.6009845476992703,0.072378963118940959,-7.5920150750264375,-0.002951906284221607,-0.19843507593215867,0.0085938312869872149,
2.0961880000000002,-4.6555441221105607,-0.92886358631445332,-8.4577350867642682,-4.5885211522100553,0.11341717627162567,-7.59581305040843,-0.0055618792409665207,-0.19847895613361038,0.0079653812525858625,
2.0975990000000002,-4.6555440960760155,-0.93594572532927256,-8.4615185539804578,-4.560671764751949,0.078479195903609369,-7.6093396544814329,-0.003900970342126389,-0.19590725168751949,0.010715201772663781,
2.0990549999999999,-4.6555440700414703,-0.9430278643440918,-8.4653020211966474,-4.6053809888741926,0.0084937365538541587,-7.6064354802894867,-0.00023848715450784782,-0.19878420968027974,0.009685314574858269,
2.0992989999999998,-4.6197869292962928,-0.86391573210754313,-8.4870649247992453,-4.6053809646022925,0.0018910872563388951,-7.6099627913327845,5.1169324728868358e-05,-0.19878322123222619,0.0096834663269285536,
2.1004839999999998,-4.6197869026531748,-0.87117941153404432,-8.490872116046507,-4.6302570984788982,-0.033183911251811769,-7.6090131757176787,0.0010816799189150043,-0.19950432160698617,0.0093744221199238559,
2.1019040000000002,-4.6197868760100569,-0.87844309096054551,-8.4946793072937687,-4.6737841276673047,-0.078832283058623637,-7.60156190832204,0.0029348998885758149,-0.20208972717140453,0.0084251388218352704,
2.103237,-4.586410978664901,-0.80679242530641382,-8.5151727739880965,-4.6737841028280345,-0.08560418174098644,-7.6051113371826764,0.0032319850086594149,-0.20208873250711407,0.0084232431967405149,
2.1033360000000001,-4.5864109520217831,-0.81405610473291501,-8.5189799652353582,-4.6807743300545193,-0.13630967760674059,-7.6096806556692851,0.0054682501885508078,-0.20233138705876896,0.0089897534111670063,
2.1047739999999999,-4.5864109253786651,-0.8213197841594162,-8.5227871564826199,-4.6717306360636819,-0.12302969717900542,-7.6124397925240599,0.0045055024959924769,-0.20088323397547686,0.0095672659422168706,
2.1062120000000002,-4.5864108987355472,-0.82858346358591739,-8.5265943477298816,-4.7281168147933128,-0.11989319619034298,-7.617318411528661,0.0046059525921735584,-0.2037305005476622,0.0073762954230198333,
2.1071759999999999,-4.634422859768164,-0.88543669570454808,-8.511618660203105,-4.7281167899540426,-0.12666509487270577,-7.6208678403892973,0.0049030377122571585,-0.20372950588337174,0.0073743997979250778,
2.1076220000000001,-4.6344228331250461,-0.89270037513104927,-8.5154258514503667,-4.7882679478735328,-0.14581228073035454,-7.632925281397549,0.0065762312103396156,-0.20582741230810783,0.0072461089050302255,
2.1090520000000001,-4.6344228064819282,-0.89996405455755046,-8.5192330426976284,-4.8544174565187177,-0.075387040955480267,-7.6344582818787945,0.0027987355478677244,-0.21025454795168796,0.0059689258576874366,
2.1104989999999999,-4.6344227800966795,-0.90714727857432886,-8.5229267711875885,-4.8229121442414877,-0.01569783623742832,-7.6273999495979483,7.7995529196723309e-05,-0.20819454564791318,0.0081565912574914304,
2.1111179999999998,-4.716915522280372,-0.9170959699269845,-8.5080048212102941,-4.8229121196426279,-0.022394726669688163,-7.6308435975930546,0.00037179363135944778,-0.20819358060488533,0.008154716629094217,
2.1119379999999999,-4.7169154958951234,-0.9242791939437629,-8.5116985497002542,-4.7682620979278845,-0.0038230425401520989,-7.6198502106532917,-0.00030980424741703218,-0.20655524686390198,0.0080353637207114838,
2.1133540000000002,-4.7169154695098747,-0.9314624179605413,-8.5153922781902143,-4.669669312526004,0.0060455896031876618,-7.6139648142492122,-0.00090930654534216414,-0.201972634979113,0.0065176158958714318,
2.114792,-4.7169154431246261,-0.9386456419773197,-8.5190860066801743,-4.5668699657735994,0.0058874105641925989,-7.6103907813130123,-0.00071672402400574581,-0.19672593632154683,0.004921335148581717,
2.1150449999999998,-4.793908554358687,-0.94505137934671968,-8.5216803804977239,-4.5668699411747395,-0.00080947986806724579,-7.6138344293081186,-0.00042292592184302134,-0.19672497127851898,0.0049194605201845045,
2.1162269999999999,-4.7939085279734384,-0.95223460336349808,-8.525374108987684,-4.5295098544042425,-0.0086760914021217737,-7.6189241146223106,0.000921723548276898,-0.19485674364987174,0.0044823076050409891,
2.1176620000000002,-4.7939085015881897,-0.95941782738027648,-8.5290678374776441,-4.541312395557159,0.020760238152848144,-7.6315255315020964,-0.00074244008703669298,-0.19513807937528035,0.0063487176009055816,
2.119008,-4.6418551751091197,-0.90771369290898507,-8.4983172282896273,-4.5413123709582992,0.014063347720588299,-7.6349691794972028,-0.00044864198487396851,-0.1951371143322525,0.0063468429725083691,
2.1191089999999999,-4.6418551487238711,-0.91489691692576347,-8.5020109567795874,-4.5821213527191649,0.077217759412384374,-7.6361374246436009,-0.0037154991812601715,-0.19776441378050158,0.0072281258661879766,
2.1205229999999999,-4.6418551220910675,-0.92214512415808714,-8.5056654890442989,-4.5592448627239222,0.10880810718931511,-7.6338984547412494,-0.0055672928457217007,-0.19779862738576848,0.0070974440698987132,
2.12195,-4.641855095458264,-0.9293933313904108,-8.5093200213090103,-4.460057749333024,0.038607713241684591,-7.6280433877179581,-0.0016812318671061486,-0.19272863574143456,0.0078140824428490803,
2.123008,-4.6866947883249326,-0.82196392558362652,-8.4793799806659145,-4.4600577245033701,0.031850239222803209,-7.6314504932322453,-0.0013847722308595739,-0.19272768091742909,0.0078121908555787841,
2.123408,-4.6866947616921291,-0.82921213281595019,-8.4830345129306259,-4.3805574853531857,-0.04992316083128194,-7.6263372167220567,0.0026522550190908735,-0.18901067086089218,0.0069327587084045232,
2.1248330000000002,-4.6866947350593255,-0.83646034004827385,-8.4866890451953374,-4.3575074689001303,-0.093902207455703601,-7.6292127775409071,0.0045286037644876459,-0.18737414868072039,0.0058688672992012018,
2.1262829999999999,-4.686694708426522,-0.84370854728059752,-8.4903435774600489,-4.4150221255699345,-0.12279858998238562,-7.6514759506767263,0.0058011643242820163,-0.18997350385585143,0.0065039636842845819,
2.1269260000000001,-4.7285325014421371,-0.74603737348516375,-8.5134053124389375,-4.4150221007402806,-0.12955606400126701,-7.6548830561910135,0.0060976239605285906,-0.18997254903184596,0.0065020720970142857,
2.1276890000000002,-4.7285324748093336,-0.75328558071748741,-8.517059844703649,-4.4965996480019577,-0.09663389161274144,-7.675467548940401,0.0039795164276881546,-0.19384670763061493,0.0082229557312326791,
2.1291630000000001,-4.7285324481765301,-0.76053378794981108,-8.5207143769683604,-4.5468108774611062,-0.058090372782771599,-7.6816329203635005,0.0020547510494145198,-0.19662423912159563,0.0096027783923546151,
2.130566,-4.728532421780967,-0.7677201064054251,-8.5242678242311118,-4.5367248341946995,-0.086005765582502586,-7.6858085102251561,0.0033242037320541668,-0.19571581395992291,0.009123332497845105,
2.130846,-4.6809650897352721,-0.83724928243444607,-8.5377485599413774,-4.5367248095862234,-0.092705540947458753,-7.6891213746046994,0.0036181355930915756,-0.1957148855260766,0.0091214570618825819,
2.131977,-4.6809650633397091,-0.84443560089006009,-8.5413020072041288,-4.5212479005819928,-0.15749839295365645,-7.6837042304013288,0.0074004568879689307,-0.19559328409615728,0.007413038770376747,
2.1334300000000002,-4.680965036944146,-0.85162191934567411,-8.5448554544668802,-4.4918630790985006,-0.14736040472334,-7.6910479055435221,0.0065401362219848066,-0.19355436086973751,0.0064542770537599579,
2.1347909999999999,-4.6470426538899936,-0.91252614818129973,-8.5574324242367155,-4.4918630544900244,-0.15406018008829617,-7.6943607699230654,0.0068340680830222154,-0.19355343243589121,0.0064524016177974347,
2.1348470000000002,-4.6470426274944305,-0.91971246663691375,-8.5609858714994669,-4.5008796437023806,-0.10072315445873328,-7.7023074314674762,0.0046695960137039163,-0.19414713600815559,0.0064274206122860384,
2.136298,-4.6470426010988675,-0.92689878509252777,-8.5645393187622183,-4.5270087263077388,-0.042660893627710014,-7.7258163394583264,0.0019161018295557786,-0.19518747796493113,0.007621206565023274,
2.1377410000000001,-4.6470425747033044,-0.93408510354814178,-8.5680927660249697,-4.5456532418336852,0.062175508702356906,-7.7315014135168392,-0.0029466110677845696,-0.19656096103237253,0.0087110653672493911,
2.1387309999999999,-4.6153737712055394,-0.98571174470292466,-8.5549477244554826,-4.5456532172252091,0.055475733337400746,-7.7348142778963824,-0.0026526792067471609,-0.19656003259852622,0.0087091899312868679,
2.139154,-4.6153737448099763,-0.99289806315853868,-8.558501171718234,-4.500054404517031,0.10505625004448915,-7.7306489724413332,-0.0050175240567948941,-0.19477155025451429,0.0075933460580238799,
2.1405759999999998,-4.6153737179296179,-1.0002133165656313,-8.5620484301033137,-4.4198732874694846,0.075203655669860814,-7.727352943064429,-0.0029767834699991865,-0.19100924825908208,0.0077323447144531966,
2.1420140000000001,-4.6153736910492595,-1.0075285699727239,-8.5655956884883935,-4.3495777929593631,0.054073475256892482,-7.7200289194232408,-0.0021330422720321277,-0.18849984363529848,0.0067771273823660745,
2.1426889999999998,-4.6632012877975493,-0.86997797874222416,-8.6036436359061881,-4.3495777678989143,0.047253494362925315,-7.7233360139373906,-0.0018338332193680521,-0.18849891679674069,0.00677521829784617,
2.1434519999999999,-4.6632012609171909,-0.87729323214931676,-8.6071908942912678,-4.2641523640567369,0.069992874997676979,-7.7276059649723559,-0.0027777241669827086,-0.18414615808646292,0.0082527432717187724,
2.144863,-4.6632012340368325,-0.88460848555640936,-8.6107381526763476,-4.2184302219630192,0.092001794758630684,-7.7318784116366377,-0.0039286882080118452,-0.18236525037613749,0.0084593383766073602,
2.1463359999999998,-4.6632012071564741,-0.89192373896350197,-8.6142854110614273,-4.178032045403814,0.067192129182259974,-7.7386923680314208,-0.0029015857224457802,-0.18075607327943785,0.0079858590522798988,
2.14663,-4.6841716636833128,-0.85898415019496122,-8.6501941739098083,-4.1780320203433652,0.060372148288292807,-7.7419994625455706,-0.0026023766697817045,-0.18075514644088006,0.0079839499677599943,
2.1477780000000002,-4.6841716368029545,-0.86629940360205382,-8.653741432294888,-4.130264684135641,0.031595748413609952,-7.741806205278392,-0.0015582484373109083,-0.17789119311637278,0.0086944263353171819,
2.1492200000000001,-4.6841716099225961,-0.87361465700914642,-8.6572886906799678,-4.122896788002131,-0.026737068168359742,-7.7343080037514715,0.0011532463910525796,-0.17832769431116421,0.0067059805734160666,
2.150563,-4.5410430551002356,-0.8428356835473495,-8.6503963049947092,-4.1228967626147233,-0.033651290197071485,-7.7375920188040519,0.0014565937712757641,-0.17832677391877161,0.006704045108428665,
2.1506099999999999,-4.5410430278691738,-0.85025202195640137,-8.6539188078691058,-4.1088199295905756,-0.097187452450259518,-7.7430561573777803,0.0047330397526501589,-0.17699048190024477,0.0071168610369634448,
2.1520579999999998,-4.5410430006381119,-0.85766836036545324,-8.6574413107435024,-4.1410268720442112,-0.11153251512121312,-7.747203263553808,0.0055779337445209572,-0.17920680252841864,0.0073844258634222469,
2.1535259999999998,-4.5410429734070501,-0.86508469877450511,-8.660963813617899,-4.1612689831123033,-0.093548831519262104,-7.7644112831308769,0.0041490205616182569,-0.1796181635038101,0.008527561495301237,
2.1545239999999999,-4.4645903289843005,-0.92308087385857862,-8.6358268436689372,-4.1612689577248956,-0.10046305354797384,-7.7676952981834573,0.0044523679418414413,-0.1796172431114175,0.0085256260303138345,
2.154922,-4.4645903017532387,-0.93049721226763049,-8.6393493465433338,-4.1955749449917876,-0.07224472472720786,-7.7813734115832629,0.0032295306383757693,-0.18075353516344947,0.0086054284676417691,
2.1563240000000001,-4.4645902745221768,-0.93791355067668236,-8.6428718494177303,-4.25136469616477,-0.093356256072180857,-7.7971083924173366,0.0041661278320581285,-0.18344938865391205,0.0079337920559883375,
2.1577700000000002,-4.464590247291115,-0.94532988908573423,-8.6463943522921269,-4.3116285878755631,-0.095059858208238229,-7.7995791426376959,0.0051629270574919872,-0.18558077360411412,0.0087101674078385316,
2.1584539999999999,-4.3889390258699201,-0.92075819769212086,-8.6219017967113878,-4.3116285624881554,-0.10197408023694997,-7.8028631576902763,0.0054662744377151715,-0.18557985321172152,0.0087082319428511291,
2.1592099999999999,-4.3889389986388583,-0.92817453610117273,-8.6254242995857844,-4.3675437517263669,-0.043143828374815216,-7.802742110959703,0.0019639344177391827,-0.18940707415151858,0.0069672122918091996,
2.1606709999999998,-4.3889389717378702,-0.93550216726360724,-8.6288343711824922,-4.3429057713514725,-0.012534173772339889,-7.8043836655042238,0.00095334051158524943,-0.18771338499368415,0.0083850608183898938,
2.1620900000000001,-4.3889389448368821,-0.94282979842604175,-8.6322444427792,-4.2921784794804392,0.033510722518456736,-7.8071166126009643,-0.00085798774466058899,-0.18632772915109819,0.0082485248861671433,
2.1623899999999998,-4.4403287771189914,-0.91846603700549001,-8.6689078597434932,-4.2921784544007577,0.026679201893704561,-7.8102958084322465,-0.00055826515484374813,-0.18632683811373499,0.008246612571387044,
2.1634980000000001,-4.4403287502180033,-0.92579366816792452,-8.672317931340201,-4.1856306119951272,0.077598490157126068,-7.8123404325983756,-0.0033864730883788347,-0.18110669933050683,0.0082553194276098769,
2.164946,-4.4403287233170152,-0.93312129933035903,-8.6757280029369088,-4.090583310797915,0.09371023074540806,-7.8178830624747464,-0.003639734765021223,-0.17631534128720014,0.0068261222514123003,
2.166344,-4.4007652345907164,-0.86512661497107157,-8.6761171506262009,-4.0905832857182336,0.086878710120655886,-7.8210622583060285,-0.0033400121752043821,-0.17631445024983694,0.006824209936632201,
2.1663760000000001,-4.4007652076897283,-0.87245424613350608,-8.6795272222229087,-4.0593610341012436,0.068016073145994477,-7.8371511711212207,-0.0021532607923997697,-0.17475771190744357,0.0053673060477494689,
2.1678060000000001,-4.4007651807887402,-0.8797818772959406,-8.6829372938196165,-4.0869193207168983,0.093407692372898754,-7.8451887217146012,-0.0032019560970769538,-0.17560850297179631,0.0064785815701610266,
2.1692360000000002,-4.4007651538877521,-0.88710950845837511,-8.6863473654163244,-4.1534667492240827,0.15228829718636452,-7.8456305937515936,-0.0067479552283773794,-0.1797722801888284,0.0062746537541806353,
2.170328,-4.3682555822852329,-0.86756202122421344,-8.6863025735639532,-4.1534667233270035,0.14524329154208884,-7.8488424854867667,-0.0064388626820713309,-0.17977137996318152,0.0062726816795618274,
2.1706620000000001,-4.3682555545074866,-0.87511864086047408,-8.6897477154674636,-4.1343812396428277,0.13674595953472232,-7.843975483799924,-0.0061537749550883451,-0.17956415142737792,0.0079230070525472592,
2.1721149999999998,-4.3682555267297403,-0.88267526049673473,-8.693192857370974,-4.0365305434272125,0.079551248642240308,-7.8380913247019688,-0.0038195919142676202,-0.17487965798761995,0.007982489399615128,
2.173562,-4.3682554989519939,-0.89023188013299537,-8.6966379992744844,-3.9267336347411503,-0.0093027182787391582,-7.8319569461126806,0.00040706744284050873,-0.1699080334973069,0.0073339518294910869,
2.1742569999999999,-4.3379139414265557,-0.87034924358797194,-8.7187444063666213,-3.9267336088440712,-0.01634772392301484,-7.8351688378478537,0.00071615998914655759,-0.16990713327166002,0.007331979754872279,
2.1749499999999999,-4.3379139136488094,-0.87790586322423259,-8.7221895482701317,-3.8511446118026536,-0.09510477672980415,-7.8411300036758469,0.0043182342959513622,-0.16519700964577994,0.0059668417281484058,
2.1764100000000002,-4.3379138858710631,-0.88546248286049323,-8.7256346901736421,-3.8803437780950034,-0.13760329711216354,-7.8555790012216518,0.0064989475955475138,-0.16700156707004196,0.0058669040416387975,
2.1778209999999998,-4.3379138580933168,-0.89301910249675387,-8.7290798320771525,-3.9234677225517864,-0.10654183519909909,-7.8701312265231014,0.0040102725855854669,-0.16843868409175508,0.0070134030277817219,
2.1782240000000002,-4.1491507402876859,-0.98010868462458012,-8.6900410206497956,-3.9234676966547073,-0.11358684084337477,-7.8733431182582745,0.0043193651318915154,-0.16843778386610819,0.007011430953162914,
2.1792660000000001,-4.1491507125099396,-0.98766530426084076,-8.693486162553306,-3.983594667560844,-0.077441110155716891,-7.8764170060982286,0.0030229671597551151,-0.17178211059975898,0.0083854950000555959,
2.1806890000000001,-4.1491506850828968,-0.99513631108931955,-8.6968188731791258,-4.0025216154541585,-0.088598108434433442,-7.8737080609988546,0.0032744809039476431,-0.17254759985251747,0.0076205047121802785,
2.182131,-4.1491506576558539,-1.0026073179177983,-8.7001515838049457,-3.9895760207209072,-0.1206344502412677,-7.8655131914632523,0.0050087647058789965,-0.17244668167213456,0.0066735930544681524,
2.1821440000000001,-3.9730004162177597,-0.95654864933076345,-8.6622878339300975,-3.989575995150787,-0.1275996394142801,-7.8686202639771281,0.0053143591068454746,-0.17244581080236138,0.0066716433224929062,
2.1835640000000001,-3.9730003887907168,-0.96401965615924223,-8.6656205445559173,-3.9503997856524458,-0.13138045659869507,-7.8673605016360852,0.0056216253654325391,-0.1702559399719078,0.0062189299945320815,
2.1849949999999998,-3.973000361363674,-0.97149066298772102,-8.6689532551817372,-3.9258880052272724,-0.082536953539369087,-7.874751826199466,0.0036385467659420722,-0.16906244061948658,0.0063575472438749062,
2.1861410000000001,-4.0676566649266332,-0.92886599659591951,-8.6923865750007412,-3.9258879796571522,-0.089502142712381466,-7.8778588987133418,0.0039441411669085503,-0.1690615697497134,0.00635559751189966,
2.186442,-4.0676566374995904,-0.9363370034243983,-8.695719285626561,-3.9237841135950413,-0.02029851866300808,-7.8899652585442661,0.0011559755603566613,-0.16867588290353372,0.0075811363013343781,
2.1878549999999999,-4.0676566100725475,-0.94380801025287708,-8.6990519962523809,-3.9286378864145872,0.055148242755569336,-7.8972730107894513,-0.0026626120570994866,-0.16926229500588988,0.0084267585810013385,
2.1892860000000001,-4.0676565826455047,-0.95127901708135587,-8.7023847068782008,-3.8956594206023305,0.091154979602125208,-7.8927872589397836,-0.0044278552444397016,-0.16793172696692785,0.0079027250723000125,
2.1900729999999999,-4.0191008910395754,-0.88157618684040229,-8.7236101838682032,-3.8956593950322103,0.084189790429112829,-7.8958943314536594,-0.0041222608434732235,-0.16793085609715466,0.0079007753403247654,
2.190747,-4.0191008638497729,-0.88898839933100682,-8.7268469668901236,-3.8472315565804127,0.058915794241958502,-7.8908031168026209,-0.0026531794460020524,-0.16596038933076743,0.0073061126670708595,
2.1921520000000001,-4.0191008366599705,-0.89640061182161135,-8.7300837499120441,-3.7918901562628178,0.03005206031706038,-7.8818948830397035,-0.00087564490437752672,-0.16355439501156616,0.0069331596784038343,
2.1936119999999999,-4.0191008094701681,-0.90381282431221588,-8.7333205329339645,-3.7479542130253689,0.037657669643254989,-7.8861385101944048,-0.001216066048553155,-0.16115818184132952,0.0078853656737588543,
2.1940170000000001,-3.9737726666970654,-0.9208091303730791,-8.7530951922664464,-3.7479541876764269,0.030747294191471597,-7.8891561497946965,-0.00091287303926612651,-0.1611573360157742,0.0078834312855265935,
2.1950379999999998,-3.973772639507263,-0.92822134286368363,-8.7563319752883668,-3.7287272787112649,0.058765241901054664,-7.8980236434423157,-0.0027916059154910067,-0.16114056683371322,0.0069615561448557765,
2.1964489999999999,-3.9737726123174606,-0.93563355535428816,-8.7595687583102873,-3.690246199420645,0.041216936355563685,-7.912138714739144,-0.0018868904019633034,-0.15806862717747747,0.0092428333060212055,
2.1979000000000002,-3.9737725851276582,-0.94304576784489269,-8.7628055413322077,-3.7143721177388622,-0.001990925019560344,-7.9199538155976885,-0.00051877746678115995,-0.15959160957406907,0.0082932149548598892,
2.1979410000000001,-3.876801008498501,-0.95562363632589886,-8.7304032610092346,-3.7143720923899202,-0.0089013004713437358,-7.9229714551979802,-0.00021558445749413145,-0.15959076374851375,0.0082912805666276283,
2.199325,-3.8768009813086985,-0.96303584881650339,-8.733640044031155,-3.7412148117169988,-0.04693910824247112,-7.9185709197413088,0.0012831634947930097,-0.16080492755620152,0.0076422553683185698,
2.2007669999999999,-3.8768009536959895,-0.97054811482945536,-8.7368510400627795,-3.773865884058246,-0.12192522764168717,-7.919465775203065,0.0048885949174252716,-0.16199776272063773,0.0079451652915504684,
2.201873,-3.874147971633517,-0.99439305961102131,-8.7486616964022215,-3.77386585831503,-0.12892888258398311,-7.9224593736975546,0.0051958840915565649,-0.1619969236074808,0.0079432047920353112,
2.2022050000000002,-3.874147944020808,-1.0019053256239734,-8.7518726924338459,-3.7981806031288339,-0.16430697420600485,-7.9212482505623161,0.0070769632137802491,-0.16444766578768355,0.0069693638001173458,
2.20364,-3.874147916408099,-1.0094175916369255,-8.7550836884654704,-3.7511767154602143,-0.15023940792528323,-7.9288357681817123,0.0055823471820358964,-0.16119997845517278,0.0088960115655083768,
2.2050730000000001,-3.87414788879539,-1.0169298576498775,-8.7582946844970948,-3.7345307373589827,-0.16651000733595561,-7.9400965387262579,0.0067983515642195723,-0.16056084507958554,0.0077979226424690646,
2.2058249999999999,-3.8716706025678529,-1.0250582104458723,-8.7691648509748461,-3.7345307116157667,-0.17351366227825155,-7.9430901372207474,0.0071056407383508656,-0.16056000596642861,0.0077959621429539074,
2.2064729999999999,-3.8716705749551439,-1.0325704764588244,-8.7723758470064706,-3.7351157468822556,-0.18542507508050385,-7.9524585214086674,0.0082269692227607636,-0.1600501378191824,0.0074547023305759587,
2.207938,-3.8716705473424349,-1.0400827424717765,-8.775586843038095,-3.7802917100831537,-0.13256684480134473,-7.959383111507524,0.0050449009226142434,-0.16160185884722136,0.0070651868308136941,
2.209381,-3.8716705197297259,-1.0475950084847285,-8.7787978390697194,-3.8448826872752333,-0.091622404778256922,-7.9581572028713516,0.0035747093059926007,-0.16589427923840844,0.0053922860462345739,
2.2097669999999998,-3.8515613877417207,-1.0522749105358482,-8.7848785432787153,-3.8448826615320173,-0.098626059720552856,-7.9611508013658412,0.003881998480123894,-0.16589344012525151,0.0053903255467194168,
2.2107890000000001,-3.8515613605519183,-1.0596675249138279,-8.7879698876753682,-3.8397269387213524,-0.049018490446563645,-7.9622422173396759,0.002085190079765336,-0.16482020822530566,0.0088777852303110541,
2.2122269999999999,-3.8515613333621159,-1.0670601392918075,-8.7910612320720212,-3.8252480736132157,0.023369351525435948,-7.9519465223833059,-0.0013294444151095465,-0.16562055469905168,0.0065357119483294424,
2.2136719999999999,-3.8515613061723135,-1.0744527536697872,-8.7941525764686741,-3.723471009278815,0.039618665651644541,-7.9548899474329771,-0.0016990825672268371,-0.15998298035804986,0.0073922361184549593,
2.2136909999999999,-3.8968079875502504,-0.96483080099637386,-8.8035430330093867,-3.723470983929873,0.03272656144027087,-7.957771995196544,-0.0013966842680177402,-0.15998217248803953,0.0073903068447996843,
2.2150750000000001,-3.896807960360448,-0.97222341537435364,-8.8066343774060396,-3.6630717496429366,0.03893798183739456,-7.9623766797425342,-0.0015185799908478974,-0.15699777251404518,0.0063095589876524926,
2.2165370000000002,-3.8968079331706456,-0.97961602975233342,-8.8097257218026925,-3.6525486412542869,0.037188741975649274,-7.9766950262226883,-0.0013824525581471298,-0.15632385051877401,0.0061793201195706948,
2.2176230000000001,-3.9390470178806156,-0.94230818942502981,-8.8184321963534096,-3.6525486159053449,0.030296637764275602,-7.9795770739862553,-0.0010800542589380329,-0.15632304264876368,0.0061773908459154198,
2.2179549999999999,-3.9390469906908132,-0.94970080380300959,-8.8215235407500625,-3.6894811182316225,0.062356115263959754,-7.9891709748205413,-0.002623699527959762,-0.15718576721183247,0.0078175755325641128,
2.219376,-3.9390469635010108,-0.95709341818098936,-8.8246148851467154,-3.77573035308182,0.10759280023843654,-7.9853878187382765,-0.0054791049476766718,-0.1630047118991044,0.0064343208776580811,
2.2208380000000001,-3.9390469359089311,-0.96460877863277683,-8.8276886943899662,-3.7517300031850351,0.064646885505675697,-7.9823062772895028,-0.0033592530329099816,-0.16111001314894977,0.0091871895575705437,
2.2215669999999998,-3.8086959450236728,-0.92908952487501917,-8.8320178455975871,-3.7517299774610517,0.057640345630683487,-7.9851719771011247,-0.0030518302568262388,-0.16110920983867605,0.0091852282504916467,
2.2222430000000002,-3.8086959174315931,-0.93660488532680664,-8.8350916548408378,-3.7278152930006816,-0.0023906287670823617,-7.9710999163226441,-0.00031931276914031349,-0.16069610874991122,0.007775649088865709,
2.223662,-3.8086958898395133,-0.9441202457785941,-8.8381654640840885,-3.6586031356698734,-0.077418645148433815,-7.9655010072260675,0.0029195308204483452,-0.15714675489817048,0.0059081074916114851,
2.2250909999999999,-3.8086958622474336,-0.95163560623038157,-8.8412392733273393,-3.6442841134722022,-0.13106465647130261,-7.9792530793973429,0.0060824615584474905,-0.15520773955312114,0.0062471959740778666,
2.2254969999999998,-3.816276958138439,-0.98378973561606653,-8.8156625123820938,-3.6442840877482188,-0.13807119634629483,-7.9821187792089647,0.0063898843345312328,-0.15520693624284743,0.0062452346669989688,
2.2265320000000002,-3.8162769305463593,-0.991305096067854,-8.8187363216253445,-3.7232876171039964,-0.13613223203166619,-7.999435884812474,0.0061912754434342047,-0.15989320478407471,0.0059279411678336644,
2.227973,-3.8162769029542796,-0.99882045651964146,-8.8218101308685952,-3.777980384711273,-0.083275064799202436,-8.0127723573015626,0.0031661485393551952,-0.1609921887250268,0.0083078121635666632,
2.2293880000000001,-3.8162768753621998,-1.0063358169714289,-8.824883940111846,-3.8607403588208582,-0.054367659341357698,-8.0144738349334688,0.001222628998888703,-0.16655241037692817,0.0074416752346804079,
2.2294330000000002,-3.8233548924178451,-0.97017570893980987,-8.8000262816650761,-3.8607403330968748,-0.061374199216349914,-8.0173395347450906,0.0015300517749724457,-0.16655160706665445,0.0074397139276015101,
2.23082,-3.8233548649804874,-0.97766115648285423,-8.8030186040189928,-3.8318552887824224,-0.092393191101075717,-8.0100771748681225,0.0037932747965899287,-0.16450554576484888,0.008243350265357231,
2.232275,-3.8233548375431297,-0.9851466040258986,-8.8060109263729096,-3.7881813435969298,-0.11585029450039384,-7.99292540457495,0.0053111396377610925,-0.16303018150732934,0.0072694104896549256,
2.2333620000000001,-3.9022025527602135,-0.95134917159966448,-8.8529130835298879,-3.7881813180171933,-0.12282894669265544,-7.9957151344922366,0.0056173423104848384,-0.16302939946926059,0.0072674569890434828,
2.2337039999999999,-3.9022025253228558,-0.95883461914270884,-8.8559054058838047,-3.7051980316070168,-0.10459094145240837,-7.991478172301032,0.0045305585945929917,-0.15938678664996786,0.0051582797314380273,
2.2351109999999998,-3.9022024978854981,-0.96632006668575321,-8.8588977282377215,-3.6228400554918929,-0.070179384226719488,-8.0076108092084741,0.0039186681496202695,-0.15459541345394295,0.0080088093426422067,
2.2365849999999998,-3.9022024704481404,-0.97380551422879758,-8.8618900505916383,-3.6108125641965323,0.023720428942712896,-8.0248278541289277,-0.0004878833536430191,-0.1546078516222939,0.0079055522606090427,
2.237282,-3.7662864801791471,-0.96146991802932336,-8.8855392741950663,-3.6108125386167957,0.016741776750451305,-8.0276175840462152,-0.00018168068091927293,-0.15460706958422515,0.0079035987599976008,
2.2380239999999998,-3.7662864527417894,-0.96895536557236772,-8.8885315965489831,-3.5990995388855911,0.10983776340514051,-8.0374976327711831,-0.0048849839035668141,-0.15364351912557242,0.0087465208862204501,
2.2394449999999999,-3.7662864253044317,-0.97644081311541209,-8.8915239189028998,-3.6101904329048216,0.14385246568025539,-8.0364536628535586,-0.0065033841000487827,-0.15514522606235293,0.0063601660929706368,
2.2408679999999999,-3.7662863978980186,-0.98391078846427904,-8.8944440376839875,-3.5679130217978852,0.13408189869356155,-8.0278821500020587,-0.0055016972562899197,-0.15348737092993081,0.0069499921102187789,
2.2412160000000001,-3.639381182310832,-0.98414347710475858,-8.8628298789658526,-3.567912996246998,0.12711767116478123,-8.0306045648230988,-0.005196124147381259,-0.15348660773630687,0.0069480426474328406,
2.2423000000000002,-3.6393811549044188,-0.99161345245362553,-8.8657499977469403,-3.4932720714862704,0.09642848929958206,-8.0141456820955881,-0.0034078504839065663,-0.1499185457480455,0.0067114678349188888,
2.2437209999999999,-3.6393811274980057,-0.99908342780249249,-8.8686701165280279,-3.4206657301542909,0.091125366599610888,-8.0109982456033091,-0.0034937451362920635,-0.14755502799870848,0.0060945824651584025,
2.2451690000000002,-3.6393811000915925,-1.0065534031513594,-8.8715902353091156,-3.3153461350719704,0.056629495539810282,-8.0213522326310542,-0.0020232707968309573,-0.14188529100524364,0.0076238138293286128,
2.2451780000000001,-3.6251592289870578,-0.86641561920971433,-8.8878168934721398,-3.3153461095210832,0.049665268011029974,-8.0240746474520943,-0.0017176976879222966,-0.1418845278116197,0.0076218643665426746,
2.2465950000000001,-3.6251592015806446,-0.87388559455858128,-8.8907370122532274,-3.2670377668800596,0.019256663514208409,-8.0388941636395295,-2.3427428577034448e-05,-0.13944916287428977,0.0089442453764499805,
2.2480099999999998,-3.6251591741742315,-0.88135556990744823,-8.8936571310343151,-3.2579060946542224,0.005172900333305884,-8.0479002333002629,-0.00037566617335498583,-0.13923457433187697,0.0078743656993150238,
2.2491370000000002,-3.4713053376714362,-0.90334576765894647,-8.898412534613465,-3.2579060691033352,-0.0017913271954744237,-8.050622648121303,-7.0093064446325143e-05,-0.13923381113825303,0.0078724162365290864,
2.2494510000000001,-3.4713053102650231,-0.91081574300781343,-8.9013326533945527,-3.2830479017062628,-0.045886979136994133,-8.0581353169771504,0.0020570411331400488,-0.14034656707389181,0.0085924207091771388,
2.2508900000000001,-3.47130528285861,-0.91825683692754922,-8.9041743797251414,-3.323920794911869,-0.087978623692004279,-8.057868595091632,0.004114652666210061,-0.14298193966667011,0.0082502269656583652,
2.2523279999999999,-3.4713052554521968,-0.92569793084728502,-8.90701610605573,-3.3122522408187751,-0.093607376954022686,-8.0484279616408028,0.0040578670394382094,-0.14242840022752987,0.00916121513698194,
2.2531340000000002,-3.3275295324728367,-0.94268925591834229,-8.9111112893025695,-3.3122522152678879,-0.10054467844430454,-8.0510772915002047,0.0043622621030869014,-0.14242765749221387,0.0091592732114673479,
2.2537739999999999,-3.3275295050664235,-0.95013034983807809,-8.9139530156331581,-3.2837464372331149,-0.11905778042130521,-8.0556616381642581,0.0051010036847490767,-0.1410415303099177,0.0077824113608106387,
2.2551830000000002,-3.3275294776600104,-0.95757144375781389,-8.9167947419637468,-3.2665066793498911,-0.13088316734481459,-8.070960586052788,0.0063662458895394018,-0.13990053660259494,0.0074441458122382924,
2.2566139999999999,-3.3275294502535973,-0.96501253767754969,-8.9196364682943354,-3.2883130585577418,-0.088124421966560895,-8.0863226634351459,0.004592029326862139,-0.14070409989685792,0.0075118647305217577,
2.2571129999999999,-3.3626228799989755,-1.0180580545503453,-8.9118209735012481,-3.2883130330068546,-0.095061723456842745,-8.0889719932945479,0.0048964243905108311,-0.14070335716154192,0.0075099228050071664,
2.258073,-3.3626228525925623,-1.0254991484700811,-8.9146626998318368,-3.3321950973548988,-0.036582827637129819,-8.1025199369024516,0.0017369164477235737,-0.14273410928430411,0.0073555865227626751,
2.2595209999999999,-3.3626228251861492,-1.0329402423898169,-8.9175044261624254,-3.3614857179745807,0.012434254720029479,-8.1076496521601467,-0.00031310898006491018,-0.14462456554193737,0.0076628216091242738,
2.2609080000000001,-3.3626227980685504,-1.0403266678901257,-8.9202605396852324,-3.3331084842258676,0.058983663250401781,-8.1046109555285692,-0.0025491829181921309,-0.1435887304573433,0.0086263961069524501,
2.2610730000000001,-3.3844141526734566,-0.96529181992817858,-8.931685921176479,-3.3331084589442406,0.052097328904420613,-8.1071804689167077,-0.0022470209092079717,-0.14358801007647329,0.0086244684484304106,
2.2623419999999999,-3.3844141255558577,-0.97267824542848735,-8.9344420346992859,-3.256060759277716,0.067666779958101816,-8.0909409342917726,-0.0027530788337219894,-0.14073722379928885,0.0068967782050403468,
2.2637779999999998,-3.3844140984382589,-0.98006467092879612,-8.9371981482220928,-3.1246487236660831,0.055340981384064986,-8.0888781128810106,-0.0017612077048803215,-0.13415737579587797,0.0065203878584186043,
2.2650009999999998,-3.4047500217256363,-0.91188040776469392,-8.9747951121888505,-3.1246486983844561,0.048454647038083817,-8.091447626269149,-0.0014590456958961621,-0.13415665541500796,0.0065184601998965648,
2.2652459999999999,-3.4047499946080375,-0.91926683326500269,-8.9775512257116574,-3.0306541721049309,0.044331764360870211,-8.0977983942432363,-0.0010931030101809225,-0.12977618521519393,0.0060161649517217674,
2.2666590000000002,-3.4047499674904387,-0.92665325876531146,-8.9803073392344643,-2.9908183580901686,0.066202631061488992,-8.1108558504607835,-0.0023111615257075989,-0.12717152104151863,0.007989709192062544,
2.268122,-3.4047499403728398,-0.93403968426562023,-8.9830634527572712,-3.0405278047076929,0.096655634698049123,-8.1282831632178354,-0.0036532718968591039,-0.12928486017114571,0.0083227559022593968,
2.2689499999999998,-3.2264106995760691,-0.89476999205057639,-8.9469373642112746,-3.0405277794260659,0.089769300352067954,-8.1308526766059739,-0.0033511098878749447,-0.1292841397902757,0.0083208282437373573,
2.2695370000000001,-3.2264106724584702,-0.90215641755088516,-8.9496934777340815,-3.127658119790159,0.11396073647123761,-8.1308943530547442,-0.0051439393003225795,-0.13472479519300284,0.0073228810703787166,
2.2709510000000002,-3.2264106447529279,-0.90970272239102756,-8.9524434023792185,-3.1230002699547397,0.065902240939516771,-8.1210827287597613,-0.0035747365412272906,-0.13408097816183923,0.0092079367484517866,
2.2723810000000002,-3.2264106170473856,-0.91724902723116997,-8.9551933270243556,-3.0917369631273401,-0.039106347788986758,-8.1020755184680322,0.001958975493565814,-0.13282937151299382,0.0077060715255422019,
2.272872,-3.3044254809242415,-0.84960253112081341,-8.9202954090367701,-3.091736937297576,-0.046141736990941623,-8.1046392619907781,0.0022676811448443706,-0.13282865272319083,0.007704102142809679,
2.273806,-3.3044254532186992,-0.85714883596095581,-8.9230453336819071,-3.0374607185478211,-0.14540535214055442,-8.0988840586100981,0.0063635787958451241,-0.12963855120857448,0.0062567708397208146,
2.2752430000000001,-3.3044254255131569,-0.86469514080109822,-8.9257952583270441,-3.058732199531792,-0.2103105053350014,-8.1125253766500851,0.0094649436390705378,-0.12967033624274435,0.00622211644805517,
2.2766999999999999,-3.3044253978076146,-0.87224144564124062,-8.9285451829721811,-3.1557202512631628,-0.21024025287529735,-8.1379244164704811,0.010137482040598521,-0.13405885853314162,0.0068450134103541921,
2.2768139999999999,-3.3772581185090509,-0.80966433345393196,-8.9672403870372701,-3.1557202254333987,-0.21727564207725222,-8.1404881599932271,0.010446187691877077,-0.13405813974333863,0.0068430440276216692,
2.2780909999999999,-3.3772580908035086,-0.81721063829407437,-8.9699903116824071,-3.2759473059766782,-0.13571097963048995,-8.1623278101197148,0.0057976039350775416,-0.1388603736495366,0.0091195855262965753,
2.279531,-3.3772580630979663,-0.82475694313421677,-8.9727402363275441,-3.407518521531951,-0.079173323467957135,-8.1667680990616081,0.0031676155860279327,-0.14587454838316724,0.0088786027770962304,
2.280767,-3.3397287041717298,-0.95068509879352436,-8.9718916515627729,-3.407518495836817,-0.086167361967932135,-8.1692549110457868,0.0034745101759422964,-0.14587385113433535,0.0088766449694663123,
2.2809759999999999,-3.3397286766105947,-0.95818705001035798,-8.9745590578389631,-3.4522735073535551,-0.092068393718303429,-8.1627637040279097,0.003997261730237363,-0.14726080255247775,0.01033610389526589,
2.2824089999999999,-3.3397286490494595,-0.96568900122719159,-8.9772264641151533,-3.4750820570044576,-0.095469633624309172,-8.1430168251881998,0.0048668130843088813,-0.14888709554217097,0.007518468063681635,
2.2838470000000002,-3.3397286214883244,-0.9731909524440252,-8.9798938703913436,-3.4393748511185045,-0.09838407779838472,-8.1380958515284441,0.004368904509219439,-0.14674530812444708,0.0063109696360974217,
2.2847209999999998,-3.4453653275231129,-0.94877387537567337,-8.9787309911696056,-3.4393748254233705,-0.10537811629835972,-8.1405826635126228,0.0046757990991338032,-0.14674461087561519,0.0063090118284675045,
2.285256,-3.4453652999619777,-0.95627582659250698,-8.9813983974457958,-3.4208019040293451,-0.080213196592072877,-8.1474735897731012,0.0044567219689898921,-0.14489086565323911,0.007899989637774274,
2.2866870000000001,-3.4453652724008426,-0.9637777778093406,-8.984065803721986,-3.4738956676237205,-0.0022325988976790029,-8.170023525019003,0.00059194181673379899,-0.14743693020526319,0.0081594218686253522,
2.288125,-3.4453652448397074,-0.97127972902617421,-8.9867332099981763,-3.537466886585992,0.081956711768338172,-8.1805378705485712,-0.0037008754123369326,-0.14990704448639489,0.0092432251316101229,
2.2886649999999999,-3.5439850414998375,-0.9470810848345772,-8.9621425771928678,-3.5374668608908579,0.074962673268363172,-8.1830246825327499,-0.0033939808224225688,-0.14990634723756299,0.0092412673239802047,
2.2895780000000001,-3.5439850139387024,-0.95458303605141082,-8.964809983469058,-3.6048684280534484,0.11233540526318028,-8.1826837839583551,-0.0053723275568459562,-0.15395121463646641,0.0083774152138411107,
2.2909899999999999,-3.5439849860474935,-0.96218710374981564,-8.9674485083161173,-3.5982972535234148,0.079764224620886309,-8.1741252715012909,-0.0038148287830924799,-0.15301153349113603,0.0095342420916937915,
2.2924340000000001,-3.5439849581562846,-0.96979117144822047,-8.9700870331631766,-3.586150195553365,0.031929903609854794,-8.1586903443527348,-0.0013399555439995332,-0.15281546734719245,0.0083594173535522752,
2.2925800000000001,-3.6024913416943689,-0.83872015196583471,-9.0304916854873554,-3.5861501695505051,0.024840662330903054,-8.161150230298416,-0.0010288802022741551,-0.15281477762212309,0.0083574328962676431,
2.293882,-3.60249131380316,-0.84632421966423954,-9.0331302103344147,-3.5558753871399151,0.0025363303454054523,-8.1569501346516518,-0.00061529915421073536,-0.15124490842842778,0.0073422413857850057,
2.2952940000000002,-3.6024912859119511,-0.85392828736264437,-9.0357687351814739,-3.531108776401731,-0.011227282905901477,-8.1626013871802119,2.8568440039710374e-05,-0.1498712147448453,0.0069188336242964419,
2.2965100000000001,-3.5651384136880333,-0.89391610742271244,-9.0932831864559969,-3.5311087503988712,-0.018316524184853217,-8.1650612731258931,0.00033964378176508836,-0.14987052501977594,0.0069168491670118107,
2.2967080000000002,-3.5651383857968244,-0.90152017512111726,-9.0959217113030562,-3.5279868185505259,-0.052625876997383927,-8.1798355215199443,0.0014600570735387002,-0.14976844135411382,0.0067263679577302072,
2.298146,-3.5651383579056155,-0.90912424281952209,-9.0985602361501154,-3.5270452765988698,-0.059605037504738695,-8.1751542515554441,0.0015452003115063527,-0.14993480275216789,0.0070652219397424687,
2.2995939999999999,-3.5651383300144066,-0.91672831051792691,-9.1011987609971747,-3.5120084311938529,-0.11321966896093941,-8.1712817516103033,0.0038582280364139044,-0.14895946494162191,0.0070645238819705813,
2.3004549999999999,-3.5302607292133974,-0.94972398781286682,-9.0537710837122471,-3.5120084048736504,-0.12037334040344104,-8.1737002868540038,0.0041721340338492187,-0.14895878677771687,0.0070625213890551097,
2.3010470000000001,-3.5302607009818003,-0.95739716464526414,-9.0563652549359972,-3.5183806938110767,-0.19232726851061982,-8.1680712332231735,0.008193714327546224,-0.14958571442295376,0.0068119177318983924,
2.3024619999999998,-3.5302606727502033,-0.96507034147766146,-9.0589594261597473,-3.5306448402185469,-0.21077600350391801,-8.162727764592308,0.0087745282672419943,-0.15029628801210324,0.0063351221097839167,
2.3038799999999999,-3.5302606445186062,-0.97274351831005879,-9.0615535973834973,-3.5383338250853464,-0.18960365894835834,-8.1716361384455762,0.0076793751518814957,-0.15026661286317045,0.0072942774542324625,
2.3043830000000001,-3.5092970694565908,-0.99755324626976483,-9.0545348204700673,-3.538333798765144,-0.19675733039085996,-8.1740546736892767,0.0079932811493168103,-0.15026593469926541,0.0072922749613169909,
2.305348,-3.5092970412249938,-1.0052264231021621,-9.0571289916938174,-3.5707662203740935,-0.16444649918939719,-8.1841349554705189,0.0068256360315130668,-0.15173903778061984,0.007636046742418379,
2.3067950000000002,-3.5092970129933967,-1.0128995999345596,-9.0597231629175674,-3.6157273509456194,-0.10891391409660656,-8.1985690971915606,0.0043775597884737468,-0.15304258248655245,0.0088565803624702805,
2.308192,-3.5092969847617996,-1.020572776766957,-9.0623173341413175,-3.6904011090471065,-0.028475715298689391,-8.2014829954660939,0.00077719345144588049,-0.15707561367873107,0.0071839510463722958,
2.3083170000000002,-3.5036991976191212,-0.98187847856360866,-9.0552658460755975,-3.690401082726904,-0.035629386741191024,-8.2039015307097944,0.0010910994488811947,-0.15707493551482604,0.0071819485534568243,
2.3096480000000001,-3.5036991693875241,-0.98955165539600598,-9.0578600172993475,-3.73105281861613,0.027848308139299685,-8.2042025508147773,-0.0016545627913870813,-0.15938746256215328,0.0069072960555570063,
2.3110490000000001,-3.5036991412797045,-0.99720626559539038,-9.0603819849502703,-3.7138987960245391,0.060545862447339074,-8.2011808944310758,-0.0029170046189137093,-0.15877321727548485,0.0076228279591737478,
2.3122419999999999,-3.53911640305637,-0.9611337740483944,-9.0809718454309269,-3.7138987698197337,0.053409500601015,-8.2035321145785307,-0.0026038548303602537,-0.15877255795982398,0.0076208303116532755,
2.3124899999999999,-3.5391163749485504,-0.9687883842477788,-9.0834938130818497,-3.6404555571479147,0.097669834944549186,-8.1942573550239501,-0.0046472326232045325,-0.1562948479891581,0.0071939062414534214,
2.3139280000000002,-3.5391163468407307,-0.9764429944471632,-9.0860157807327724,-3.5090743036068326,0.11388028957640371,-8.1910382204417722,-0.0051198941017477463,-0.14934973427130413,0.0077433900325782467,
2.3153389999999998,-3.5391163187329111,-0.98409760464654761,-9.0885377483836951,-3.4308780488104063,0.092897084917526004,-8.1945332115998415,-0.0038803296082971011,-0.14579724356844667,0.0053143754236009899,
2.3161770000000002,-3.5399577680304772,-0.89784129641441124,-9.0789044953814084,-3.4308780226056008,0.08576072307120193,-8.1968844317472964,-0.0035671798197436455,-0.1457965842527858,0.0053123777760805176,
2.3167819999999999,-3.5399577399226576,-0.90549590661379564,-9.0814264630323311,-3.4083006999218481,0.059538041041353532,-8.2072482374221973,-0.0019374183850492811,-0.14419028455903679,0.0067646220651406512,
2.3182100000000001,-3.539957711814838,-0.91315051681318005,-9.0839484306832539,-3.4679336959359119,0.075739263810598229,-8.2127971278833876,-0.0030541006440725741,-0.14744530426603317,0.006472247088616918,
2.3196539999999999,-3.5399576837070184,-0.92080512701256445,-9.0864703983341766,-3.5181505453848914,0.11438052235179846,-8.2110131202849956,-0.0055761291595743459,-0.15144397554948411,0.0059581899950582875,
2.3201360000000002,-3.5436018480097236,-0.92999931927294965,-9.0768946973454394,-3.5181505187473463,0.10714414950533731,-8.213334529461255,-0.005258587387176359,-0.15144332455966261,0.0059561643519349897,
2.3210790000000001,-3.5436018194377383,-0.93776120335196422,-9.0793846891283945,-3.4526583989310664,0.074416575963545811,-8.2123327085820907,-0.0034555925808810906,-0.14797564563227916,0.0085564394403878329,
2.3225030000000002,-3.5436017908657531,-0.94552308743097879,-9.0818746809113495,-3.3635641536693055,0.01580343298222664,-8.1995472433957435,-0.0008314058517850235,-0.14475427823577067,0.0077647739074447816,
2.3239519999999998,-3.5436017622937679,-0.95328497150999336,-9.0843646726943046,-3.2371440833810841,-0.063143737638481051,-8.1920112589015943,0.0022666973858684689,-0.13799925322448783,0.0057677125060320595,
2.3240820000000002,-3.5063456637892276,-0.95882797654948748,-9.1003042659678695,-3.237144056743539,-0.070380110484942207,-8.1943326680778537,0.0025842391582664558,-0.13799860223466634,0.0057656868629087617,
2.3254069999999998,-3.5063456352172424,-0.96658986062850205,-9.1027942577508245,-3.2031576818443077,-0.1682786650921097,-8.2046480035091154,0.007870569143563497,-0.13571805905717821,0.0052676537483782749,
2.326857,-3.5063456066452572,-0.97435174470751662,-9.1052842495337796,-3.2552296943143602,-0.18699055263978087,-8.2207137786290154,0.0091520303920256292,-0.13834609724253744,0.0062826695233995488,
2.3280370000000001,-3.3365216497254377,-1.0268152379856057,-9.0648300308769123,-3.2552296676768151,-0.19422692548624204,-8.2230351878052748,0.0094695721644236161,-0.13834544625271594,0.006280643880276251,
2.3282919999999998,-3.3365216211534525,-1.0345771220646203,-9.0673200226598674,-3.3348178457044906,-0.11959410738049256,-8.238494710469638,0.005006600957733533,-0.14188595610493751,0.0081356790818516052,
2.329739,-3.3365215925814673,-1.0423390061436348,-9.0698100144428224,-3.420990181123222,-0.073994685517229875,-8.2435841115907085,0.0027186443555482667,-0.14679232609976292,0.0089477673938122872,
2.331118,-3.3365215637825565,-1.0502009437449968,-9.0722639044393638,-3.4369241212391146,-0.076605064875715001,-8.2475874834264218,0.0034003391084919858,-0.14718262693378986,0.010025404450922447,
2.3319540000000001,-3.1889823436458098,-0.9410443313120429,-9.0332350803658947,-3.4369240943900077,-0.083934717212688664,-8.2498752350545583,0.0037219775688083464,-0.14718198535627025,0.01002335269652619,
2.332576,-3.188982314846899,-0.9489062689134049,-9.0356889703624361,-3.4294865716506591,-0.052968456900804206,-8.2408251089949864,0.0026466046912693641,-0.14769758091166069,0.0073839505170267983,
2.3339669999999999,-3.1889822860479882,-0.95676820651476691,-9.0381428603589775,-3.3758431275162639,-0.01110751002752762,-8.2405172054926048,0.00019624502933258785,-0.14447170558750119,0.0072570261928976334,
2.3354159999999999,-3.1889822572490774,-0.96463014411612891,-9.0405967503555189,-3.3528792266607192,0.023313429964502516,-8.2543067686067797,-0.00018748358438381034,-0.14318243952487719,0.0084919215897839486,
2.3358690000000002,-3.3357314106525928,-0.8651534585163273,-9.0932783489501841,-3.3528791998116123,0.01598377762752886,-8.2565945202349162,0.00013415487593255028,-0.14318179794735758,0.0084898698353876919,
2.336843,-3.335731381853682,-0.8730153961176893,-9.0957322389467254,-3.3674419972238048,0.1010639852959941,-8.2730750431526818,-0.0041716580760114827,-0.1444661322255037,0.0086664170405112914,
2.3383080000000001,-3.3357313530547712,-0.8808773337190513,-9.0981861289432668,-3.3480647317646168,0.1817778368279406,-8.2777912102398403,-0.0081670982545197657,-0.14396313917033068,0.0096488341717618099,
2.33969,-3.3357313242558604,-0.8887392713204133,-9.1006400189398082,-3.2767264026171299,0.18403505850081006,-8.2771344374777041,-0.0084474943231442629,-0.14106007302293336,0.0085547767324124727,
2.3398409999999998,-3.2774771824519915,-0.82138533923454293,-9.1021736109756812,-3.2767263757680229,0.1767054061638364,-8.2794221891058406,-0.0081258558628279024,-0.14105943144541375,0.008552724978016216,
2.341164,-3.2774771535808771,-0.82926584346891796,-9.1045635492362891,-3.1824118478201728,0.10934040557944841,-8.2754676032933876,-0.0047329657592282493,-0.13667595167094068,0.0091257401197352706,
2.342565,-3.2774771247097627,-0.83714634770329299,-9.1069534874968969,-3.1054593848378507,0.065024932825673176,-8.2650346399252541,-0.0022163147147330228,-0.13335207063178903,0.007190660825263033,
2.3437929999999998,-3.2230764827829552,-0.86743602360320471,-9.1081488679507885,-3.1054593579214287,0.057677970892521829,-8.2672627696110013,-0.0018939131409565326,-0.13335144574098662,0.007188604225474393,
2.3440249999999998,-3.2230764539118408,-0.87531652783757974,-9.1105388062113963,-3.0409735329240464,0.038632840435789809,-8.2644130312735999,-0.002082382570229122,-0.13096524548946872,0.006655626919873649,
2.345453,-3.2230764250407264,-0.88319703207195477,-9.1129287444720042,-2.9791335801487921,-0.016272647353606777,-8.2742295240776151,0.00096786986862278839,-0.12742899100718405,0.0070521399280626404,
2.3468640000000001,-3.2230763961696121,-0.8910775363063298,-9.115318682732612,-2.9646076865177746,-0.054017855466188126,-8.2854618838521432,0.0029945697954838575,-0.12703760134767131,0.0085072518638028127,
2.347747,-3.0869551715454722,-0.91530641887935094,-9.0894574491071456,-2.9646076596013526,-0.061364817399339473,-8.2876900135378904,0.0033169713692603477,-0.1270369764568689,0.0085051952640141718,
2.3483049999999999,-3.0869551426743578,-0.92318692311372597,-9.0918473873677534,-2.9654114952081847,-0.076054705820647717,-8.2856165641633073,0.0027954934899940089,-0.12734046273690997,0.0062733238845677159,
2.3497340000000002,-3.0869551138032434,-0.931067427348101,-9.0942373256283613,-2.9712845936321655,-0.12896942300038253,-8.2884210525617714,0.0056817761885672412,-0.1272282117027552,0.0078577383283373256,
2.3511600000000001,-3.086955084230723,-0.93909852760580304,-9.096602508378286,-3.0014477864287148,-0.18578247348921018,-8.2919196729090068,0.0083728341424603118,-0.12941551272763036,0.0067327110516371691,
2.3516560000000002,-3.0542574297151299,-1.0040753878105029,-9.1160852628457594,-3.0014477588583746,-0.19326983548024623,-8.2941247231331836,0.0087014003648642705,-0.12941489426864003,0.0067306151503266527,
2.3525839999999998,-3.0542574001426095,-1.0121064880682049,-9.1184504455956841,-2.9970579299966604,-0.18487300244253635,-8.2954493048274163,0.008296097998833997,-0.12898607745783128,0.0079345493480030213,
2.354034,-3.0542573705700891,-1.020137588325907,-9.1208156283456088,-2.9895207201764951,-0.16547706354132019,-8.3030940804134161,0.0067210258426573955,-0.12836211257013388,0.0076212657564010645,
2.3554689999999998,-3.0542573409975686,-1.028168688583609,-9.1231808110955335,-3.0177283446433352,-0.17362870269670597,-8.3152333144411248,0.0080048848364189934,-0.12964296282429658,0.0073212259363932726,
2.3556020000000002,-3.0237243938029681,-1.0209569323118932,-9.1414989019127386,-3.0177283170729949,-0.18111606468774202,-8.3174383646653016,0.0083334510588229521,-0.12964234436530625,0.0073191300350827562,
2.3568950000000002,-3.0237243642304477,-1.0289880325695953,-9.1438640846626633,-3.0453451272140568,-0.13765079697234545,-8.3238555172128716,0.0066456299277655919,-0.13072104086583863,0.008116744134864377,
2.358317,-3.0237243346579272,-1.0370191328272973,-9.146229267412588,-3.0559547404608409,-0.055110969872933097,-8.322363750210112,0.0019852724004187344,-0.13188880042580148,0.0067855359752032772,
2.3595480000000002,-3.0285673474751276,-1.0288099649408304,-9.1520867409794011,-3.0559547128905007,-0.062598331863969153,-8.3245688004342888,0.0023138386228226939,-0.13188818196681115,0.0067834400738927608,
2.3597540000000001,-3.0285673179026071,-1.0368410651985325,-9.1544519237293258,-3.0202332933913918,-0.015669292087125565,-8.3278683093121852,0.0010857213976627406,-0.13026351550898399,0.0076119997010279453,
2.3612000000000002,-3.0285672885807364,-1.0448113081591366,-9.1567294307122449,-2.9581649817830291,0.045019384217626114,-8.3292721307729689,-0.0015014868674602774,-0.12785653185315773,0.0084178765991585868,
2.3626360000000002,-3.0285672592588657,-1.0527815511197407,-9.1590069376951639,-2.8484132274437264,0.1056128527724696,-8.325972577989047,-0.0043430230397783175,-0.12315654541052654,0.0068742883972056461,
2.3635619999999999,-3.0078113942711213,-0.9210541116062525,-9.1688481996864954,-2.8484132001070659,0.098182227791126647,-8.3280958884534968,-0.0040169430575576091,-0.12315594984279678,0.0068722083780153207,
2.3640460000000001,-3.0078113649492506,-0.92902435456685661,-9.1711257066694145,-2.7193437483486416,0.11644123636025623,-8.3298543959367848,-0.0050816714765221215,-0.11680478323928047,0.0059093845677199554,
2.3654839999999999,-3.0078113356273799,-0.93699459752746073,-9.1734032136523336,-2.6390038218326421,0.070907772829264859,-8.3379958062419011,-0.0027845517819344735,-0.11269702857364838,0.0057758384738542572,
2.3669310000000001,-3.0078113063055092,-0.94496484048806484,-9.1756807206352526,-2.6229196362576883,0.045493882647364488,-8.3422695856820255,-0.00089775207154000713,-0.11161629643628951,0.0069042866531141053,
2.367534,-2.9884268551023867,-0.90574916490910273,-9.1847918465240337,-2.6229196089210278,0.03806325766602154,-8.3443928961464753,-0.00057167208931929855,-0.11161570086855975,0.0069022066339237799,
2.36836,-2.988426825780516,-0.91371940786970685,-9.1870693535069528,-2.6611400110618422,0.052387761510134682,-8.3372829571676501,-0.0023967122055550067,-0.1146719899158128,0.004719014731057492,
2.3697849999999998,-2.9884267964586453,-0.92168965083031096,-9.1893468604898718,-2.6433086993505897,-0.011746450422475734,-8.3366546415901084,0.00087586851604314802,-0.11379316092891903,0.0072798116458187481,
2.3712149999999999,-2.9884267667417177,-0.9297898602220056,-9.1915913601252122,-2.5886316338500697,-0.073081892292912107,-8.3296379756161141,0.0037417581382999474,-0.11201025536255305,0.0077694441044435297,
2.3714580000000001,-2.7927451767471179,-0.89244052575362542,-9.1908241990731856,-2.5886316061450994,-0.080633684447498091,-8.3317305134651374,0.0040731588871622659,-0.11200966839267933,0.0077673301675121112,
2.3726639999999999,-2.7927451470301903,-0.90054073514532007,-9.1930686987085259,-2.4691133564410608,-0.12223940811050941,-8.3187289718730906,0.0052536090710448785,-0.10686905370124451,0.0057347549177424921,
2.3740939999999999,-2.7927451173132627,-0.90864094453701472,-9.1953131983438663,-2.3370631809245914,-0.22144898908870536,-8.3217353540097232,0.010358962406235211,-0.098943020628867562,0.0064688011519928694,
2.375407,-2.730410382343841,-1.0092809215597889,-9.166416497440224,-2.3370631532196211,-0.22900078124329135,-8.3238278918587465,0.01069036315509753,-0.098942433658993842,0.0064666872150614509,
2.3755250000000001,-2.7304103526269135,-1.0173811309514835,-9.1686609970755644,-2.3506709499982783,-0.2745308992866719,-8.3342450573319997,0.01304118778525111,-0.10064081933071843,0.0040929440476483144,
2.3769390000000001,-2.7304103229099859,-1.0254813403431782,-9.1709054967109047,-2.386915921692387,-0.23540830244572791,-8.3483902202881772,0.011075227087967269,-0.1006047124510778,0.0067615923184484485,
2.3783799999999999,-2.7304102931930583,-1.0335815497348728,-9.1731499963462451,-2.5218040340545946,-0.18132412745424015,-8.3561555007203605,0.0086409854493958004,-0.10779866191597227,0.0060247972816879205,
2.379321,-2.6722458008540069,-1.0818373717663909,-9.1452369225014998,-2.5218040063496243,-0.18887591960882613,-8.3582480385693838,0.0089723861982581189,-0.10779807494609855,0.006022683344756502,
2.379813,-2.6722457711370793,-1.0899375811580856,-9.1474814221368401,-2.6163552258374021,-0.15011388583229512,-8.3671199754229466,0.0070134842078932525,-0.11245121458610012,0.0065844812205393972,
2.381246,-2.6722457420204728,-1.0978634704953811,-9.1496083330964311,-2.6312043871679074,-0.078312657972228264,-8.3606302268102528,0.004094555222059728,-0.11309473251347155,0.0083285883190081442,
2.3826670000000001,-2.6722457129038664,-1.1057893598326767,-9.151735244056022,-2.5706376895197511,-0.03812035060812223,-8.3523251283576858,0.00219094463868913,-0.11109210073122761,0.005078781491201321,
2.3832620000000002,-2.7043808928478135,-1.0768224604230094,-9.1860242088432535,-2.5706376623744576,-0.045509624887485348,-8.3543080387642501,0.0025152170118347803,-0.11109154447338494,0.0050767130471166873,
2.384115,-2.704380863731207,-1.084748349760305,-9.1881511198028445,-2.4662772523096361,-0.0348615186363848,-8.3561543212365983,0.003081763438980336,-0.10474571419191807,0.0070625692581439102,
2.3855520000000001,-2.7043808346146005,-1.0926742390976005,-9.1902780307624354,-2.4393121924716352,0.025092783837022847,-8.3663177983346291,-3.5814660583086393e-05,-0.10425304842565934,0.0052109298431063517,
2.386962,-2.7043808054979941,-1.1006001284348961,-9.1924049417220264,-2.4148958976835773,0.0894144573690272,-8.3793474625685374,-0.0026633833671329526,-0.10197378507002065,0.0070421563536073629,
2.3872040000000001,-2.5742248504975844,-0.99546375840043355,-9.1704727270359374,-2.4148958705382837,0.082025183089664083,-8.3813303729751016,-0.0023391109939873023,-0.10197322881217799,0.0070400879095227293,
2.3883999999999999,-2.574224821380978,-1.0033896477377291,-9.1725996379955284,-2.4477002707948072,0.14523544617235382,-8.3888389109649015,-0.0054437687236018849,-0.10414336407860558,0.0070098923506536712,
2.3898670000000002,-2.5742247922643715,-1.0113155370750246,-9.1747265489551193,-2.4444653703930848,0.15809570272455759,-8.3946805436682403,-0.0066909557569753341,-0.1045665632264635,0.0070892934231350469,
2.3911560000000001,-2.4526881744030451,-0.95198064369708713,-9.1534921385920569,-2.4444653433497257,0.15074970243563837,-8.3965894074689356,-0.006368579032160618,-0.10456602770059183,0.0070872370925277647,
2.391286,-2.4526881453957756,-0.95986011645185032,-9.1555396256215378,-2.3838969428918699,0.13826348258962562,-8.3889385688040612,-0.0048227137694023857,-0.10144550919380707,0.0088107899219200501,
2.3927139999999998,-2.4526881163885061,-0.96773958920661352,-9.1575871126510187,-2.3128265557940271,0.12181814819630522,-8.3740780938462258,-0.005202678811257317,-0.099639555492643042,0.004770636809962911,
2.394164,-2.4526880873812367,-0.97561906196137671,-9.1596345996804995,-2.1791059746461441,0.026331111985998468,-8.3731221340334034,-0.00016700521511158178,-0.091925784817966094,0.0063550171381231502,
2.3951120000000001,-2.4650720181779153,-0.85130145209950048,-9.1939286650344307,-2.179105947602785,0.018985111697079241,-8.3750309978340987,0.0001553715097031341,-0.091925249292094419,0.0063529608075158679,
2.3955700000000002,-2.4650719891706458,-0.85918092485426367,-9.1959761520639116,-2.1331041327618205,-0.058208295538095631,-8.3765077918234798,0.0032647089052516773,-0.090445321812420224,0.0048283750084165767,
2.3970129999999998,-2.4650719601633764,-0.86706039760902687,-9.1980236390933925,-2.1182736903785693,-0.081844556044550806,-8.3817628655335881,0.0040047201922023892,-0.089137354120811974,0.0057416416448666189,
2.398479,-2.4650719311561069,-0.87493987036379006,-9.2000711261228734,-2.1603692720249708,-0.14758570554834893,-8.3899615112445804,0.0070815555567818496,-0.090337107464054281,0.006756986061394272,
2.3990330000000002,-2.3093380053166217,-1.0108380761212994,-9.2296383886718303,-2.1603692449816116,-0.15493170583726815,-8.3918703750452757,0.0074039322815965657,-0.090336571938182605,0.0067549297307869897,
2.399858,-2.3093379763093522,-1.0187175488760627,-9.2316858757013112,-2.2479893132909199,-0.19048197579941967,-8.3964279499515122,0.0084524268026426735,-0.095968772201971239,0.0060680597982408239,
2.4013390000000001,-2.3093379472897047,-1.0266135253046151,-9.2336714739540824,-2.2565303109828942,-0.16698927381536105,-8.3922216078299208,0.0076378115772085895,-0.095312444441903579,0.0090566621925940137,
2.4027630000000002,-2.3093379182700571,-1.0345095017331676,-9.2356570722068536,-2.248011601295115,-0.1475431174723813,-8.3873089485007633,0.0066795501744740804,-0.096109235831318973,0.0060716901664089329,
2.4029699999999998,-2.1639485203010875,-1.1793931874813939,-9.2098036341606306,-2.2480115742402162,-0.15490450406901388,-8.3891601136475327,0.0070026054780895821,-0.096108716456236462,0.0060696295287888252,
2.4041830000000002,-2.16394849128144,-1.1872891639099463,-9.2117892324134019,-2.1872765691867544,-0.16586340775364175,-8.392903790718572,0.0084065216592567032,-0.091916318879248379,0.0082362922932056395,
2.405621,-2.1639484622617924,-1.1951851403384988,-9.2137748306661731,-2.1930193995541667,-0.10004293459182995,-8.398266892784239,0.0054959394331995041,-0.092394715679777667,0.0060153382399929121,
2.406946,-2.2431761327014943,-1.1841371484237573,-9.2150454479317929,-2.1930193724992679,-0.10740432118846253,-8.4001180579310084,0.0058189947368150058,-0.092394196304695156,0.0060132776023728044,
2.4070420000000001,-2.2431761036818467,-1.1920331248523097,-9.2170310461845641,-2.2125797861490923,-0.017908639189075079,-8.4082817835584827,0.0014702341153519458,-0.092802445578364395,0.0064907029333398066,
2.4084699999999999,-2.2431760746621991,-1.1999291012808622,-9.2190166444373354,-2.2671907263242415,0.036889309941983119,-8.4210115751672578,-0.00046465049533064417,-0.095291800274047669,0.00639433010916334,
2.4098830000000002,-2.2431760456425516,-1.2078250777094146,-9.2210022426901066,-2.2993024529192447,0.11616210438774796,-8.422998057963456,-0.0045337404446727254,-0.097968493676637194,0.0068381180010263559,
2.4108589999999999,-2.232277937884569,-1.0247975654292591,-9.2229074409921754,-2.2993024264624888,0.10895169593555314,-8.4247520970427843,-0.0042173076165031437,-0.097968001515826922,0.0068360996259959764,
2.4113159999999998,-2.232277909506502,-1.0325315995587545,-9.2247888598041516,-2.229697027837799,0.1690600835900424,-8.4210874967019418,-0.0066599272941122618,-0.094154337144530559,0.0085827409395551127,
2.412757,-2.2322778811284349,-1.0402656336882499,-9.2266702786161279,-2.166801178376307,0.17344081347074963,-8.4110996653405792,-0.0064110681678965619,-0.092162310108484941,0.006083479816061884,
2.4141840000000001,-2.2322778527503679,-1.0479996678177452,-9.2285516974281041,-2.0677625752795428,0.14813095277971797,-8.4093850196593625,-0.0053723654128899337,-0.086619885913612221,0.0065461555983178949,
2.4148139999999998,-2.2221005753790708,-0.88287676057496922,-9.2570306271100815,-2.0677625488227869,0.14092054432752316,-8.4111390587386907,-0.005055932584720352,-0.086619393752801949,0.0065441372232875154,
2.4156230000000001,-2.2221005470010038,-0.89061079470446447,-9.2589120459220577,-2.0449256998131342,0.11736008475245303,-8.4163690008522707,-0.0038582893310507792,-0.085113993291474219,0.0059198870678575117,
2.417036,-2.2221005186229368,-0.89834482883395972,-9.260793464734034,-2.0918139991153852,0.11049239786916276,-8.4229286946115245,-0.0040429591169415706,-0.087638659080727779,0.0062537983014680871,
2.4185110000000001,-2.2221004902448698,-0.90607886296345497,-9.2626748835460102,-2.1317728226969659,0.084525099441351587,-8.4306520173682777,-0.0034052889132318944,-0.089561663532921221,0.0061846956924682178,
2.4187270000000001,-2.0860315120473225,-0.84719744779099693,-9.2370131331683716,-2.13177279624021,0.077314690989156762,-8.432406056447606,-0.0030888560850623127,-0.089561171372110948,0.0061826773174378383,
2.4199199999999998,-2.0860314836692555,-0.85493148192049218,-9.2388945519803478,-2.1337620952213747,0.029007885711376247,-8.4326323088652977,-0.00099767662023493228,-0.090621031764267557,0.0078452568158905705,
2.4213659999999999,-2.0860314551127423,-0.86268924008105952,-9.2407182079340622,-2.0643921173049118,-0.038316845508906822,-8.4220852211079773,0.0019647621444227083,-0.087012219533356597,0.0081541352387420642,
2.4227289999999999,-2.1386502516399393,-0.88246661463545439,-9.2323465645528682,-2.0643920906817912,-0.045549371778439623,-8.4237854081103087,0.0022821688473192345,-0.087011742439785822,0.0081521106723726009,
2.4227699999999999,-2.1386502230834261,-0.89022437279602173,-9.2341702205065825,-1.9899716388606243,-0.13666314248568934,-8.4164866138961774,0.0062527435262311722,-0.08389819241250579,0.006631124468251693,
2.4242119999999998,-2.138650194526913,-0.89798213095658908,-9.2359938764602969,-1.9498870436196489,-0.22207223490666123,-8.4159916236985932,0.010565417336145942,-0.080641123549148,0.007614991691991136,
2.4256639999999998,-2.1386501659703998,-0.90573988911715642,-9.2378175324140113,-2.0129604663339959,-0.24116090341801416,-8.4268419088817161,0.011396650378768412,-0.08400185015410204,0.0062361563837770948,
2.426644,-2.1877510826541555,-0.92066513245000769,-9.2564792715613269,-2.0129604397108753,-0.24839342968754696,-8.4285420958840476,0.011714057081664939,-0.084001373060531265,0.0062341318174076316,
2.4271020000000001,-2.1877510540976424,-0.92842289061057504,-9.2583029275150412,-2.0975112320499658,-0.20808574033395116,-8.4416679237645997,0.0094761475827922197,-0.086990533869118106,0.0077128738339620239,
2.4285009999999998,-2.1877510255411292,-0.93618064877114238,-9.2601265834687556,-2.2186507230597092,-0.16487824054150518,-8.4548385085468905,0.0077247063651311055,-0.093283023124944631,0.0078213336080076492,
2.429942,-2.1877509974003027,-0.94384351080742135,-9.2618656580942993,-2.2764056365158272,-0.097487592567097534,-8.4577994424335206,0.0050445025541576132,-0.096315392499574368,0.0074819133395605001,
2.4305979999999998,-2.1487451955020029,-1.0519234670891855,-9.2522773880706808,-2.276405610280249,-0.10463164756727826,-8.4594207746088212,0.0053580297642141514,-0.09631493749645377,0.0074799135385322547,
2.431381,-2.1487451673611764,-1.0595863291254646,-9.2540164626962245,-2.2574080087779982,-0.031647014596209999,-8.454583826795492,0.0018889818255487085,-0.095315948814516008,0.0070460693680576472,
2.4328080000000001,-2.1487451392203498,-1.0672491911617437,-9.2557555373217681,-2.2097173841000033,0.0077738869456422874,-8.4514780759341157,0.00087201527129801819,-0.09308411714823564,0.0062871560325096811,
2.4342649999999999,-2.1487451110795233,-1.0749120531980227,-9.2574946119473118,-2.1618958562660509,0.06720712169692189,-8.4515760718972874,-0.0018169407702587495,-0.090451447421265666,0.0057549611088659764,
2.4345240000000001,-2.1841434477754746,-0.95063810651994374,-9.2481003762663061,-2.1618958300304727,0.060063066696741163,-8.4531974040725881,-0.0015034135602022113,-0.090450992418145068,0.005752961307837731,
2.4356979999999999,-2.1841434196346481,-0.95830096855622271,-9.2498394508918498,-2.1630470454890922,0.1171245535823817,-8.4635252331764583,-0.0039364968258994715,-0.090163142461956183,0.0052474278182132158,
2.4371019999999999,-2.1841433914938215,-0.96596383059250168,-9.2515785255173935,-2.2037908538139517,0.15184187718148751,-8.4731176711987182,-0.0054191315575805787,-0.091933066063312516,0.0065307444142272564,
2.4384809999999999,-2.2172012497488214,-0.85389157007157857,-9.2578908414607763,-2.2037908275783735,0.14469782218130678,-8.4747390033740189,-0.0051056043475240405,-0.091932611060191918,0.0065287446131990111,
2.4385469999999998,-2.2172012216079948,-0.86155443210785754,-9.25962991608632,-2.2451300767822837,0.16180933275971024,-8.4804250925034665,-0.0059959705865529405,-0.094127345774858956,0.0060340860113500287,
2.4399660000000001,-2.2172011934671683,-0.86921729414413651,-9.2613689907118637,-2.2339438415895558,0.14243593341115715,-8.4767063554467477,-0.0055074472190224898,-0.094259446407058439,0.0058366032524018296,
2.4414259999999999,-2.2172011651881234,-0.87691832092605326,-9.2630554598772044,-2.1664566404167469,0.092562309150040684,-8.4684494604449458,-0.0030330682694799374,-0.090435389680123296,0.0078411128663892337,
2.4423910000000002,-2.23772588406819,-0.78064345481770836,-9.2886681549116119,-2.1664566140523087,0.085382673313272678,-8.4700217487644096,-0.002717976435921901,-0.090434948399947257,0.0078391031053882711,
2.4428339999999999,-2.2377258557891451,-0.78834448159962511,-9.2903546240769526,-2.1167805815253864,0.013979090033236649,-8.4637450087395205,0.00034921297438609243,-0.089152465081954457,0.007223960228678058,
2.4442919999999999,-2.2377258275101002,-0.79604550838154187,-9.2920410932422932,-2.045540428156547,-0.039820483307618178,-8.4573107321444549,0.002487134814229765,-0.085263170444311837,0.0060026193465444935,
2.4457149999999999,-2.2377257992310553,-0.80374653516345862,-9.2937275624076339,-2.0258958487459959,-0.12607238959242989,-8.4629749795982256,0.0062794762862307413,-0.083775304136842518,0.0068709522504163218,
2.4463219999999999,-2.1220761661601806,-0.89035189403172255,-9.3179923490026599,-2.0258958223815577,-0.1332520254291979,-8.4645472679176894,0.0065945681197887773,-0.083774862856666479,0.0068689424894153592,
2.4471479999999999,-2.1220761378811357,-0.8980529208136393,-9.3196788181680006,-2.0731096271708962,-0.18570983085253015,-8.4699247025613342,0.0090889570249308577,-0.08610991712721873,0.0067095859820852826,
2.4485999999999999,-2.1220761096020908,-0.90575394759555605,-9.3213652873333412,-2.1359076236541248,-0.20732577577604147,-8.4756663202693865,0.009323843468231308,-0.088865770066000466,0.0064036594916193216,
2.4500069999999998,-2.1220760813230459,-0.91345497437747281,-9.3230517564986819,-2.2024024428093414,-0.24224428040686102,-8.4798110060727776,0.011311730198223163,-0.092161773628588503,0.007081663171765059,
2.4502600000000001,-2.0140954183687549,-0.98784352429774547,-9.2963094165056823,-2.2024024160304343,-0.2495354669745512,-8.4813486751998859,0.011631720857429877,-0.092161342020995241,0.0070796221849031169,
2.4514480000000001,-2.0140953896451421,-0.99566420271463429,-9.2979587524049965,-2.2427873096781505,-0.2431791830344493,-8.4833331097898146,0.011301746634922536,-0.094362909172452811,0.006622666414101629,
2.4528910000000002,-2.0140953609215293,-1.0034848811315231,-9.2996080883043106,-2.241334063754163,-0.21218299151108977,-8.4827211119955273,0.010106052474627073,-0.094141338075375183,0.0069414497102516792,
2.4542069999999998,-2.099064222730695,-1.0513522355194187,-9.3174876722580908,-2.2413340369752559,-0.21947417807877995,-8.4842587811226355,0.010426043133833787,-0.094140906467781921,0.0069394087233897372,
2.454326,-2.0990641940070822,-1.0591729139363075,-9.319137008157405,-2.2441999797936902,-0.18123166469014568,-8.4848032968277014,0.0090777513143159051,-0.09383813848123726,0.0071203341276261213,
2.455762,-2.0990641652834694,-1.0669935923531964,-9.3207863440567191,-2.2841130497570177,-0.11935084528030274,-8.4932875793285305,0.0066562106198023137,-0.095170871104454172,0.0062379771516937309,
2.4571679999999998,-2.0990641365598566,-1.0748142707700852,-9.3224356799560333,-2.3636881969495791,-0.03591364466824648,-8.5031188578080332,0.0030221901432500153,-0.098775981937062343,0.0070015947331473717,
2.458164,-2.10916172946397,-1.0010334096482743,-9.3393166274566664,-2.363688170170672,-0.043204831235936651,-8.5046565269351415,0.0033421808024567306,-0.098775550329469081,0.0069995537462854297,
2.4585919999999999,-2.1091617007403571,-1.0088540880651631,-9.3409659633559805,-2.4513269978871168,0.055254451206269192,-8.511626528871485,-0.0011871394153945012,-0.10289413514263175,0.0066801660703251688,
2.4600309999999999,-2.1091616722281978,-1.0166242239810723,-9.3425420642028563,-2.4707305947284581,0.12906780521417938,-8.5159897184737279,-0.0045170936037546069,-0.10426617033968918,0.0074296044470830019,
2.4614850000000001,-2.1091616437160385,-1.0243943598969816,-9.344118165049732,-2.4272399668634979,0.17804105877625975,-8.5157640945512494,-0.0068941034098001959,-0.10232667823798239,0.0078325392110807201,
2.4621149999999998,-2.1185908514868572,-0.95622182218688445,-9.346003862283176,-2.4272399402817282,0.17079699277594187,-8.5172334869378794,-0.0065761775728579138,-0.10232626575140984,0.0078305114144543563,
2.4628800000000002,-2.1185908229746979,-0.9639919581027937,-9.3475799631300518,-2.3462627146665298,0.16707780391085661,-8.5086912286793144,-0.0061945919738771544,-0.099167623757285411,0.0068958011099504932,
2.4643190000000001,-2.1185907944625386,-0.97176209401870295,-9.3491560639769276,-2.2424402557442988,0.14553060319828445,-8.4993085513293618,-0.0051804581937190996,-0.093778918569049047,0.0073154007337432551,
2.4657629999999999,-2.1185907659503793,-0.9795322299346122,-9.3507321648238033,-2.1907790582036748,0.08988060521544769,-8.497874758903265,-0.002993543725715894,-0.091414428313738819,0.0054596534208444193,
2.466078,-2.1382041563183565,-0.84441821626108116,-9.3617867802524657,-2.1907790316219051,0.082636539215129812,-8.4993441512898951,-0.0026756178887736124,-0.091414015827166267,0.0054576256242180564,
2.4672130000000001,-2.1382041278061972,-0.8521883521769904,-9.3633628810993415,-2.1915342282026113,0.0054776964054354255,-8.5037828316616064,0.0013424932939451505,-0.090919731125552725,0.007395283264521867,
2.4686330000000001,-2.1382040992940379,-0.85995848809289965,-9.3649389819462172,-2.2434313017286955,-0.0087765415775440531,-8.5058642417231507,0.00095649373885895957,-0.094713797448971765,0.0052986677438212493,
2.470008,-2.1364922426630581,-0.94415349210583499,-9.3753687816172118,-2.2434312751469259,-0.016020607577861931,-8.5073336341097807,0.0012744195758012415,-0.094713384962399214,0.0052966399471948864,
2.4700639999999998,-2.1364922135175703,-0.95207731848390675,-9.3769118751165088,-2.2115830429627965,-0.067364753252530107,-8.5083588383227013,0.0031159016035885814,-0.093312758476524579,0.0064781020662429481,
2.4714770000000001,-2.1364921843720825,-0.96000114486197852,-9.3784549686158059,-2.1452130900489812,-0.15062531988261302,-8.507666893064421,0.0074252470281750025,-0.089946248354642239,0.0073742489811750569,
2.472915,-2.1364921552265947,-0.96792497124005028,-9.3799980621151029,-2.0849534070191869,-0.19040580048702649,-8.498552506526714,0.0089690114743331099,-0.08814917952293741,0.004974455587429271,
2.4740340000000001,-2.0941654924702151,-1.0402461788761099,-9.3714420587940044,-2.0849533798469673,-0.19779315147792545,-8.4999911262979175,0.0092932290234289273,-0.088148775624469225,0.0049723876817196972,
2.4743569999999999,-2.0941654633247273,-1.0481700052541818,-9.3729851522933014,-2.027282590872296,-0.23386609175650733,-8.4987343458795781,0.010924884387418851,-0.08370296587828184,0.0065801022308604497,
2.4757699999999998,-2.0941654341792395,-1.0560938316322537,-9.3745282457925985,-2.0945924063849963,-0.25073996468374316,-8.5070108269904754,0.012092292619144676,-0.087545958831900306,0.0052191630100830453,
2.477204,-2.0941654050337517,-1.0640176580103256,-9.3760713392918955,-2.1828354887091326,-0.20690946485921624,-8.5226338430519633,0.010520404849911647,-0.090649498772776269,0.0073972098410061849,
2.4779650000000002,-1.9665625628519523,-1.1365259598658295,-9.3514965006252133,-2.182835461536913,-0.2142968158501152,-8.5240724628231668,0.010844622399007464,-0.090649094874308084,0.007395141935296611,
2.4786609999999998,-1.9665625337064645,-1.1444497862439014,-9.3530395941245104,-2.3237215252015506,-0.118001087283298,-8.5361339463782731,0.0059229531193313841,-0.097743314378356774,0.0071265414950549841,
2.4801090000000001,-1.9665625045609767,-1.1523736126219732,-9.3545826876238074,-2.4133795297152445,-0.052906996109218896,-8.5415444072335394,0.0035181475346235023,-0.10225801922392636,0.0071457699309606651,
2.481503,-1.9665624753639148,-1.1603242574699526,-9.3560669867852297,-2.4262183876963843,0.005771872205331631,-8.5461209730869019,0.0010427459980898823,-0.10257230353489138,0.0077459355990191206,
2.4819249999999999,-1.8367597605016242,-1.0178214206535914,-9.3323112375131227,-2.4262183604760827,-0.0016404815356016187,-8.5475047791368759,0.0013680641192868302,-0.10257191497804341,0.0077438606944121094,
2.4829599999999998,-1.8367597313045623,-1.0257720655015707,-9.3337955366745451,-2.4070494607047772,0.074268702701441092,-8.5394137144907756,-0.0018796116808735535,-0.10234910675263692,0.0066953600663142345,
2.4843709999999999,-1.8367597021075004,-1.0337227103495501,-9.3352798358359674,-2.3483564300183724,0.12136974177161222,-8.542472803425369,-0.0041353374452341753,-0.098331015307317901,0.0074232167147474295,
2.4858099999999999,-2.0410971411231063,-0.90572373844109744,-9.3808695891826996,-2.3483564027980708,0.11395738803067897,-8.543856609475343,-0.0038100193240372272,-0.098330626750469927,0.0074211418101404183,
2.485846,-2.0410971119260441,-0.9136743832890768,-9.382353888344122,-2.3738904273677837,0.15425961537382532,-8.5476943284316835,-0.0053181463768511815,-0.09989643230115311,0.0072790167303883758,
2.4872550000000002,-2.041097082728982,-0.92162502813705616,-9.3838381875055443,-2.4134424820009568,0.2106527222443782,-8.5577062490358777,-0.0082003301499791806,-0.10207363455561734,0.0074338207257082928,
2.4886740000000001,-2.0410970535319199,-0.92957567298503552,-9.3853224866669667,-2.4056801883675578,0.23668975807189366,-8.5615904025416345,-0.0096690636144987161,-0.10241592742281067,0.0081957539754848527,
2.4897469999999999,-1.9961016454913252,-0.82406738669960677,-9.3781669744507106,-2.4056801611472562,0.22927740433096042,-8.5629742085916085,-0.009343745493301768,-0.10241553886596269,0.0081936790708778424,
2.4901110000000002,-1.9961016160467082,-0.8320830147631314,-9.3795986681519299,-2.324902737128951,0.21117556005258981,-8.5575260617937339,-0.0087263652914331257,-0.09941025846260293,0.0073318838291488138,
2.4915430000000001,-1.9961015866020912,-0.84009864282665603,-9.3810303618531492,-2.1717123840582304,0.1416795333654893,-8.5525028093224265,-0.0051709687316691712,-0.092012800415112506,0.0077248202441551565,
2.4929540000000001,-1.9961015571574743,-0.84811427089018065,-9.3824620555543685,-2.052364261032551,0.063114230185513709,-8.5353899656009489,-0.0014553188665574982,-0.087564744007767481,0.0067583022242520586,
2.4936889999999998,-1.9505964216513128,-0.87055212146200289,-9.3753818993532647,-2.0523642335814549,0.055641292857958921,-8.5367247277950877,-0.0011273385312803559,-0.087564369169389283,0.0067562103607719639,
2.494399,-1.9505963922066958,-0.87856774952552752,-9.376813593054484,-1.9249508619810103,-0.03290533516961322,-8.5311487886257034,0.0024521782237926643,-0.081251066227442825,0.0051137069853126726,
2.4958309999999999,-1.9505963627620788,-0.88658337758905215,-9.3782452867557033,-1.8685538773480936,-0.12857200372373168,-8.5322859534059834,0.0068989112551165743,-0.078637142345951719,0.006435553518071368,
2.4972880000000002,-1.9505963333174619,-0.89459900565257677,-9.3796769804569227,-1.8643547044963344,-0.17023203980649892,-8.5348345300717519,0.008660214857304338,-0.079142422526690681,0.0062716327382654844,
2.4976229999999999,-1.8267884072346112,-0.91180962566109203,-9.3633681780026361,-1.8643546770452382,-0.17770497713405373,-8.5361692922658907,0.0089881951925814812,-0.079142047688312483,0.0062695408747853896,
2.4987059999999999,-1.8267883777899943,-0.91982525372461665,-9.3647998717038554,-1.8472701786124208,-0.20661350211072907,-8.5363648133912644,0.010177287559882628,-0.077518529142351633,0.0073365492746651009,
2.5001350000000002,-1.8267883475377287,-0.92804717771050715,-9.3661995895371071,-1.8639510371990857,-0.22117856377507616,-8.5371080540172404,0.010778064302304685,-0.079512835447124369,0.0059402256550610934,
2.5015610000000001,-1.8267883172854631,-0.93626910169639765,-9.3675993073703587,-1.8343889823722288,-0.21088346410162429,-8.5375284797416491,0.010834616102744804,-0.077753088870613024,0.0062838169392980814,
2.5015640000000001,-1.771551750883589,-1.0558555209058866,-9.3690217133020557,-1.8343889541681651,-0.21854873027559665,-8.5388334309645924,0.011171041064003209,-0.077752722344016589,0.0062816712381245548,
2.5030160000000001,-1.7715517206313234,-1.0640774448917771,-9.3704214311353073,-1.7971557109553939,-0.16668741421359487,-8.5391153601115537,0.0092298172936983308,-0.076003517463097012,0.0065927018130570872,
2.5044219999999999,-1.7715516903790578,-1.0722993688776676,-9.371821148968559,-1.7876990037989147,-0.10512015748458414,-8.5417477525795622,0.0063440967430545402,-0.075235509801117983,0.0062668932024777446,
2.5055429999999999,-1.7199481418384175,-1.0257835133628075,-9.3730582770847342,-1.7876989755948509,-0.11278542365855651,-8.5430527038025055,0.0066805217043129448,-0.075235143274521549,0.006264747501304218,
2.5058600000000002,-1.7199481115861519,-1.034005437348698,-9.3744579949179858,-1.8285302364958267,-0.052733384059986413,-8.5507735335783881,0.0042761810166484018,-0.076805787267808512,0.0082568351284132927,
2.5072869999999998,-1.7199480813338863,-1.0422273613345885,-9.3758577127512375,-1.8847545945397175,0.040436586274197932,-8.5554613396240438,7.9303797953577532e-05,-0.079608305199276294,0.0073566516709925112,
2.5087359999999999,-1.7199480510816207,-1.050449285320479,-9.3772574305844891,-1.9256223715115193,0.11574284393690207,-8.5603951587871734,-0.0031922757888727055,-0.08177382596329566,0.0077285817220294111,
2.509436,-1.6646634828009359,-1.0064645883900682,-9.3699570688950811,-1.9256223433074555,0.1080775777629297,-8.5617001100101167,-0.0028558508276143005,-0.081773459436699225,0.0077264360208558844,
2.5101580000000001,-1.6646634536502907,-1.0144183276768832,-9.3712474498894789,-1.9246298493941001,0.15769823482597872,-8.5630365240611539,-0.0049377691801960498,-0.082018854243605763,0.0080751288529424745,
2.5115799999999999,-1.6646634244996454,-1.0223720669636982,-9.3725378308838767,-1.8658075995054069,0.19772014941332602,-8.5607370728807943,-0.0067374426783792657,-0.080036826822115728,0.0076927739340356301,
2.513042,-1.6646633953490002,-1.0303258062505132,-9.3738282118782745,-1.7554780423233884,0.20584778969377687,-8.5586570653439562,-0.007037441756942436,-0.074351298398760507,0.0074637861069786655,
2.513366,-1.7324523893618136,-0.87644307118857334,-9.3988212086356828,-1.7554780151463607,0.19843255102014734,-8.5598600822782984,-0.0067119871568854282,-0.074350960451205525,0.0074617103948092216,
2.514462,-1.7324523602111683,-0.88439681047538821,-9.4001115896300806,-1.6763208837239238,0.17635566729354402,-8.5578159577172315,-0.0059947552933569109,-0.071072996888009374,0.0061984589750923545,
2.5158700000000001,-1.7324523310605231,-0.89235054976220307,-9.4014019706244785,-1.6262822207453322,0.1051191942101674,-8.5636855563846765,-0.0025936374843051257,-0.067715453490538327,0.0063895309909346529,
2.5173000000000001,-1.795743013308851,-0.8922652741407181,-9.4251841609717069,-1.6262821935683045,0.097703955536537879,-8.5648885733190188,-0.002268182884248118,-0.067715115542983345,0.006387455278765209,
2.5173359999999998,-1.7957429841582058,-0.90021901342753297,-9.4264745419661047,-1.6671580744287107,0.048856835587018241,-8.5679201092199371,-0.00024898394377880482,-0.070581299107652914,0.0063609260383496232,
2.5187469999999998,-1.7957429550075605,-0.90817275271434783,-9.4277649229605025,-1.6902367030087524,-0.0055588407313514956,-8.5651183277596772,0.0016828618925498469,-0.072147805713150381,0.0059905513219918006,
2.5201859999999998,-1.7957429251926424,-0.91627296210604248,-9.4290119818112039,-1.6394396344606579,-0.099601308921706128,-8.5660028473972272,0.0058060657893385745,-0.069743482719642966,0.0087853856287036826,
2.521239,-1.6393894285643507,-0.91362913147137237,-9.4238140310336007,-1.6394396066643313,-0.10715310107629211,-8.5671654752738213,0.0061375171194674259,-0.069743156050808539,0.008783271691767295,
2.5216069999999999,-1.6393893987494326,-0.92172934086306701,-9.4250610898843021,-1.5509544529712713,-0.16806364166678062,-8.5556563216514636,0.0086923322174906285,-0.067243178652705224,0.0058201404327278645,
2.5230350000000001,-1.6393893689345145,-0.92982955025476166,-9.4263081487350036,-1.3795335556961079,-0.23529056777715113,-8.5505728455588823,0.011466896942546592,-0.058468700037640278,0.0064289140660152349,
2.5244749999999998,-1.6393893391195964,-0.93792975964645631,-9.427555207585705,-1.2751047685419541,-0.3096691505227942,-8.5470800450860231,0.015417354824544366,-0.052721931833492282,0.0062556232532970111,
2.5252210000000002,-1.5849728395986762,-1.0678057757594432,-9.410229099118947,-1.2751047407456275,-0.31722094267738021,-8.5482426729626173,0.015748806154673216,-0.052721605164657848,0.0062535093163606234,
2.5259209999999999,-1.5849728097837581,-1.0759059851511379,-9.4114761579696484,-1.2881620457447271,-0.31190448441757829,-8.5531054666849045,0.01556946104884372,-0.05360727987877182,0.0049280126363822957,
2.5273240000000001,-1.58497277996884,-1.0840061945428325,-9.4127232168203498,-1.3676795686904366,-0.24784280976698617,-8.561312024106897,0.012781255132219772,-0.05606689868651045,0.0077658244826151121,
2.5287679999999999,-1.5849727501539219,-1.0921064039345272,-9.4139702756710513,-1.5181291015914944,-0.16685387135169821,-8.5712146444440194,0.0089997236023972096,-0.064635087240340755,0.0065312924667523566,
2.5291600000000001,-1.534169740035493,-1.066983086891623,-9.3972410088353993,-1.5181290737951678,-0.1744056635062842,-8.5723772723206135,0.0093311749325260609,-0.064634760571506328,0.0065291785298159689,
2.5302030000000002,-1.5341697102205749,-1.0750832962833177,-9.3984880676861007,-1.5722295678482994,-0.089278136513033832,-8.580157121996713,0.0061510866410659712,-0.066163462894571964,0.0090823496072750566,
2.5316580000000002,-1.534169680853319,-1.0830793262342175,-9.399655702606692,-1.5725053464022027,0.0027645441686265232,-8.577517751685269,0.0015617866434116875,-0.067343390973192821,0.0059069237287638025,
2.5330789999999999,-1.534169651486063,-1.0910753561851174,-9.4008233375272834,-1.4793852948447457,0.066459387818158952,-8.5746074306052513,-0.00099453110260371838,-0.062383279989673607,0.0051638738948138318,
2.5330879999999998,-1.5558387198752728,-1.0659890272328738,-9.4168506499884881,-1.4793852674657728,0.059004721731013822,-8.5756960118759746,-0.00066733946205222838,-0.062382974066656695,0.005161787145914646,
2.534529,-1.5558386905080168,-1.0739850571837737,-9.4180182849090794,-1.4153735390663154,0.097118646608971099,-8.5758253278510281,-0.0016558987714877539,-0.058358138802741509,0.0061228084884781073,
2.535965,-1.5558386611407609,-1.0819810871346736,-9.4191859198296708,-1.4399036619584666,0.14150324474208181,-8.5826962542998917,-0.0041156729905207964,-0.06039518667770917,0.0037887886615508505,
2.537042,-1.4408828918933005,-0.91462002503677864,-9.4128696324980439,-1.4399036345794938,0.13404857865493669,-8.583784835570615,-0.0037884813499693064,-0.060394880754692258,0.0037867019126516643,
2.5373770000000002,-1.4408828625260446,-0.92261605498767851,-9.4140372674186352,-1.4709651059589219,0.16293866719773295,-8.5892492836120002,-0.0050327025208580416,-0.060660757609197903,0.00734063698989601,
2.5388130000000002,-1.4408828331587886,-0.93061208493857839,-9.4152049023392266,-1.5417018922097352,0.16136618248784054,-8.5968550276518325,-0.0054538456779776173,-0.065242201814822362,0.0059204143719558998,
2.540238,-1.4408828040999451,-0.93852869095936742,-9.4162982707277649,-1.5247111302448511,0.12147620047993136,-8.599752400721405,-0.0036665486008227478,-0.064405607614284349,0.0071685883992115042,
2.5409860000000002,-1.3335499406309084,-0.82304933246613221,-9.410037555247694,-1.5247111031534097,0.11409558099865702,-8.6007717436074174,-0.0033426037508514942,-0.064405321085444625,0.0071665223778241607,
2.5416880000000002,-1.3335499115720648,-0.83096593848692124,-9.4111309236362324,-1.4832918092918002,0.055888262666291953,-8.5928888118806928,-0.00097696399843881249,-0.062418529566187549,0.0074941170692989067,
2.543129,-1.3335498825132213,-0.83888254450771027,-9.4122242920247707,-1.4242011519513418,-0.0079937736363637421,-8.5878763383473142,0.001712835726317429,-0.060917112396499905,0.0045304162246181763,
2.5445570000000002,-1.3335498534543777,-0.8467991505284993,-9.4133176604133091,-1.3153641716860585,-0.10710957275257674,-8.5847732950766957,0.006615112258609392,-0.05381539589417772,0.0073524321683459994,
2.54488,-1.4062857535344206,-0.8106415627690795,-9.4370183521313127,-1.3153641445946171,-0.11449019223385108,-8.5857926379627081,0.0069390571085806456,-0.053815109365337996,0.0073503661469586559,
2.545982,-1.4062857244755771,-0.81855816878986853,-9.438111720519851,-1.3209081425262175,-0.18127065757067196,-8.584893728151636,0.010041463669681767,-0.055336900345565945,0.0051445572786485852,
2.5473919999999999,-1.4062856954167335,-0.82647477481065756,-9.4392050889083894,-1.3111275114846552,-0.22056891908818893,-8.5863186316837492,0.011152941046651354,-0.053907956328658094,0.0072543969172428578,
2.5488040000000001,-1.284843111474149,-0.96741993237739576,-9.463233922266852,-1.3111274843932139,-0.22794953856946326,-8.5873379745697616,0.011476885896622607,-0.05390766979981837,0.0072523308958555143,
2.5488559999999998,-1.2848430824153054,-0.97533653839818479,-9.4643272906553904,-1.3568998945138813,-0.25631569000994286,-8.5923779285090234,0.012992540413485574,-0.056078135648039928,0.0070210491216986881,
2.5502880000000001,-1.2848430524807357,-0.98348729029085902,-9.46538765169635,-1.4120241260381712,-0.26345735490245475,-8.5943624447354736,0.01366214750121951,-0.059242162919156016,0.0066167867033352168,
2.5517059999999998,-1.284843022546166,-0.99163804218353324,-9.4664480127373096,-1.4346550932466049,-0.22137380688944069,-8.58988199616374,0.011746380302150923,-0.059676928105235928,0.0075913732362928666,
2.552727,-1.1714695538815207,-1.1435289039843706,-9.4354962291376587,-1.4346550653387276,-0.22897271961139901,-8.5908705664343259,0.012079909636011807,-0.059676650154580041,0.007589246109125555,
2.5531350000000002,-1.171469523946951,-1.1516796558770448,-9.4365565901786184,-1.4513207175483465,-0.17155801816667821,-8.590573559592805,0.0093311457615081334,-0.061075709726744774,0.0062215214431612913,
2.554602,-1.1714694940123813,-1.159830407769719,-9.437616951219578,-1.4414496327834341,-0.11578579084964058,-8.5917951778531414,0.0076943783734724587,-0.058913970942129322,0.0086657601136733153,
2.5560170000000002,-1.1714694640778116,-1.1679811596623932,-9.4386773122605376,-1.5087590627911016,-0.020018811715526344,-8.5963837100712333,0.0031246973524629148,-0.062625338692013546,0.006958415620524093,
2.5566939999999998,-1.2373366070549974,-1.1623935414889854,-9.4402292907649645,-1.5087590348832243,-0.027617724437484663,-8.5973722803418191,0.0034582266863237981,-0.062625060741357666,0.0069562884933567814,
2.5574919999999999,-1.2373365771204277,-1.1705442933816597,-9.4412896518059242,-1.5656631575160427,0.076824219945407446,-8.603939073963728,-0.0013153138427606575,-0.064743806063197129,0.0070500837774827227,
2.5588570000000002,-1.2373365471858579,-1.1786950452743339,-9.4423500128468838,-1.6265186523120243,0.14898588179983663,-8.6097204977004953,-0.0042655527762171111,-0.067833929841147694,0.0078174301677900702,
2.560289,-1.2373365179134981,-1.1866797289495037,-9.4433237296004506,-1.633569012785778,0.20400969198520144,-8.6097574671340045,-0.0069901189442605144,-0.069024486895556708,0.0072133334165180073,
2.5606260000000001,-1.3105797772869987,-0.98993605855092048,-9.4464791246911801,-1.6335689854952764,0.19656560398460932,-8.610665259289096,-0.006663381835160573,-0.069024231583816903,0.0072112496286945195,
2.5617260000000002,-1.3105797480146388,-0.99792074222609017,-9.447452841444747,-1.5576164147582983,0.22409743763388046,-8.6035132813490609,-0.0080897839486871858,-0.065363439221841943,0.0076977286854982294,
2.5631439999999999,-1.310579718742279,-1.0059054259012599,-9.4484265581983138,-1.4599783716656478,0.20795259713234915,-8.5959345547808166,-0.0073818963429419099,-0.061141192109045818,0.0066643166559510096,
2.564568,-1.3789734703405019,-0.800648368115215,-9.478241745245521,-1.4599783443751462,0.20050850913175702,-8.5968423469359081,-0.0070551592338419684,-0.06114093679730602,0.0066622328681275218,
2.5645760000000002,-1.378973441068142,-0.80863305179038469,-9.4792154619990878,-1.3505446068013109,0.14482884154139294,-8.5927551917336231,-0.0044918898556443373,-0.055805367155586462,0.0058382207014071709,
2.56602,-1.3789734117957821,-0.81661773546555438,-9.4801891787526547,-1.2941158186900861,0.078467433994627536,-8.5926591372160406,-0.0014347602461790244,-0.052371595542333386,0.0058082017458256736,
2.5674589999999999,-1.3789733825234223,-0.82460241914072407,-9.4811628955062215,-1.3240174605839594,0.023772456926735602,-8.5941785862156834,0.00058679242392834321,-0.054711906868587498,0.0052876387729673038,
2.5684979999999999,-1.2515375512515381,-0.7775299568605607,-9.4609223110023208,-1.3240174332934578,0.016328368926143467,-8.5950863783707749,0.00091352953302828487,-0.0547116515568477,0.0052855549851438159,
2.5688759999999999,-1.2515375219791782,-0.78551464053573039,-9.4618960277558877,-1.3416645046245512,-0.057185800250913264,-8.5959561296123326,0.0041178416182370671,-0.055301617459923277,0.0067337531293472537,
2.570316,-1.2515374925603482,-0.79351067048663027,-9.4628088872123559,-1.3510026260264696,-0.11988251118680295,-8.5964525153819835,0.0066147751037638923,-0.056217871251844284,0.0079606321826494221,
2.5717460000000001,-1.2515374631415181,-0.80150670043753014,-9.4637217466688242,-1.3186998795231455,-0.16677399299099174,-8.5896924676022905,0.0089171701910520061,-0.055509604480600792,0.0057607963383151713,
2.572425,-1.2674793967882187,-0.8972149617938695,-9.439465298983297,-1.3186998520960904,-0.17422865907813687,-8.590543522747689,0.0092443747515340378,-0.055509365044973939,0.0057587095894133696,
2.5731799999999998,-1.2674793673693887,-0.90521099174476938,-9.4403781584397652,-1.2402364435717552,-0.21368805423987602,-8.5875672874321953,0.010994878734989565,-0.050969953153496186,0.0075494792660881615,
2.5745990000000001,-1.2674793379505587,-0.91320702169566925,-9.4412910178962335,-1.2157969566603781,-0.23873680944005857,-8.5886654938364035,0.012526535240165084,-0.049281164671817965,0.0065152242278600321,
2.5760459999999998,-1.2674793085317286,-0.92120305164656913,-9.4422038773527017,-1.2673817454022211,-0.21171846662976149,-8.5938352879299025,0.01136006769790845,-0.051660588098387507,0.0060615207190929839,
2.576362,-1.2823651220517824,-1.0034716178758916,-9.4457699981878047,-1.2673817179751661,-0.21917313271690661,-8.5946863430753009,0.011687272258390481,-0.051660348662760654,0.0060594339701911821,
2.5774729999999999,-1.2823650926329524,-1.0114676478267914,-9.446682857644273,-1.3518460048241341,-0.13874419089124224,-8.6010196976697681,0.0079863941415221681,-0.055429749444421993,0.0078994832862699944,
2.578919,-1.2823650632141224,-1.0194636777776913,-9.4475957171007412,-1.4431902463233297,-0.07109575823990108,-8.6093890566953171,0.0053524186250196205,-0.060092872280864698,0.0078226290069129348,
2.5802900000000002,-1.1980235501817313,-1.0663893473891632,-9.4347919529508388,-1.4431902192857404,-0.078461953057694114,-8.6101718351002372,0.0056757431172801409,-0.060092651974701559,0.0078205670233524559,
2.5803340000000001,-1.1980235211806505,-1.0742904812157748,-9.4356315773548687,-1.4711910791255891,-0.0041867339200036408,-8.6154319810256705,0.0023165662066571037,-0.061488205269154321,0.0086343476511481117,
2.581766,-1.1980234921795696,-1.0821916150423863,-9.4364712017588985,-1.4570369214935583,0.084260557099618077,-8.6109065423494648,-0.0016284052925461005,-0.061141221822170848,0.0076870658242631758,
2.583199,-1.1980234631784887,-1.0900927488689978,-9.4373108261629284,-1.4083756500066948,0.14992238184397066,-8.6100297144766031,-0.004117963852482141,-0.058237819605526583,0.0081453233054759461,
2.5842969999999998,-1.2567765833821221,-0.94183558011369972,-9.4249479477860323,-1.4083756229691056,0.14255618702617762,-8.6108124928815233,-0.0037946393602216206,-0.058237599299363445,0.0081432613219154671,
2.5846360000000002,-1.2567765543810412,-0.94973671394031134,-9.4257875721900621,-1.4092513259715922,0.18999736659668851,-8.6107014056530353,-0.0057485463751785048,-0.057620675464426577,0.0068119437719714572,
2.586052,-1.2567765253799603,-0.95763784776692296,-9.426627196594092,-1.4654503674845853,0.22570413725705077,-8.6161805481962812,-0.0077471422668837541,-0.060986343111259306,0.0056248310564310112,
2.5875180000000002,-1.2567764963788794,-0.96553898159353457,-9.4274668209981218,-1.4893346587605236,0.24425101135926464,-8.6196389947934726,-0.0088904626823767229,-0.061538155299520052,0.0077383515392317435,
2.5882700000000001,-1.3116569630772166,-0.83121096007367223,-9.4430681118337194,-1.4893346317229343,0.23688481654147159,-8.6204217731983928,-0.0085671381901162025,-0.061537934993356913,0.0077362895556712654,
2.588937,-1.3116569340761357,-0.83911209390028385,-9.4439077362377493,-1.4965785374619509,0.20319315780343292,-8.6217546535040697,-0.0071859472027477576,-0.062910306868945956,0.007857297484733905,
2.590376,-1.3116569045397171,-0.84715103340303577,-9.4446999125796331,-1.4312345549410357,0.13201537188178969,-8.6187050906951743,-0.004380844880364115,-0.059617919288609225,0.0064544334742833217,
2.5918030000000001,-1.3116568750032984,-0.85518997290578769,-9.445492088921517,-1.366369997620178,0.053142581013350759,-8.61179557357144,-0.00093714274592084047,-0.057253157196852367,0.0057505380702578945,
2.5921599999999998,-1.3703130760935287,-0.78046614600037456,-9.468336985940649,-1.3663699700834955,0.045647910526150789,-8.6125341163416831,-0.00060817592054579549,-0.0572529492514397,0.0057484401231184153,
2.5932170000000001,-1.3703130465571101,-0.78850508550312648,-9.4691291622825329,-1.2805868461947387,-0.044695617832825038,-8.6073810231459493,0.0030871771207629274,-0.053516339175584043,0.0046539481315483197,
2.5946530000000001,-1.3703130170206914,-0.7965440250058784,-9.4699213386244168,-1.1842345279297082,-0.13167801690759257,-8.6051021839565784,0.0072119263906322926,-0.048342775555259461,0.0056725952609607546,
2.5960709999999998,-1.2312305645419201,-0.91383442229628953,-9.4916883251682069,-1.1842345003930257,-0.13917268739479252,-8.6058407267268215,0.0075408932160073378,-0.048342567609846794,0.0056704973138212754,
2.596104,-1.2312305350055015,-0.92187336179904145,-9.4924805015100908,-1.1647621445074205,-0.20345833939813693,-8.6050971645604477,0.010513659827408678,-0.048063443612729857,0.0049773983300529763,
2.5975100000000002,-1.2312305054690829,-0.92991230130179336,-9.4932726778519747,-1.1568330657038179,-0.22392424314608139,-8.6056178601081221,0.011236271456706878,-0.047643935701343156,0.0063608752506769083,
2.5989490000000002,-1.2312304759326642,-0.93795124080454528,-9.4940648541938586,-1.1445158069809858,-0.25267175487653992,-8.607392786083345,0.012544145950881368,-0.047008187219056821,0.0062164272220605965,
2.6000130000000001,-1.1013552155229736,-1.0393757325156181,-9.4711944101714138,-1.1445157794443033,-0.26016642536373991,-8.6081313288535881,0.012873112776256412,-0.047007979273644154,0.0062143292749211173,
2.6003959999999999,-1.1013551855017594,-1.0475485580719854,-9.4719329495734836,-1.1417044330807755,-0.25919381852137835,-8.6084933076063592,0.013175235162591583,-0.047213892695345268,0.0064307410193722809,
2.601861,-1.1013551554805452,-1.0557213836283528,-9.4726714889755534,-1.1441363782695342,-0.2016186798826782,-8.6069869005044044,0.010877668780013597,-0.046946199908269579,0.0066942149455679967,
2.6032479999999998,-1.101355125459331,-1.0638942091847201,-9.4734100283776232,-1.1730206666895613,-0.14169214349727002,-8.6143853460133926,0.0082064185454844181,-0.048070925055868255,0.0072732632307891173,
2.6039629999999998,-1.071684813266399,-1.1015166694757954,-9.4742862738644416,-1.1730206387009059,-0.14931163540579501,-8.6150738832835678,0.0085408676007338764,-0.048070731088404171,0.0072711303429885965,
2.6047039999999999,-1.0716847832451848,-1.1096894950321627,-9.4750248132665114,-1.2270417057102723,-0.077281245325119735,-8.6210615095516818,0.0054037579563592153,-0.049975543808065424,0.0068639536240166308,
2.6061480000000001,-1.0716847532239706,-1.1178623205885301,-9.4757633526685812,-1.3173331677036837,0.011814501479525216,-8.6268012253808468,0.0015669761569572921,-0.054127591305821718,0.0066042028621085,
2.607561,-1.0716847232027564,-1.1260351461448974,-9.476501892070651,-1.3985654761901161,0.10122125070281801,-8.6304474845641828,-0.0025040129493852426,-0.057965823763088273,0.0069249679263955113,
2.6078950000000001,-1.1306730383201995,-1.0000313291375877,-9.4772425543074466,-1.3985654482014607,0.093601758794293027,-8.631136021834358,-0.0021695638941357847,-0.057965629795624189,0.0069228350385949905,
2.6089829999999998,-1.1306730082989853,-1.0082041546939551,-9.4779810937095164,-1.4521961215128809,0.14362263008110032,-8.6354764241876385,-0.0044424423619130876,-0.060882735764710982,0.0069044690878894066,
2.610417,-1.1306729786697334,-1.016280330610694,-9.4786474295387571,-1.447871192942656,0.17125536781053113,-8.6354199345236342,-0.0054739343780744647,-0.061033808995606599,0.0079519051549412322,
2.6118139999999999,-1.1857344214361167,-0.90258108914440904,-9.4933994336243153,-1.4478711653194254,0.1637259819665528,-8.6360411566975621,-0.0051434372088917666,-0.06103363388736259,0.007949797490100774,
2.6118480000000002,-1.1857343918068648,-0.91065726506114797,-9.494065769453556,-1.3801891824448771,0.18364348760132537,-8.6321869306015024,-0.0064037615466631106,-0.05831016610348673,0.0075520354357147971,
2.6133069999999998,-1.1857343621776129,-0.91873344097788689,-9.4947321052827967,-1.2755016411959841,0.15337821197433596,-8.6276791193608222,-0.0048136214693779173,-0.053259525275539676,0.0074324843561599293,
2.6147529999999999,-1.1857343325483609,-0.92680961689462582,-9.4953984411120373,-1.1738398776502348,0.09681019792947225,-8.6272121394358994,-0.0023882611731855762,-0.048596097215945266,0.006392513821794869,
2.6157569999999999,-1.1961976056183163,-0.84519731906920681,-9.4974466783063001,-1.1738398500270042,0.089280812085493905,-8.6278333616098273,-0.002057764004002878,-0.048595922107701257,0.0063904061569544099,
2.616168,-1.1961975759890644,-0.85327349498594574,-9.4981130141355408,-1.1204026618510206,0.02704999335131017,-8.6274107495448273,0.00065901872159662201,-0.045679566902532269,0.0059339172878028939,
2.6175980000000001,-1.1961975463598125,-0.86134967090268466,-9.4987793499647815,-1.1365448712227622,-0.041327336233860597,-8.6269815608972689,0.003521300858285439,-0.046977745514247264,0.0063011489661827253,
2.6190349999999998,-1.1961975167305605,-0.86942584681942359,-9.4994456857940222,-1.1424323232124607,-0.12135784745026025,-8.6249625042267066,0.0069079217736192338,-0.047511456111847233,0.0061457396163872718,
2.6196890000000002,-1.2021573135318837,-0.9602744432055792,-9.5013164152097431,-1.1424322955892301,-0.1288872332942386,-8.6255837264006345,0.0072384189428019319,-0.047511281003603224,0.0061436319515468128,
2.620466,-1.2021572830021501,-0.96857527538177457,-9.5019353029768414,-1.1199014299025192,-0.19969743526475991,-8.621285226289535,0.010330387536344387,-0.047308539665809578,0.0066946361712226848,
2.6218699999999999,-1.2021572524724164,-0.97687610755796994,-9.5025541907439397,-1.0404967961708762,-0.23903142214437928,-8.6127977703555541,0.011962383486014761,-0.044638203799565394,0.0054026881949958451,
2.6233529999999998,-1.2021572219426828,-0.98517693973416531,-9.503173078511038,-0.89377590565166953,-0.27048071904576998,-8.6088192881728816,0.013780241592155287,-0.037326052485918339,0.00691252566634523,
2.6236480000000002,-1.1264242825219899,-1.0632644407968501,-9.4959084207093145,-0.8937758771889236,-0.2782195510034971,-8.6093962747121342,0.014119935599326601,-0.037325889723480686,0.006910359372255561,
2.6248040000000001,-1.1264242519922563,-1.0715652729730456,-9.4965273084764128,-0.78481802249365229,-0.28792521093876161,-8.6086396061326909,0.015070628206843212,-0.031576548678745493,0.0060772818558644352,
2.6262099999999999,-1.1264242214625226,-1.0798661051492411,-9.4971461962435111,-0.77927690253812976,-0.23977021400171047,-8.6101712562916788,0.012914656261983345,-0.031788135814211277,0.0051900674955923029,
2.6276329999999999,-1.126424190932789,-1.0881669373254366,-9.4977650840106094,-0.81913634514026745,-0.16506579050981018,-8.6179755830881639,0.009821565601066326,-0.032391824810250366,0.0075285361780170878,
2.6276350000000002,-0.9458531094619016,-1.1407301145340043,-9.4809616451625054,-0.81913631667752151,-0.17280462246753728,-8.6185525696274166,0.01016125960823764,-0.032391662047812714,0.0075263698839274189,
2.629057,-0.94585307893216808,-1.1490309467101998,-9.4815805329296037,-0.91781035752008067,-0.096577423614052652,-8.6242692627714366,0.0068201251658644522,-0.038513651009318133,0.0071504323320107054,
2.6304720000000001,-0.94585304882327825,-1.1572338914712326,-9.482125154164649,-0.94085226154645019,-0.0099059609793111514,-8.6278351409077469,0.0030547984013893099,-0.038942737402291316,0.0082642117885586945,
2.6315010000000001,-0.76731455413657979,-1.0240723734124633,-9.4659505575754608,-0.94085223347605507,-0.017553532899413096,-8.6283428890622886,0.0033904899690819761,-0.038942594038632282,0.0082620710404564673,
2.631901,-0.76731452402768996,-1.032275318173496,-9.4664951788105061,-0.92729262132327517,0.06886766958567539,-8.6241778780575391,-0.00047281900365271461,-0.038927505759638888,0.0073091063525605043,
2.633324,-0.76731449391880013,-1.0404782629345288,-9.4670398000455513,-0.86970749100757072,0.13209226144070979,-8.6224240023008711,-0.0030935402732683972,-0.035328652888690658,0.0065987313176043699,
2.634795,-0.76731446380991031,-1.0486812076955616,-9.4675844212805966,-0.87464617003902245,0.17070692471783047,-8.6207096028408809,-0.004277479894757838,-0.035217838192421989,0.0064089195363525855,
2.6354340000000001,-0.8443846740638622,-0.92770753959692942,-9.4970866312022064,-0.87464614196862733,0.16305935279772854,-8.6212173509954226,-0.0039417883270651717,-0.035217694828762955,0.0064067787882503575,
2.6362079999999999,-0.84438464395497237,-0.9359104843579622,-9.4976312524372517,-0.916282017146134,0.18571697532469858,-8.6240839489304655,-0.0054328375889929423,-0.037819558302182803,0.0048658932365482806,
2.6376390000000001,-0.84438461384608254,-0.94411342911899498,-9.498175873672297,-0.92895272445321631,0.18617244562762539,-8.6272152492799101,-0.0057200008996592493,-0.03783472039771385,0.0080043541885599402,
2.6391019999999998,-0.84438458373719272,-0.95231637388002777,-9.4987204949073423,-0.92285557959665643,0.13989756464434722,-8.6289643053721594,-0.0037826937652741957,-0.038570123260580146,0.0074893491025730362,
2.6393680000000002,-0.78795538298089574,-0.83758709661944619,-9.4908479553851635,-0.92285555152626131,0.13224999272424526,-8.6294720535267011,-0.0034470021975815295,-0.038569979896921111,0.0074872083544708081,
2.6404999999999998,-0.78795535320207932,-0.84570257190939591,-9.4913234674862164,-0.84647960203679506,0.067834333219542228,-8.6270227730493811,-0.00057251220895280109,-0.034858969572726835,0.0079436494220632252,
2.6419540000000001,-0.78795532342326291,-0.85381804719934562,-9.4917989795872693,-0.7670625279270864,0.0095773740676830463,-8.6193764494596099,0.0017047235508749531,-0.031900875599843885,0.0060161070762896037,
2.643278,-0.73528574089457865,-0.92138379472434828,-9.4841659905142475,-0.76706250016441746,0.0020113495784621523,-8.6198197674506023,0.0020368387892767191,-0.031900750285307235,0.0060139891553687638,
2.6433710000000001,-0.73528571111576224,-0.929499270014298,-9.4846415026153004,-0.65136719374316643,-0.078821409092135211,-8.6144579775097743,0.005702578131012115,-0.02624053532703367,0.0064651758506299121,
2.644819,-0.73528568133694583,-0.93761474530424771,-9.4851170147163533,-0.58931296200094341,-0.15160686917780569,-8.6115348069277218,0.0090431549089731427,-0.022734297532007449,0.0074620101671055402,
2.646226,-0.73528565155812942,-0.94573022059419742,-9.4855925268174062,-0.59970010588618194,-0.17721347177713109,-8.609079381914821,0.0095976045468088213,-0.024311532702559788,0.0051469783627802572,
2.647214,-0.65452908745210503,-1.0029893462533026,-9.4713042464232977,-0.599700078123513,-0.18477949626635198,-8.6095226999058134,0.0099297197852105876,-0.024311407388023142,0.0051448604418594173,
2.6476519999999999,-0.65452905767328862,-1.0111048215432523,-9.4717797585243506,-0.58405337704328109,-0.20681912769832272,-8.6127527874031546,0.011491411076473921,-0.02246456984934693,0.0076850060273788972,
2.6490930000000001,-0.6545290278944722,-1.019220296833202,-9.4722552706254035,-0.62460811006353489,-0.21582065147544902,-8.6126924572444405,0.012204005508263302,-0.025158342906451473,0.0069983224939810735,
2.6505139999999998,-0.65452899758547534,-1.0274691424369613,-9.4726719883885835,-0.63450467966043134,-0.18346013885522894,-8.6102136807220742,0.010605172711508615,-0.02563183285657325,0.0064067247555048487,
2.6511369999999999,-0.61101773699872719,-1.0697488049939536,-9.4810389614887889,-0.63450465140347723,-0.19115050394365879,-8.610602184991837,0.01094274933381072,-0.025631722864069034,0.0064045720285147972,
2.6519469999999998,-0.61101770668973032,-1.0779976505977129,-9.4814556792519689,-0.62746504545174631,-0.1460165575361283,-8.6058449473563616,0.0092209573623808737,-0.025196085093785691,0.0071062963543691224,
2.6533859999999998,-0.61101767638073345,-1.0862464962014722,-9.4818723970151488,-0.61659684792088609,-0.080492767314121597,-8.6052173820026212,0.0065805114074134986,-0.024731891408052657,0.0066068668811857037,
2.6548240000000001,-0.61101764607173659,-1.0944953418052314,-9.4822891147783288,-0.6078654435093398,-0.0002203585656140733,-8.6072792084909313,0.0032732850691048333,-0.023229994060098503,0.0080909091238678989,
2.6550790000000002,-0.57038120090643085,-1.0058183453590084,-9.4902354132287368,-0.60786541525238569,-0.0079107236540439246,-8.6076677127606942,0.0036108616914069381,-0.023229884067594287,0.0080887563968778473,
2.6562990000000002,-0.57038117059743398,-1.0140671909627677,-9.4906521309919167,-0.65707334953484009,0.082196006511427694,-8.6120888941018876,-0.00053685125341855402,-0.025995987773721994,0.0051541121011918229,
2.657702,-0.57038114028843712,-1.0223160365665269,-9.4910688487550967,-0.69814939318265823,0.15081922580553656,-8.6204446932828276,-0.0036941954111134301,-0.026651555676090333,0.0074448532926399292,
2.658995,-0.54259805422154994,-0.94177808258453544,-9.4885550018209788,-0.69814936492570412,0.1431288607171067,-8.6208331975525905,-0.0033566187888113253,-0.026651445683586118,0.0074427005656498776,
2.6591360000000002,-0.54259802391255307,-0.95002692818829459,-9.4889717195841587,-0.78713276198002102,0.19273516270417668,-8.6252219248952464,-0.0053854556799345157,-0.031603198747193591,0.0059823621362253875,
2.6605759999999998,-0.54259799421934951,-0.95811424408484136,-9.4893152022948986,-0.81633224868105458,0.22076049631331082,-8.6266139721501887,-0.0069416005278608956,-0.033123758089972088,0.00715117884466416,
2.6619709999999999,-0.54259796452614595,-0.96620155998138813,-9.4896586850056384,-0.79649075314589068,0.2115989623227616,-8.6216067233799798,-0.0063692213434467003,-0.032307902045666852,0.0081136034532164857,
2.6629309999999999,-0.62912394793741488,-0.839368595378847,-9.5127404363157027,-0.79649072546303823,0.2040591907210767,-8.6219269509092644,-0.0060382518798039464,-0.032307811190731638,0.0081114928811395499,
2.6634069999999999,-0.62912391824421132,-0.84745591127539377,-9.5130839190264425,-0.73828902140485841,0.17008010760605721,-8.6161938852102438,-0.004735443797694334,-0.029883667836178893,0.0070721119872653561,
2.664838,-0.62912388855100776,-0.85554322717194053,-9.5134274017371823,-0.66108718546382639,0.10712350589275899,-8.611528661073887,-0.001909451544898428,-0.025079461416001415,0.0078973095497062128,
2.6663130000000002,-0.6291238588578042,-0.8636305430684873,-9.5137708844479221,-0.68539802688965457,0.049585552978850096,-8.6093785235275639,0.00049616143757198229,-0.02698713698654941,0.0058921236937502309,
2.6668569999999998,-0.70991253483223749,-0.91770857678865725,-9.5357946374176663,-0.68539799920680211,0.042045781377165199,-8.6096987510568486,0.00082713090121473666,-0.026987046131614192,0.0058900131216732951,
2.6676980000000001,-0.70991250513903392,-0.92579589268520401,-9.5361381201284061,-0.69958394478826491,-0.026488386761246555,-8.6142753348181884,0.0034987189679849943,-0.027573600645570035,0.0060662919836356006,
2.6691569999999998,-0.70991247544583036,-0.93388320858175078,-9.5364816028391459,-0.71519430485305113,-0.10786771011366947,-8.6176159198700155,0.0067646757496659538,-0.02852876936138813,0.0077978611775106135,
2.6705770000000002,-0.70991244551126054,-0.94203303214277434,-9.5367642282527871,-0.68207947827371485,-0.1559539969869233,-8.6149364842853675,0.0086935147158379543,-0.02821440759158881,0.0064374461741897038,
2.6707839999999998,-0.60722404282629006,-0.98736337647398886,-9.5127089111275502,-0.68207945036583761,-0.16355204422907271,-8.615199974804959,0.0090270454959667738,-0.028214332608882758,0.0064353192892918284,
2.6720190000000001,-0.60722401289172023,-0.99551320003501242,-9.5129915365411915,-0.55691621051939078,-0.20190004472571998,-8.6129227690363876,0.011075309037249752,-0.022368160459607263,0.0065486667959403213,
2.6734309999999999,-0.60722398295715041,-1.003663023596036,-9.5132741619548327,-0.43436237685435003,-0.22639598017581519,-8.607038519779735,0.012399232401957047,-0.016532724741493005,0.0064039928709004696,
2.6747209999999999,-0.56589446772809304,-1.0888725168994486,-9.5140665226230769,-0.43436234894647274,-0.2339940274179646,-8.6073020102993265,0.012732763182085867,-0.016532649758786953,0.0064018659860025943,
2.6748690000000002,-0.56589443779352322,-1.0970223404604722,-9.5143491480367182,-0.36109447132405048,-0.21714560712702016,-8.6049415169353107,0.012151878229199957,-0.012202581269498577,0.0054569279067702833,
2.6762980000000001,-0.5658944078589534,-1.1051721640214958,-9.5146317734503594,-0.39170570217598721,-0.15851365093247305,-8.6065570689928546,0.0099108812484259845,-0.013700093072115406,0.0046500126892109464,
2.6777380000000002,-0.56589437792438357,-1.1133219875825193,-9.5149143988640006,-0.48837833771604328,-0.08871741842732947,-8.6137420149412645,0.0065891510738533476,-0.017739217325525462,0.0060783235953587415,
2.6786460000000001,-0.52730579000662026,-1.1735729862588435,-9.5156348629485858,-0.48837830980816599,-0.096315465669478892,-8.614005505460856,0.0069226818539821671,-0.017739142342819411,0.0060761967104608662,
2.6791559999999999,-0.52730576007205043,-1.1817228098198671,-9.5159174883622271,-0.6002585987014305,-0.031237084060480175,-8.6233495906893314,0.0042111899432046998,-0.023837408378366426,0.006721174295223978,
2.6805919999999999,-0.52730573006517389,-1.1898980077793417,-9.5161361620399347,-0.63086610550055322,0.048932896490340751,-8.6241379201728101,0.00060918735343992638,-0.025933660593626905,0.0079901476121048472,
2.6820379999999999,-0.52730570005829736,-1.1980732057388164,-9.5163548357176424,-0.58333316822726888,0.10805811282597355,-8.6210787120445271,-0.0017138946153872645,-0.023706337956763725,0.008002966762966959,
2.6825800000000002,-0.5174437785144792,-1.1111574592884179,-9.5275487531160366,-0.58333314025198035,0.10043640913571476,-8.6212825806217293,-0.0013793221026514205,-0.023706279660770668,0.0080008332560341615,
2.6835089999999999,-0.51744374850760266,-1.1193326572478925,-9.5277674267937442,-0.49772964474938919,0.14081535014478239,-8.6147430197055535,-0.0028154189861685809,-0.019572419007865438,0.0084334050915047792,
2.684879,-0.51744371850072612,-1.1275078552073672,-9.5279861004714519,-0.43839011095324926,0.16902561748038164,-8.6117247362433087,-0.0043741168353894399,-0.016315619104418189,0.0085802334802017408,
2.6863350000000001,-0.51744368849384959,-1.1356830531668418,-9.5282047741491596,-0.43949464521523324,0.18093161967886387,-8.6136374873652048,-0.0051402654572525004,-0.016491635067570523,0.0073994499189853555,
2.6865160000000001,-0.42367931085163607,-0.99309480927612592,-9.5208315433364508,-0.43949461723994471,0.1733099159886051,-8.613841355942407,-0.0048056929445166562,-0.016491576771577466,0.0073973164120525589,
2.6877719999999998,-0.42367928084475953,-1.0012700072356004,-9.5210502170141584,-0.45603063424443363,0.15879494658734628,-8.6194340391531519,-0.004409234089818451,-0.017319573187030115,0.0078398403722817617,
2.6891980000000002,-0.42367925083788299,-1.0094452051950751,-9.5212688906918661,-0.45763784522089151,0.10337736431141489,-8.6263831252469707,-0.0019328008699106055,-0.017995727349117193,0.0080546417069206171,
2.6904840000000001,-0.33607496539280679,-0.86676558173558171,-9.5141326389787952,-0.45763781778143114,0.095905100134822563,-8.6265244869490871,-0.0016047851716518699,-0.017995686573883399,0.0080525500318729386,
2.6906219999999998,-0.33607493596067067,-0.87478048776337802,-9.5142842664817344,-0.39660260498415706,0.039691095195238467,-8.6249074810221877,0.00046481675039330029,-0.015415070702526002,0.0082009436626919417,
2.69204,-0.33607490652853456,-0.88279539379117433,-9.5144358939846736,-0.30311840586090655,-0.04841387121996369,-8.6165388942119758,0.0041197947104296634,-0.011971072242837397,0.0060806403432677163,
2.6934849999999999,-0.33607487709639844,-0.89081029981897064,-9.5145875214876128,-0.18080756153602834,-0.13969038841153661,-8.6075384897982268,0.0085133621421087536,-0.0055041247203423665,0.0068092545560655493,
2.6944400000000002,-0.34745541499957161,-0.89929339149348841,-9.5304230674229125,-0.180807534096568,-0.14716265258812894,-8.6076798515003432,0.0088413778403674901,-0.0055040839451085738,0.0068071628810178718,
2.694922,-0.34745538556743549,-0.90730829752128472,-9.5305746949258516,-0.11487413986482953,-0.19845721018408424,-8.5985062340830432,0.010821851427506446,-0.0028941159967456639,0.0056260203336416697,
2.6963550000000001,-0.34745535613529938,-0.91532320354908103,-9.5307263224287908,-0.075873033468190576,-0.24456218038919036,-8.598707460433527,0.013294149686353358,-0.0012109920518326136,0.0048471157218756061,
2.6977989999999998,-0.34745532670316326,-0.92333810957687734,-9.53087794993173,-0.048127218758272583,-0.25212728790268657,-8.6025840745712845,0.013716356172338497,0.00071456334178061106,0.0063118142442472819,
2.698404,-0.17795542208449222,-1.0526502290037201,-9.5499915368504062,-0.048127191318812226,-0.25959955207927887,-8.6027254362734009,0.014044371870597233,0.000714604117014404,0.0063097225691996044,
2.6992370000000001,-0.17795539265235613,-1.0606651350315164,-9.5501431643533454,-0.066365398296222899,-0.23985497746148496,-8.6075693516769434,0.013221576816760545,-0.000883617890348055,0.0069228478543883424,
2.700691,-0.17795536306477605,-1.068715823087047,-9.550232903079575,-0.067091184615689539,-0.20305256253121989,-8.6088573925991803,0.011794905061440299,-0.00060695372983111213,0.0073637667975858835,
2.7021120000000001,-0.17795533347719597,-1.0767665111425777,-9.5503226418058045,-0.068594006109868016,-0.13743024029402556,-8.6052967071959952,0.0091905678284020936,-0.0012248686258887077,0.0064552848239023512,
2.7023410000000001,-0.019709102043021259,-1.1702337857278591,-9.514753270306894,-0.068593978525487875,-0.14493586390902902,-8.6053803702441876,0.0095200511042276108,-0.0012248439955888535,0.0064531838107059689,
2.7035209999999998,-0.019709072455441186,-1.1782844737833897,-9.5148430090331235,-0.053245342240081837,-0.076486422711114624,-8.602394626836837,0.006991761277728349,0.00049477803654269874,0.0082383641451112179,
2.7049460000000001,-0.019709042867861112,-1.1863351618389204,-9.514932747759353,-0.082563212311345321,0.003313610394227548,-8.5997142428039339,0.0033552505253199158,-0.00084119080076942474,0.0079419318189144546,
2.7062620000000002,-0.012526931719787233,-1.129592986615938,-9.5212436918605139,-0.08256318472696518,-0.0041920132207759076,-8.5997979058521263,0.0036847338011454333,-0.0008411661704695705,0.0079398308057180723,
2.7063799999999998,-0.01252690213220716,-1.1376436746714687,-9.5213334305867434,-0.12398694624957596,0.07133735558668676,-8.6028721359831675,0.00013854910174013711,-0.0026800118614251894,0.0063669436981083332,
2.707805,-0.012526872544627086,-1.1456943627269993,-9.5214231693129729,-0.18171677907690736,0.13312505690437404,-8.6102510588593084,-0.0024593660220210457,-0.0045311719158446298,0.0071575971868485522,
2.7092770000000002,-0.012526842957047013,-1.15374505078253,-9.5215129080392025,-0.25279851295204148,0.16466804394819157,-8.6159139946506844,-0.0041592391206151822,-0.0087405522818300267,0.0065019505289609005,
2.7102029999999999,-0.045358950374185053,-0.98516570077345078,-9.5078990531267085,-0.25279848536766136,0.15716242033318811,-8.6159976576988768,-0.0038297558447896647,-0.0087405276515301732,0.0064998495157645182,
2.710693,-0.045358921015490307,-0.99316098496459126,-9.5079258715966155,-0.24969881324010487,0.15896650547555796,-8.616031163956702,-0.0039764620249010509,-0.0083358793196006854,0.0081923119571954174,
2.7121080000000002,-0.045358891656795561,-1.0011562691557319,-9.5079526900665225,-0.21930527322784898,0.14507746941432398,-8.6109367932238943,-0.0033167489008218949,-0.0074973027339160642,0.0074412482922770742,
2.7135609999999999,-0.045358862298100815,-1.0091515533468725,-9.5079795085364296,-0.12614733878646114,0.094679011237156496,-8.6043393494606821,-0.0010103738148486358,-0.0031083536834092748,0.0078815710212537041,
2.7141090000000001,-0.075998372421278881,-0.85691587789005208,-9.5217760385871522,-0.12614731141546986,0.087225040418791172,-8.604364352210716,-0.00068315484376156328,-0.0031083454829609392,0.0078794844669780664,
2.714963,-0.075998343062584128,-0.86491116208119256,-9.5218028570570592,-0.043860672897444178,0.03486650462573853,-8.5981478194670533,0.0013432298696540196,0.0014094516954407154,0.0076443064143031317,
2.716402,-0.075998313703889375,-0.87290644627233305,-9.5218296755269662,-0.041272116354264497,-0.016217626096053473,-8.5977190072827252,0.0033217980006421859,0.0011601042994860489,0.0060588126583734584,
2.7178840000000002,-0.075998284345194622,-0.88090173046347353,-9.5218564939968733,-0.057478499469217098,-0.091243699230838068,-8.6042805020111004,0.0067236862229025501,0.0011283356305045315,0.0063900991061797384,
2.7180559999999998,-0.0023861833156979401,-0.88079308681769986,-9.5150993073545944,-0.057478472098225812,-0.098697670049203393,-8.6043055047611343,0.0070509051939896226,0.0011283438309528672,0.0063880125519040999,
2.7192690000000002,-0.0023861539570031926,-0.88878837100884034,-9.5151261258245015,-0.12654895591275317,-0.1491950767615432,-8.6103022904437516,0.00897823808881054,-0.0028664616212627312,0.0069376105076578223,
2.7206980000000001,-0.0023861242812316125,-0.89686118739648357,-9.5150900240380878,-0.13332079082523607,-0.19561903456664223,-8.6120784115816971,0.010925532607282688,-0.0039977901104975514,0.0064946452688396557,
2.7219959999999999,-0.031278020768881629,-1.0032124227105061,-9.5085690147411022,-0.13332076315863534,-0.20314528833535667,-8.6120447540335743,0.011255927903484852,-0.0039977983175563227,0.0064925384807430079,
2.7221299999999999,-0.031277991093110045,-1.0112852390981495,-9.5085329129546885,-0.067825056281416649,-0.2377877936727579,-8.6088353958495532,0.013346646210543522,-0.00074604175686739625,0.0068639665450312397,
2.7235939999999998,-0.031277961417338462,-1.0193580554857928,-9.5084968111682748,0.0096112085575193185,-0.24952028540049345,-8.6017957155911766,0.01407109511928121,0.0030951483912183297,0.0071153690612958459,
2.725006,-0.031277931741566879,-1.0274308718734362,-9.5084607093818612,0.032726746656288636,-0.21064741628274322,-8.5958225168630804,0.012485476684741143,0.0057592760658733587,0.0070517784156735944,
2.7259690000000001,-0.058270200771295078,-1.119187212642859,-9.5116809276670473,0.032726774322889354,-0.21817367005145766,-8.5957888593149576,0.012815871980943307,0.0057592678588145874,0.0070496716275769465,
2.726451,-0.058270171095523494,-1.1272600290305024,-9.5116448258806336,-0.064069173738378379,-0.15294986619644541,-8.597356114914021,0.010057841030410505,0.0010271977690748694,0.0052019243671183359,
2.727887,-0.058270141419751911,-1.1353328454181457,-9.51160872409422,-0.1941388257557666,-0.068254446082965256,-8.6063206435749606,0.0066891501250026138,-0.0046342299107037417,0.0054237380738347413,
2.7293099999999999,-0.058270111743980328,-1.1434056618057891,-9.5115726223078063,-0.31657561247953481,0.029305656915926848,-8.6176286580820474,0.0021623533173542953,-0.011139198123745985,0.0068375931500906382,
2.729905,0.059471026690418219,-1.1248835928147967,-9.4825176767900246,-0.31657558481293407,0.021779403147212412,-8.6175950005339246,0.002492748613556459,-0.011139206330804757,0.0068354863619939903,
2.7307410000000001,0.059471056096457878,-1.1328926090940095,-9.4824196862269012,-0.32796597315163223,0.095168612453127813,-8.6227487770722124,-0.00086805421226575407,-0.011675967043676771,0.0073168622536887136,
2.7321719999999998,0.059471085502497537,-1.1409016253732223,-9.4823216956637779,-0.27212853818140109,0.15424656029652273,-8.6212577220351303,-0.0033523512769051663,-0.0090585930158521323,0.0070422538767111551,
2.7336239999999998,0.059471114908537195,-1.1489106416524351,-9.4822237051006546,-0.20745380989100454,0.19933755043822815,-8.6125542070285519,-0.0052526668950197801,-0.0058191133893263471,0.0059974284148136296,
2.7338269999999998,-0.058948762684986944,-0.9843769797355848,-9.4544017019037074,-0.20745378247587379,0.19187077725020105,-8.6124628508265033,-0.0049248795861446494,-0.0058191377587200896,0.0059953382768322535,
2.7350469999999998,-0.058948733278947285,-0.9923859960147976,-9.4543037113405841,-0.1774530472556396,0.20854237662013619,-8.6052836190771931,-0.0055501409171308611,-0.0037590680131466244,0.0068044148869970903,
2.7364920000000001,-0.058948703872907626,-1.0003950122940104,-9.4542057207774608,-0.2059270950016302,0.20225190068446272,-8.6038060157265068,-0.0055187443431008757,-0.0052515584628713037,0.0058549761557523828,
2.7378830000000001,-0.058948674466867967,-1.0084040285732232,-9.4541077302143375,-0.2436134949836872,0.16219962902427493,-8.6077308312271938,-0.0038470451975126979,-0.0068761080431537476,0.0075239554252973847,
2.7383440000000001,-0.17052300766389641,-0.85736785434732754,-9.4914869876234089,-0.24361346756855645,0.15473285583624782,-8.6076394750251453,-0.0035192578886375672,-0.0068761324125474902,0.0075218652873160086,
2.7393190000000001,-0.17052297825785676,-0.86537687062654034,-9.4913889970602856,-0.26351715992999486,0.097557812950361172,-8.6146297914660082,-0.0014776634158145104,-0.0086390500055304759,0.0070138528068837665,
2.7407849999999998,-0.17052294890854847,-0.8733822870419079,-9.4912291177204526,-0.21579407375892673,0.036447671999186762,-8.6158040502120059,0.00082455193652813692,-0.0064029699845670248,0.0069097731812999977,
2.741711,-0.16414650688253457,-0.84086827905944905,-9.4855323289936244,-0.2157940463966864,0.028984254949529643,-8.6156549953560315,0.0011521950534202545,-0.0064030105075783359,0.0069076839827885341,
2.7422019999999998,-0.16414647753322628,-0.84887369547481661,-9.4853724496537914,-0.13431437815854042,-0.052225162317982257,-8.6103125497192678,0.0048359966365934103,-0.0035071723188578132,0.0049824180610067489,
2.7436189999999998,-0.16414644818391799,-0.85687911189018418,-9.4852125703139585,-0.024737404401103433,-0.11893191517802014,-8.6005738738301929,0.0076069150965282738,0.0023537489852774895,0.0064432683860389606,
2.7450450000000002,-0.1641464188346097,-0.86488452830555174,-9.4850526909741255,0.025091043695796227,-0.16326977343637286,-8.5902264383055265,0.0094961455265089346,0.0043602350723920651,0.0069564512942245733,
2.74566,-0.0096872943242188592,-0.96705833733188395,-9.479625756936878,0.025091071058036547,-0.17073319048602997,-8.5900773834495521,0.0098237886434010529,0.004360194549380754,0.0069543620957131097,
2.7464750000000002,-0.0096872649749105769,-0.97506375374725152,-9.4794658775970451,0.047624294911201209,-0.20297137555900918,-8.5905632485948065,0.011252299751003567,0.0051913706626350422,0.00578290709320055,
2.7479089999999999,-0.0096872356256022946,-0.98306917016261908,-9.4793059982572121,0.05711897667176484,-0.19663408875825242,-8.5964777362688913,0.011288984458277574,0.0059489624844525713,0.0067560654307608587,
2.7493569999999998,-0.0096872062762940123,-0.99107458657798664,-9.4791461189173791,0.049029249848387524,-0.16524806051569532,-8.6051236012698258,0.0099364900441295621,0.0048813599047809325,0.0057732873461455803,
2.7497500000000001,0.13489782316459764,-1.0794383464047757,-9.4657679860899204,0.049029277210627845,-0.17271147756535243,-8.6049745464138514,0.01026413316102168,0.0048813193817696214,0.0057711981476341167,
2.7507830000000002,0.13489785270452337,-1.0874700655502447,-9.4655441550141539,0.06378279272411122,-0.13131138445846785,-8.608547391654362,0.0083284663723102743,0.0060179028383262768,0.0073682540106406701,
2.752211,0.1348978822444491,-1.0955017846957138,-9.4653203239383874,0.075580293316332203,-0.074738954882633143,-8.6072264875764919,0.0062203829756415953,0.006057016006612524,0.0052948313578128417,
2.7535379999999998,0.15118698693896251,-1.0885625819204012,-9.4824279235083324,0.075580320856284383,-0.082226893860208511,-8.6070178107781281,0.0065491058186607698,0.0060569588017302814,0.005292735294991021,
2.75366,0.15118701647888824,-1.0965943010658703,-9.4822040924325659,0.097382578007458989,-0.011208428499617062,-8.6006746211596532,0.0037247924559294537,0.0075390617635749113,0.0074257676430602351,
2.7550780000000001,0.15118704601881397,-1.1046260202113394,-9.4819802613567994,0.075260607375800051,0.059698309438299513,-8.5969703264734356,0.00071518194870473636,0.0068159664927218769,0.0073236673090937166,
2.7565029999999999,0.1511870755587397,-1.1126577393568085,-9.4817564302810329,0.037310133105643586,0.12834061090714918,-8.5988391840659091,-0.0023899885185312995,0.0049092675274967053,0.0060156925400902889,
2.7574830000000001,0.16195754750178215,-0.97987754141647976,-9.4981454243240524,0.037310160645595759,0.12085267192957382,-8.5986305072675453,-0.002061265675512125,0.0049092103226144627,0.0060135964772684682,
2.7579410000000002,0.16195757704170788,-0.98790926056194894,-9.4979215932482859,-0.0056778657798460391,0.1754547652069513,-8.6039215283472004,-0.0046284265047978291,0.0037147249599107845,0.0071608930968461012,
2.759385,0.16195760658163361,-0.99594097970741813,-9.4976977621725194,-0.071509587710713668,0.20463753909248286,-8.6124877551555681,-0.0062504370220389646,-0.00045912003321505303,0.0061457809935841091,
2.7608250000000001,0.16195763572918448,-1.0038728516264621,-9.4974161682384892,-0.052690388791531387,0.19690917334450722,-8.6167403276539236,-0.0062878070662660901,0.00085683509545121119,0.0075775024980327867,
2.7614010000000002,0.17201214942100962,-0.88323893746953874,-9.4850337496703609,-0.052690361617388673,0.18951432152859798,-8.616477798778563,-0.0059631677081864298,0.00085676279996768135,0.0075754324926546619,
2.7622779999999998,0.17201217856856049,-0.89117080938858284,-9.4847521557363308,-0.018660024787031583,0.15052847373471356,-8.6122621491039908,-0.0042171760146910466,0.0011496858671055186,0.0061786297243864793,
2.7636980000000002,0.17201220771611136,-0.89910268130762694,-9.4844705618023006,0.10267903352232087,0.093383796858679133,-8.6046958532772617,-0.0017421902796886097,0.0072887096851159874,0.008323917142479223,
2.765155,0.17201223686366224,-0.90703455322667104,-9.4841889678682705,0.19364678984442807,0.027553100237652804,-8.5955880219134269,0.0010977227402446483,0.011563595435054788,0.0076486982122430207,
2.7653409999999998,0.13364558057343262,-0.84749030786350144,-9.5056594470307001,0.19364681701857078,0.020158248421743553,-8.5953254930380663,0.0014223620983243091,0.011563523139571258,0.0076466282068648958,
2.7665470000000001,0.13364560972098349,-0.85542217978254553,-9.5053778530966699,0.22384867000988268,-0.045922771068261016,-8.5917281152552363,0.0041342329410033272,0.012739061685723158,0.0068803390349635946,
2.7679520000000002,0.13364563886853437,-0.86335405170158963,-9.5050962591626398,0.22495149203622788,-0.12312383006103444,-8.5933021784603234,0.0075930587591490767,0.013401967171607182,0.0072405284784380847,
2.7692709999999998,0.098615154876966787,-0.94662630201829379,-9.52564934609026,0.2249515192103706,-0.13051868187694368,-8.5930396495849628,0.0079176981172287379,0.013401894876123652,0.0072384584730599598,
2.769409,0.09861518402451766,-0.95455817393733788,-9.5253677521562299,0.17352567247624279,-0.1771530034519512,-8.5993734455872595,0.0098127836487274488,0.0097256867752211901,0.0068771175666718547,
2.770842,0.098615213285531286,-0.96251954617328028,-9.525023237965879,0.19004575716479449,-0.21385609152578683,-8.602933233733987,0.011020775708724321,0.0099834154215616491,0.0081245831395977061,
2.772316,0.098615242546544912,-0.97048091840922268,-9.5246787237755282,0.28188641682127497,-0.25213244081380765,-8.6020505768368878,0.013068662346482279,0.013600098995053995,0.0070651780622574293,
2.7731949999999999,0.22835061651351612,-1.0417474774066053,-9.508314180657564,0.28188644410119856,-0.25955479565475459,-8.6017293876633705,0.013394512244950583,0.013600010283730113,0.0070631003580892467,
2.7737280000000002,0.22835064577452976,-1.0497088496425477,-9.5079696664672131,0.43125140618814506,-0.2417505774545661,-8.5960554711026269,0.012819589509043418,0.021120022070010593,0.007720706693391065,
2.7751790000000001,0.2283506750355434,-1.0576702218784901,-9.5076251522768622,0.5200365486761015,-0.19655216450782381,-8.5908988975667953,0.010870915787804495,0.026231577604614045,0.0069779623033926139,
2.776602,0.22835070429655704,-1.0656315941144325,-9.5072806380865114,0.48775763973229957,-0.13970310953854417,-8.5898223377898937,0.0086916253401153887,0.025000577346167913,0.0069272573065422595,
2.7771780000000001,0.360070455045854,-1.1166019313225231,-9.4976559198363475,0.48775766701222317,-0.14712546437949114,-8.5895011486163764,0.0090174752385836932,0.025000488634844029,0.0069251796023740769,
2.778019,0.36007048430686761,-1.1245633035584655,-9.4973114056459966,0.37322872302265958,-0.072868859361937016,-8.5959578134212471,0.0056141031522982301,0.020402641478836251,0.0077127546198311574,
2.779426,0.36007051356788122,-1.1325246757944079,-9.4969668914556458,0.2139629637447216,0.0006016765508014138,-8.6068610405387176,0.0022027945283157302,0.011719617225012037,0.0071590332689142576,
2.7808890000000002,0.36007054279279305,-1.1404802717445239,-9.4965604884885852,0.15707377762545222,0.063691293894636306,-8.6152743195577823,-0.0004655111072807412,0.0087947585977659528,0.009549664235057027,
2.7810700000000002,0.48297047542894617,-0.99827515031608605,-9.4873509012606725,0.15707380487171824,0.056274324261389029,-8.6148954317303392,-0.00013989447449241281,0.0087946537336688023,0.0095475880383449445,
2.782305,0.48297050465385799,-1.0062307462662021,-9.486944498293612,0.19250755281593435,0.10187206078984941,-8.6163490771062232,-0.0021998078427306368,0.01008334168595974,0.0085264411288691125,
2.783738,0.48297053387876981,-1.0141863422163182,-9.4865380953265515,0.2843522566011551,0.14673339784779021,-8.6088771067122742,-0.0038356070213346584,0.015046981314838163,0.0080173162514735729,
2.7850079999999999,0.35101575813559094,-0.88612882963139628,-9.5090443083346052,0.28435228384742112,0.13931642821454293,-8.6084982188848311,-0.0035099903885463298,0.015046876450741013,0.0080152400547614903,
2.785161,0.35101578736050276,-0.89408442558151247,-9.5086379053675447,0.33933725731923037,0.15766737173583251,-8.5992242314872769,-0.0045672756094453475,0.018022352931809052,0.0070961121265277647,
2.7866170000000001,0.35101581658541459,-0.90204002153162866,-9.5082315024004842,0.32271892666564839,0.14164432722030038,-8.5947112106863255,-0.0039529966702468921,0.017555926347640968,0.0076899334945260715,
2.7880479999999999,0.35101584581032641,-0.90999561748174485,-9.5078250994334237,0.26563192566667959,0.096493103097040997,-8.5962264947444229,-0.0019837495212635852,0.014847933731150623,0.0076091709748511574,
2.7889379999999999,0.48705661190598715,-0.82483618488096899,-9.4852118165911854,0.26563195291294561,0.089076133463793727,-8.5958476069169798,-0.0016581328884752568,0.014847828867053473,0.0076070947781390749,
2.7894610000000002,0.48705664113089897,-0.83279178083108518,-9.4848054136241249,0.21688609242136064,0.029617119024701752,-8.6001907300220228,0.00080529565876179569,0.011497084113753435,0.0075441849164516288,
2.7909060000000001,0.48705667012579085,-0.84069043910662833,-9.4843422792784136,0.26098620124836869,-0.040081250902787899,-8.6052525087162888,0.0036191636236508769,0.013674859423539042,0.0092322921239332174,
2.792316,0.48705669912068272,-0.84858909738217148,-9.4838791449327022,0.35777861345706008,-0.11258460106423057,-8.604985804849159,0.0068598416387512205,0.01734099860298572,0.0066092762697651814,
2.7929010000000001,0.61414683126940417,-0.93761297370159424,-9.4622544244760114,0.35777864048887942,-0.1199484879358666,-8.6045540265889517,0.0071831308792185411,0.017340878924120187,0.0066072149322568465,
2.7937609999999999,0.6141468602642961,-0.94551163197713739,-9.4617912901303001,0.49842693114946679,-0.18168158042816224,-8.596980526718891,0.0098187102606134488,0.024627842778148491,0.0068587711175008888,
2.7952110000000001,0.61414688925918803,-0.95341029025268054,-9.4613281557845887,0.55823712360119304,-0.21166056322515725,-8.5854349631635127,0.011246598550278947,0.027728595362978867,0.0077866406131347349,
2.7966319999999998,0.61414691825407997,-0.96130894852822368,-9.4608650214388774,0.55886276931955103,-0.2345367984868173,-8.5820100026623987,0.012713966766134278,0.027435214053953605,0.0073420845932112098,
2.796805,0.57790632710780043,-1.0376073414818467,-9.4724772561960506,0.55886279635137037,-0.24190068535845333,-8.5815782244021914,0.013037256006601598,0.027435094375088072,0.0073400232557028749,
2.7980499999999999,0.57790635610269236,-1.0455059997573899,-9.4720141218503393,0.52935831759604546,-0.24017320906505238,-8.5845876387875251,0.013149111874418157,0.026703447469156115,0.0087096341099121427,
2.7994840000000001,0.5779063850975843,-1.053404658032933,-9.471550987504628,0.46446859020500453,-0.19355800133836285,-8.5927708407131593,0.011267243098860839,0.022630735275084593,0.0081811379898463175,
2.8007330000000001,0.65861016675786166,-1.0888242363839515,-9.4550249922378384,0.46446861771283776,-0.20104795976882558,-8.5922727090009374,0.011596070337957495,0.022630597043125394,0.0081790413617308932,
2.800916,0.65861019626333595,-1.0968581216366056,-9.4544906857989108,0.46093354695606181,-0.14527109388967499,-8.6002029058999607,0.0091956015054145968,0.022980498584543319,0.009904978718434437,
2.8023750000000001,0.65861022576881023,-1.1048920068892596,-9.4539563793599832,0.46619530335526843,-0.080282825139447372,-8.6021791732429627,0.0066310975377491359,0.022957385231018999,0.006996718805715306,
2.8037869999999998,0.65861025527428452,-1.1129258921419136,-9.4534220729210556,0.48431897118803258,0.0023257710344224553,-8.5962873794246786,0.003223026733111708,0.024410925019435866,0.0073884455234794763,
2.8047469999999999,0.73406598840927462,-1.0112817673708847,-9.4376773671497549,0.48431899869586581,-0.0051641873960402845,-8.5957892477124567,0.0035518539722083639,0.024410786787476667,0.007386348895364052,
2.8052320000000002,0.7340660179147489,-1.0193156526235387,-9.4371430607108273,0.4529504582312448,0.067687787919835637,-8.587274839538015,0.00022489214979877319,0.023421910988286356,0.0081447359867673555,
2.8066499999999999,0.73406604742022319,-1.0273495378761928,-9.4366087542718997,0.38961235436567404,0.12295105159108645,-8.5851045308687386,-0.0021220601664690029,0.020533668630069044,0.0072807231411268578,
2.8080910000000001,0.73406607692569747,-1.0353834231288468,-9.4360744478329721,0.3153957095558142,0.17007882487272138,-8.5890877999413231,-0.0042400378802010469,0.018136934843500613,0.0085429511624588415,
2.808681,0.75558853708691975,-0.94249911954848919,-9.4508150021965474,0.31539573706364743,0.16258886644225864,-8.5885896682291012,-0.003911210641104391,0.018136796611541415,0.0085408545343434172,
2.8095089999999998,0.75558856659239404,-0.95053300480114322,-9.4502806957576198,0.20606148511224784,0.1837977542384697,-8.5957966969421786,-0.0052323085449759808,0.011808256125211997,0.0064509819241483513,
2.8109760000000001,0.75558859579048743,-0.95848138039397657,-9.4496896579400413,0.18124825798399394,0.17534214934795153,-8.6031176108618634,-0.0051562748059605498,0.011258263936333935,0.0087392596297796825,
2.8123770000000001,0.75558862498858081,-0.96642975598680991,-9.4490986201224629,0.18878086439088138,0.13899569606523393,-8.6026202274140804,-0.0037275231736497187,0.010679552763187031,0.00594706714533688,
2.812602,0.62070774593255063,-0.86135935233993854,-9.4616357612048088,0.18878089161214465,0.13158545794161128,-8.6020692052690944,-0.0034021926829906064,0.010679399713293325,0.0059449928329439938,
2.8138209999999999,0.62070777513064401,-0.86930772793277189,-9.4610447233872303,0.26946166696282936,0.085001419118284322,-8.5950955373746378,-0.0014974227650199894,0.014976701742798467,0.0074119676268161018,
2.8152590000000002,0.6207078043287374,-0.87725610352560524,-9.4604536855696519,0.32789087924377858,0.03315069826901746,-8.5857130647446507,0.00059874169586863341,0.017968946626006295,0.0069824827283627789,
2.8165260000000001,0.49479770605957629,-0.78386527139905204,-9.4724910894893881,0.32789090646504188,0.025740460145394793,-8.5851620425996646,0.00092407218652774568,0.017968793576112588,0.0069804084159698927,
2.8166690000000001,0.49479773525766968,-0.79181364699188539,-9.4719000516718097,0.35435781605123962,-0.034331210972404567,-8.5819120522641708,0.0033078707822672428,0.019144194897951838,0.006176084379058585,
2.8181060000000002,0.49479776445576307,-0.79976202258471873,-9.4713090138542313,0.36085627263718689,-0.10191513319067327,-8.5845652471594374,0.0068251405759667694,0.019666966394847732,0.0058407938659505755,
2.8195489999999999,0.49479779365385645,-0.80771039817755208,-9.4707179760366529,0.33084673628725164,-0.14550406490123333,-8.5898316371203585,0.0083265873353899136,0.017518634258161175,0.0060028336544591917,
2.8204539999999998,0.57708113205395595,-0.85994018246541903,-9.4430827871232896,0.33084676365468485,-0.15294844139509511,-8.5892200313887503,0.0086534197547060692,0.01751846425582362,0.0060007497858750409,
2.820999,0.57708116140883425,-0.86792517558447235,-9.4424267660901666,0.36336542460182486,-0.18821893183067684,-8.5979512199526464,0.0095849317742472285,0.019042011245559837,0.0075738291070790147,
2.822457,0.57708119076371256,-0.87591016870352567,-9.4417707450570436,0.42495034741309895,-0.2142780400237661,-8.600894218486216,0.011744626456660216,0.021510512893987484,0.0055586511314400476,
2.8238340000000002,0.57708122011859087,-0.88389516182257899,-9.4411147240239206,0.50319143667799926,-0.18245837634486653,-8.5944171162665111,0.01014208867047765,0.02563078673473377,0.006635635331314828,
2.8243710000000002,0.57375735050467269,-0.94745094894071713,-9.4617018559220387,0.50319146404543247,-0.18990275283872832,-8.5938055105349029,0.010468921089793805,0.025630616732396215,0.0066335514627306772,
2.8253020000000002,0.573757379859551,-0.95543594205977045,-9.4610458348889157,0.5308966603899864,-0.14135278610080676,-8.5852834810876804,0.0085274164628684843,0.027548059176506857,0.0066905031343066773,
2.8267389999999999,0.5737574092144293,-0.96342093517882377,-9.4603898138557927,0.48048682170736756,-0.087069576129862852,-8.5830362475630313,0.0065779647907446941,0.025551931888450646,0.0074925046267314537,
2.828128,0.57375743856930761,-0.97140592829787709,-9.4597337928226697,0.38201980800087909,-0.0096106796139036471,-8.5855286953158849,0.003020897628489551,0.021264634325324942,0.0067384875205767671,
2.8283200000000002,0.57065300525676621,-1.030806526505843,-9.4795081150924059,0.3820198353683123,-0.017055056107765421,-8.5849170895842768,0.0033477300478057066,0.021264464322987387,0.0067364036519926163,
2.8295669999999999,0.57065303461164452,-1.0387915196248962,-9.4788520940592829,0.25725454949326221,0.054861617450518277,-8.5948608774077115,-4.9264787213743229e-06,0.014693910863496328,0.0074562224337596569,
2.8310420000000001,0.57065306400056159,-1.0467989989994875,-9.4781321212902263,0.20381066540026943,0.10792821642730353,-8.6037850435191139,-0.0024820605883286296,0.012903755310454401,0.0086866035376678141,
2.8322530000000001,0.58981527017675217,-0.95999929108000293,-9.4642847833039543,0.20381069279943689,0.10046287608918225,-8.6031138158451164,-0.0021543046384677705,0.012903568619837677,0.0086845138007778169,
2.8324639999999999,0.58981529956566925,-0.96800677045459405,-9.4635648105348977,0.17450842277313777,0.14855073756806864,-8.6025764803652489,-0.0042535705459911671,0.011247269934279231,0.0057478534768211215,
2.83386,0.58981532895458633,-0.97601424982918517,-9.4628448377658412,0.17585401986483526,0.18561144923172873,-8.5929600200025202,-0.0059806648792991839,0.012133600427509746,0.006672844310922391,
2.8352900000000001,0.5898153583435034,-0.98402172920377629,-9.4621248649967846,0.13531495213641642,0.19003458884693866,-8.5815227792874769,-0.0061541334468283851,0.010361013410470061,0.0061551607940271494,
2.8362050000000001,0.53341600680251733,-0.88001025990524195,-9.4497119317970828,0.13531497953558388,0.18256924850881737,-8.5808515516134793,-0.0058263774969675259,0.010360826719853337,0.0061530710571371522,
2.8367270000000002,0.53341603619143441,-0.88801773927983307,-9.4489919590280262,0.070589758294593172,0.15441041941088948,-8.574571495593073,-0.0049111169043320885,0.0077248783229379066,0.0065347554857327402,
2.8381609999999999,0.53341606558035148,-0.89602521865442419,-9.4482719862589697,-0.010522939273231779,0.1078455753195571,-8.5738666143421085,-0.0028264467748838288,0.0035838824136929411,0.0071389571292436085,
2.8396050000000002,0.53341609496926856,-0.90403269802901531,-9.4475520134899131,-0.038649444750878573,0.042528266735891468,-8.5815546729956917,-0.00023601869619191548,0.0012020224883007016,0.0071400457073011432,
2.8401200000000002,0.48077344994294924,-0.80804181317289459,-9.4625882220721849,-0.038649417156497334,0.035013786377510472,-8.5808199768023758,9.3897893595439735e-05,0.0012018180398283098,0.0071379422148803206,
2.8410160000000002,0.48077347954125671,-0.81610200115565024,-9.461800171648747,0.023244327801729553,-0.022087000703954633,-8.5875094272944619,0.0022791213198906472,0.0044776732772906173,0.0083337414959006248,
2.8424659999999999,0.48077350913956418,-0.82416218913840589,-9.4610121212253091,0.10718951145500305,-0.082568767024072245,-8.588272031264216,0.0048890995901829885,0.0073997813511281485,0.00591269389320811,
2.8438970000000001,0.48077353873787165,-0.83222237712116154,-9.4602240708018712,0.23461661806419543,-0.13387996267139948,-8.5806439556531995,0.0072892595879354635,0.014132018253354762,0.0066909826623992039,
2.8440699999999999,0.34826985607017558,-0.88204474502444374,-9.4608486213941241,0.23461664565857668,-0.14139444302978046,-8.5799092594598836,0.0076191761777228192,0.014131813804882371,0.0066888791699783812,
2.845332,0.34826988566848305,-0.89010493300719939,-9.4600605709706862,0.29767312660445916,-0.17703795843041806,-8.5709844180931167,0.0091405975545485324,0.017028833360607138,0.0065876242791760072,
2.8467500000000001,0.34826991526679052,-0.89816512098995505,-9.4592725205472483,0.30874060875369663,-0.20274935979518308,-8.5689015071137469,0.010594294165801776,0.017114140697295856,0.0063694233312796235,
2.848007,0.51503946353040364,-0.97933098334863145,-9.4483901397812851,0.30874063634807786,-0.21026384015356406,-8.568166810920431,0.010924210755589131,0.017113936248823465,0.0063673198388588008,
2.848185,0.51503949312871111,-0.9873911713313871,-9.4476020893578472,0.30161454685366113,-0.220277716498817,-8.5718464406957189,0.011437898996819776,0.017117840377833558,0.0079059156043745724,
2.8496239999999999,0.51503952272701858,-0.99545135931414275,-9.4468140389344093,0.27919560820055733,-0.18187647660993411,-8.5851111768536139,0.0098439722102328167,0.014864511894652795,0.0071549076130467369,
2.851089,0.51503955328975948,-1.0037692109039333,-9.4459331553459069,0.3122501852721713,-0.13053877671430544,-8.5943158671352098,0.0075160126365365482,0.017550067121108921,0.0095368034153323136,
2.8519670000000001,0.67081363317796994,-1.0733333610008864,-9.408660236635555,0.3122502137656899,-0.13829347580186199,-8.593494622961007,0.0078564792465508487,0.017549838485163959,0.0095346326796346415,
2.8525140000000002,0.67081366374071083,-1.081651212590677,-9.4077793530470526,0.31292793069609143,-0.077614813791966122,-8.5952865037503035,0.0055146307420660175,0.016735407057761612,0.0061222520317276014,
2.85392,0.67081369430345172,-1.0899690641804676,-9.4068984694585502,0.32745741054116723,-0.004524252378828808,-8.5857078475136674,0.0023424775730431879,0.018097937218736593,0.0068189137310397567,
2.8553630000000001,0.67081372486619262,-1.0982869157702582,-9.4060175858700479,0.29885558201689533,0.051716885193968706,-8.5761036298612918,1.1598203541962181e-05,0.017130183504074376,0.0081539935788245005,
2.8559329999999998,0.67461320702289751,-1.035467246783601,-9.4392921675670252,0.29885561051041393,0.043962186106412157,-8.575282385687089,0.00035206481355626307,0.017129954868129415,0.0081518228431268283,
2.8568199999999999,0.6746132375856384,-1.0437850983733916,-9.4384112839785228,0.2476589194326439,0.091455139011102499,-8.5722167985445346,-0.0013588837254938583,0.014750631387803139,0.0071462350869572755,
2.8582130000000001,0.6746132681483793,-1.0521029499631822,-9.4375304003900204,0.18706389342528706,0.12771200962666379,-8.5736271069478143,-0.0029438368914953481,0.012747039417638079,0.0087474829103473713,
2.859648,0.67461329871112019,-1.0604208015529728,-9.4366495168015181,0.098229118928203643,0.1373981495929813,-8.5825319757815421,-0.0038861536380244491,0.0072860446543672967,0.0063390064108445263,
2.8597600000000001,0.62994731010290206,-0.9424291159073428,-9.468540859652304,0.098229147421722243,0.12964345050542475,-8.5817107316073393,-0.0035456870280101481,0.0072858160184223371,0.0063368356751468541,
2.8610899999999999,0.62994734038404898,-0.95067682688352895,-9.4676001502463158,0.099849442983056577,0.11022789776369829,-8.5877135573970378,-0.0031014378288117283,0.0082107951121640436,0.0078092616943586527,
2.8625449999999999,0.6299473706651959,-0.9589245378597151,-9.4666594408403277,0.11247659642016607,0.075096676558394165,-8.5847238756135216,-0.0015452137658951088,0.0074042814144887146,0.0053170236962744727,
2.8635999999999999,0.58829649586474986,-0.85249222257567348,-9.4538567977782044,0.11247662465115579,0.067407369278619622,-8.5838468560738566,-0.0012076147435644816,0.0074040371540998358,0.0053148712653929226,
2.8639610000000002,0.58829652614589678,-0.86073993355185963,-9.4529160883722163,0.20948524462554952,0.018392962044014423,-8.5737298625694081,0.00090764119051571111,0.012500179220231701,0.006717419891170669,
2.8653810000000002,0.5882965564270437,-0.86898764452804578,-9.4519753789662282,0.29210211691118809,-0.033045576599417745,-8.5615391654126327,0.0032098978983966528,0.016479785110815499,0.0069829157521140214,
2.8668170000000002,0.58829658670819063,-0.87723535550423193,-9.4510346695602401,0.32648003802467929,-0.085547843113742819,-8.5567510121604275,0.0052885423797731758,0.017790064659848434,0.0058993835239150774,
2.8675480000000002,0.58867207929758303,-0.89603244006213179,-9.4522283921942858,0.326480066255669,-0.093237150393517362,-8.5558739926207625,0.0056261414021038028,0.017789820399459554,0.0058972310930335272,
2.8682660000000002,0.58867210957872995,-0.90428015103831794,-9.4512876827882977,0.32674006125020005,-0.1432404763732881,-8.5554849058390925,0.0076088879679782886,0.018440549772165707,0.0077464934570987947,
2.8696730000000001,0.58867213985987688,-0.91252786201450409,-9.4503469733823096,0.29321619916613473,-0.18965345360415375,-8.562914032543457,0.0094576464746196458,0.014773986474924814,0.0060590845569205611,
2.871108,0.58867217036898078,-0.92082405253244626,-9.4493319974442702,0.3761642091466455,-0.22767397311396576,-8.5698864686656293,0.011460288650679152,0.018769862098548411,0.0077179438103424656,
2.8714849999999998,0.60930766279232873,-0.98822120117925905,-9.4505295184507272,0.3761642375901586,-0.23540847767264844,-8.5689402107412551,0.011799875545189485,0.018769598465934161,0.0077157787276010232,
2.8725399999999999,0.60930769330143264,-0.99651739169720122,-9.4495145425126879,0.49254514048350018,-0.23605634553107974,-8.5698186544463546,0.012012351211766676,0.0232001458367052,0.0067668064268793914,
2.8739859999999999,0.60930772381053655,-1.0048135822151434,-9.4484995665746485,0.66302323127063301,-0.20649538119191099,-8.565137852585341,0.010749875097851162,0.030980158660199514,0.0057355084619523525,
2.8754089999999999,0.60930775431964046,-1.0131097727330856,-9.4474845906366092,0.79382304827237382,-0.16298340489960389,-8.5594906289752437,0.009531153918600677,0.038531158839187396,0.0064398079502177063,
2.8754339999999998,0.62858577500776114,-1.0701976816119256,-9.438799243936721,0.79382307671588692,-0.17071790945828658,-8.5585443710508695,0.0098707408131110102,0.038530895206573143,0.0064376428674762639,
2.8768410000000002,0.62858580551686505,-1.0784938721298678,-9.4377842679986816,0.79264634238879672,-0.092063826907980817,-8.554458375054784,0.0063914991205050366,0.037967331525737356,0.0050109698633461113,
2.8782640000000002,0.62858583602596896,-1.08679006264781,-9.4367692920606423,0.73298115438384315,-0.044102716014234628,-8.554847064330275,0.0044516727350260282,0.035632293614417852,0.0063352556176949236,
2.879365,0.88140472086134025,-1.0426186971744622,-9.4238331829782442,0.73298118282735625,-0.051837220572917314,-8.5539008064059008,0.0047912596295363614,0.035632029981803599,0.0063330905349534812,
2.8797060000000001,0.88140475137044416,-1.0509148876924044,-9.4228182070402049,0.6311116897154001,-0.014794266473784269,-8.5613057277311508,0.0033235616778140502,0.029835315662755046,0.0076137124472624666,
2.8811689999999999,0.88140478195794059,-1.0592399596394777,-9.4217320590089493,0.60834115141266309,0.04425947903859144,-8.5661203297455089,0.00038320551861496972,0.028835933799911763,0.0084840474415486689,
2.8825660000000002,0.88140481254543701,-1.067565031586551,-9.4206459109776937,0.62360391154921524,0.092213076971918578,-8.5630798144438423,-0.0014096614439646719,0.029512542656622884,0.0077425413010838483,
2.883324,1.1347388485752414,-0.97550057072127361,-9.4083442063287386,0.62360394006581332,0.084451646374737413,-8.5620672030674534,-0.0010688889196197593,0.029512260453226871,0.0077403686810670847,
2.8840219999999999,1.1347388791627377,-0.98382564266834704,-9.407258058297483,0.64898121119548569,0.12252822552297882,-8.5537872265508401,-0.0029751812657773163,0.030737536465697379,0.0058057511827097263,
2.8854829999999998,1.1347389097502341,-0.99215071461542048,-9.4061719102662273,0.67252951344620948,0.13548995445018111,-8.5430200813490114,-0.0033043014980650921,0.032235716485584757,0.0049343518869858017,
2.8868830000000001,1.1347389403377304,-1.0004757865624938,-9.4050857622349717,0.65514676361359869,0.11310857156433253,-8.5373173303783219,-0.0024834310329664472,0.03099540996342276,0.0058830169228779048,
2.88727,1.005773657689407,-0.91591640508236238,-9.4293538142388567,0.65514679213019678,0.10534714096715136,-8.536304719001933,-0.0021426585086215346,0.030995127760026747,0.0058808443028611412,
2.8883130000000001,1.0057736882769033,-0.92424147702943582,-9.428267666207601,0.66914330714386239,0.051586991566123078,-8.5356060492386465,0.00039564389164853256,0.031048520457102123,0.0054576216536078703,
2.8897629999999999,1.0057737188643996,-0.93256654897650926,-9.4271815181763454,0.73318171985932212,0.0054492025760210921,-8.5441246977756773,0.0021876308148272702,0.033290817157324043,0.005888855861269136,
2.8911660000000001,1.0316314142082903,-0.89432672821883352,-9.4013285852170814,0.73318174791721591,-0.0022006772902378449,-8.5430630425434533,0.0025235090642682667,0.033290521205190084,0.0058867144671157588,
2.8912019999999998,1.0316314443037709,-0.90253214853093466,-9.4001898317256227,0.85340131297112576,-0.050692898508189393,-8.5495378435521339,0.0041463639019539986,0.038212780916590514,0.0061056138515337768,
2.8925869999999998,1.0316314743992514,-0.91073756884303581,-9.3990510782341641,1.0052604129063605,-0.095956275552263659,-8.5495420058948977,0.006355783895714371,0.045551128504422986,0.0058609129741513917,
2.8940619999999999,1.031631504494732,-0.91894298915513695,-9.3979123247427054,1.1336123254914139,-0.11654160115237013,-8.5427876967112883,0.007030072767404979,0.050787451425201365,0.0047681879909040516,
2.8950809999999998,1.0491131509906342,-0.98409611770339922,-9.3733448912141704,1.1336123535493077,-0.12419148101862906,-8.5417260414790643,0.0073659510168459759,0.050787155473067405,0.0047660465967506744,
2.8954569999999999,1.0491131810861147,-0.99230153801550036,-9.3722061377227117,1.238835483586711,-0.16436670337914661,-8.5349025088323458,0.0097744539296433335,0.056136720826197216,0.0055250407586698042,
2.8968919999999998,1.0491132111815953,-1.0005069583276016,-9.3710673842312531,1.2847689487468015,-0.18203499314020741,-8.5320226848465346,0.010252023901378306,0.057910115192349801,0.0072537753852727378,
2.8983310000000002,1.0491132412770758,-1.0087123786397028,-9.3699286307397944,1.3057446567706597,-0.15883127924255613,-8.5354262302575048,0.0091295310360235016,0.058672475190262065,0.0066308783278959532,
2.8990469999999999,1.2685125445139749,-1.0638419453299521,-9.3656740609778115,1.3057446848285534,-0.16648115910881506,-8.5343645750252808,0.0094654092854644985,0.058672179238128105,0.006628736933742576,
2.8997480000000002,1.2685125746094554,-1.0720473656420533,-9.3645353074863529,1.3098265887425373,-0.14887873624438547,-8.5447723452959128,0.0094004063348168843,0.058484617933137334,0.0072614945736591682,
2.9011900000000002,1.268512604863784,-1.0802734155463911,-9.363326413381289,1.3333676390416642,-0.096273266507336183,-8.5507870522924083,0.0067186831017809904,0.059394357032238165,0.0067860088196963165,
2.902622,1.2685126351181126,-1.088499465450729,-9.3621175192762252,1.3849600499624104,-0.044329400533650261,-8.5521622618133506,0.0043121788968304223,0.061387918980009601,0.0068067777854780341,
2.902946,1.3405567236672722,-1.0698767809469314,-9.3712498138084115,1.3849600781683973,-0.051998513284550997,-8.5510352147733428,0.0046489050036205275,0.061387604729574913,0.0068046310075513539,
2.904058,1.3405567539216008,-1.0781028308512692,-9.3700409197033476,1.4546117812241197,-0.00082994886524312417,-8.5450206038315972,0.0029079031942825032,0.064908772464740278,0.0063917849876864241,
2.9054850000000001,1.3405567841759294,-1.0863288807556071,-9.3688320255982838,1.4997082244097077,0.058585183808363153,-8.5361167941851104,0.00036686411155281533,0.067731935208592539,0.0066416861340206435,
2.9069120000000002,1.3769337330696549,-0.98075075249148491,-9.3776742775010202,1.4997082526156946,0.050916071057462417,-8.5349897471451026,0.00070359021834292027,0.067731620958157851,0.0066395393560939632,
2.9069150000000001,1.3769337633239835,-0.98897680239582275,-9.3764653833959564,1.4808136045209233,0.11538718225530122,-8.5307615411846776,-0.0020442071887281418,0.067435851369400043,0.0069963156078436447,
2.9083549999999998,1.3769337935783121,-0.99720285230016059,-9.3752564892908925,1.3984819199287111,0.14783673237016537,-8.5287106580352603,-0.0036779156601515137,0.063303830824396251,0.0053348806190803757,
2.9097949999999999,1.3769338238326407,-1.0054289022044984,-9.3740475951858286,1.3196240946742304,0.13221206697686297,-8.5337708711784543,-0.0027202532232275065,0.059353285134150509,0.0069640665944962366,
2.9108269999999998,1.4921033762888254,-0.90873644299190681,-9.3627060180055821,1.3196241218676059,0.1248102913224827,-8.5326236296095743,-0.0023952617941693805,0.059352965186309892,0.0069619946509615763,
2.9112149999999999,1.4921034054570059,-0.9166757415641561,-9.36147546282867,1.2853658197735909,0.1082297822005554,-8.5315967895242029,-0.0019338996116725247,0.05733905229792919,0.0079932628742973282,
2.9126460000000001,1.4921034346251865,-0.92461504013640539,-9.360244907651758,1.3270970008738194,0.072626149179513877,-8.5283436628284903,-0.00076514855682446024,0.058591132196763651,0.0067153799266786943,
2.9140860000000002,1.492103463793367,-0.93255433870865467,-9.3590143524748459,1.4304502991279078,0.035096149136950035,-8.5222524426940218,0.0010678199465907034,0.063607339616377212,0.00638853042245473,
2.9148299999999998,1.3957128526910363,-0.9155302238908154,-9.3680624098868357,1.4304503263212833,0.027694373482569763,-8.5211052011251418,0.0013928113756488292,0.063607019668536602,0.0063864584789200696,
2.9155150000000001,1.3957128818592168,-0.92346952246306468,-9.3668318547099236,1.5384048987187076,0.021046521433669824,-8.5145212332481677,0.0013200037759367137,0.068756330554379463,0.0052364745828327756,
2.9169420000000001,1.3957129110273974,-0.93140882103531397,-9.3656012995330116,1.6162615367886151,-0.018246214807864588,-8.5091768400486814,0.002781425423928746,0.073521423450562229,0.005439037895699223,
2.91838,1.3957129401955779,-0.93934811960756326,-9.3643707443560995,1.5857186168948696,-0.060820515188145088,-8.5064968283363775,0.0051379363069603773,0.07109670136650445,0.0045838504932511686,
2.918758,1.3057295265195172,-0.93772870154388255,-9.373183076772456,1.5857186440882451,-0.06822229084252536,-8.5053495867674975,0.0054629277360185033,0.07109638141866384,0.0045817785497165083,
2.9198140000000001,1.3057295556876978,-0.94566800011613183,-9.3719525215955439,1.5637331601435849,-0.12533142118960891,-8.5113808415369281,0.0078494916698294646,0.069423223080375476,0.0056577541479135183,
2.9212500000000001,1.305729584719723,-0.95356913394274345,-9.37066420356037,1.6193807776108737,-0.18061626964597299,-8.5180265822027206,0.010213072236628817,0.071561246551779589,0.0069262208986639274,
2.922685,1.5201622775364751,-0.95032113004728647,-9.3462878706877675,1.6193808046773124,-0.18798246446376604,-8.5168254885568437,0.010536504639078435,0.071560911523823892,0.0069241589151018794,
2.9226999999999999,1.5201623065685004,-0.95822226387389808,-9.3449995526525935,1.7369797057277108,-0.17749927956859782,-8.5215249861479823,0.0099333940085521433,0.076149655713194195,0.0051075465695824395,
2.9241290000000002,1.5201623356005256,-0.9661233977005097,-9.3437112346174196,1.9022740388812815,-0.15010863698835816,-8.5198151450869357,0.0092222930792622716,0.085024111577120601,0.0060742102276805038,
2.9255589999999998,1.5201623646325508,-0.97402453152712132,-9.3424229165822457,1.9664396251551721,-0.09133336015635031,-8.5110938988235638,0.0069438604181321119,0.088642105943404853,0.0044653860377604476,
2.9266519999999998,1.6590150191076298,-1.0277315024036098,-9.3451093666059286,1.9664396522216108,-0.098699554974143344,-8.509892805177687,0.0072672928205817292,0.088641770915449156,0.0044633240541983995,
2.9270040000000002,1.6590150481396551,-1.0356326362302213,-9.3438210485707547,1.9233338702351028,-0.041440940751686389,-8.5000639336293879,0.0042368922297431498,0.086980705763754149,0.0048696166008109203,
2.92841,1.6590150771716803,-1.0435337700568328,-9.3425327305355808,1.8052096487662497,-0.017962996161496457,-8.4974025629943757,0.0036769376055990869,0.081407568760852908,0.0062209970171169041,
2.9298670000000002,1.6590151062037055,-1.0514349038834443,-9.3412444125004068,1.699918156036017,0.005548435853037284,-8.5056066958803243,0.0028003625315046752,0.075531775960847536,0.007462147798261552,
2.9305479999999999,1.7885695860036008,-0.97126751144952261,-9.3439235387814197,1.6999181830312939,-0.0018014110128102495,-8.5043498268689852,0.0031230803124057565,0.075531425316848713,0.0074600903909038353,
2.931279,1.7885696149592964,-0.97915111012273304,-9.3425753949287582,1.693952761952026,0.039747795443073816,-8.509958963786648,0.0012128569742163031,0.075859793216424901,0.010226261249885814,
2.9327109999999998,1.7885696439149921,-0.98703470879594346,-9.3412272510760967,1.7128426793443183,0.093292502376312106,-8.5157901308911867,-0.0015912282119485356,0.076052460884971668,0.0084268266690097817,
2.9341599999999999,1.7885696728706877,-0.99491830746915388,-9.3398791072234353,1.7809046764347538,0.12179074385074461,-8.5103138111697376,-0.0027651233115266833,0.08017893031231868,0.0075243312840706632,
2.9344779999999999,1.7027495412568234,-0.92110898904039318,-9.3350609866541081,1.7809047034300307,0.11444089698489707,-8.5090569421583986,-0.002442405530625602,0.080178579668319858,0.0075222738767129465,
2.9355699999999998,1.702749570212519,-0.9289925877136036,-9.3337128428014466,1.778882564769406,0.13271186822486475,-8.4961177899203602,-0.0031326209456852862,0.080598040748118924,0.0081608324022628183,
2.9370750000000001,1.7027495991682147,-0.93687618638681402,-9.3323646989487852,1.7258005483690317,0.1010354775810085,-8.4820860126690487,-0.0022963493763276241,0.078141669940941502,0.0080593590658937682,
2.9384229999999998,1.8127520591680948,-0.84669155303984089,-9.3321789583492052,1.7258005753643086,0.093685630715160964,-8.4808291436577097,-0.0019736315954265427,0.07814131929694268,0.0080573016585360514,
2.9384610000000002,1.8127520881237904,-0.85457515171305132,-9.3308308144965437,1.6598107444829893,0.015623077672117985,-8.4781942954372482,0.0018824380931344417,0.075106152757434236,0.0094810734328995613,
2.9398689999999998,1.812752117079486,-0.86245875038626174,-9.3294826706438823,1.62094918792298,-0.032333495340148274,-8.4885874601025435,0.0038074140725075497,0.072196234370414877,0.0083183959414524916,
2.9413480000000001,1.8127521455153159,-0.87020413079148706,-9.3280973935251961,1.6836414787151244,-0.066511315820385039,-8.4995623724288656,0.0050486872838612111,0.075542478631069027,0.0095157037938937896,
2.9423530000000002,1.9154555626034908,-0.95502088217249004,-9.3280631078175542,1.6836415052257325,-0.073732302359132806,-8.4982708842251711,0.0053657501348465756,0.07554211827501639,0.0095136824577895952,
2.9427680000000001,1.9154555910393207,-0.96276626257771536,-9.326677830698868,1.7563576994761774,-0.1000872705889139,-8.5058374697626427,0.0058999377134466733,0.078397635756535147,0.0078494449780923958,
2.9441670000000002,1.9154556194751506,-0.97051164298294068,-9.3252925535801818,1.8368227226157798,-0.12359545793340704,-8.4990659533642994,0.0070355746426841552,0.082846914592693277,0.0065012007250438613,
2.9456190000000002,1.9154556479109806,-0.978257023388166,-9.3239072764614956,1.8585029502243067,-0.14848226159639161,-8.4888084314097085,0.0085177780704960415,0.083771757158173366,0.0068012850692336976,
2.9462890000000002,1.8804176357745241,-1.0509374680974279,-9.3391721671094476,1.8585029767349148,-0.15570324813513939,-8.487516943206014,0.0088348409214814051,0.083771396802120729,0.0067992637331295023,
2.9470670000000001,1.8804176642103541,-1.0586828485026534,-9.3377868899907615,1.8506526374532906,-0.18379776980467197,-8.4800425847234582,0.0098639634911824852,0.083428549465268856,0.0067992992840146078,
2.948455,1.880417692646184,-1.0664282289078788,-9.3364016128720753,1.8416673107196193,-0.18902549701667787,-8.4862291991130707,0.010700258801897903,0.083089328336266699,0.0065650712931300242,
2.9499149999999998,1.8804177210820139,-1.0741736093131042,-9.3350163357533891,1.8381470051795816,-0.16524355119699979,-8.4948353907447274,0.0097904200497376751,0.082601896604071343,0.005773929627273168,
2.950234,1.9484949069196109,-1.0914922282789872,-9.3042655404010777,1.8381470320065707,-0.17254435420701086,-8.4934708175793947,0.010110990722933663,0.082601515803599507,0.0057718859485259861,
2.9513400000000001,1.9484949356947976,-1.0993232214919944,-9.3028018708318925,1.8385614434556126,-0.12420673319143,-8.5006412175671997,0.0078191961256710869,0.083346066685170903,0.0072360317523114653,
2.9527410000000001,1.9484949644699843,-1.1071542147050015,-9.3013382012627073,1.8123773332011792,-0.069939317985555194,-8.5016048842189385,0.0051457426617835473,0.081625852628198284,0.0060153084881004546,
2.95418,2.0120698591885611,-1.0865815107218919,-9.2720604501589925,1.8123773600281683,-0.077240120995566264,-8.5002403110536058,0.005466313334979535,0.081625471827726448,0.0060132648093532727,
2.95418,2.0120698879637477,-1.0944125039348991,-9.2705967805898073,1.8091456270740298,-0.039783574639255338,-8.4916504457326898,0.004417152611100446,0.082096382656033612,0.0070222844695562239,
2.9556110000000002,2.0120699167389344,-1.1022434971479063,-9.2691331110206221,1.7797631315673772,0.010497854353778424,-8.4815748289978625,0.0024298972003810198,0.081319656071126872,0.0077954389221154283,
2.957055,2.0120699455141211,-1.1100744903609134,-9.2676694414514369,1.7230843774063187,0.070798511705460643,-8.4743046858247641,-0.00060893283513745525,0.078856886437275384,0.0070022301971588924,
2.9581149999999998,2.02189656804287,-1.0202708582290669,-9.2894224790055908,1.7230844042333078,0.063497708695449573,-8.4729401126594315,-0.00028836216194146741,0.078856505636803548,0.0070001865184117105,
2.9584790000000001,2.0218965968180567,-1.0281018514420741,-9.2879588094364056,1.6489191521035536,0.079749140243781033,-8.4815503006491966,-0.00080155813970538415,0.076103458208432145,0.0068052418475127198,
2.9599099999999998,2.0218966255932433,-1.0359328446550813,-9.2864951398672204,1.5543226358247446,0.095364936542366954,-8.4871716251172327,-0.0016602958112587113,0.070940907745058138,0.0056371012764075005,
2.9613499999999999,2.0218966539331458,-1.043652438070011,-9.2849912425931738,1.522296187940597,0.091407897112607911,-8.494097587207575,-0.0018376026721181157,0.069608928403386477,0.0067718973931760826,
2.9620440000000001,1.9293217231830762,-0.94212951185712668,-9.2879931073947493,1.5222962143617722,0.084210951679662346,-8.4926955099171906,-0.0015215891813369154,0.069608537086757669,0.0067698827867833117,
2.962793,1.9293217515229786,-0.94984910527205635,-9.2864892101207026,1.5290542780717014,0.036327741734737344,-8.4924156268505673,0.00076199322408920106,0.068982953550127304,0.0057945915085563333,
2.9642019999999998,1.929321779862881,-0.95756869868698602,-9.284985312846656,1.6093944075080793,-0.00098977191756238758,-8.4817281058294842,0.0024058041553755038,0.073483826655444492,0.0069841041117207434,
2.9656560000000001,1.9293218082027834,-0.96528829210191569,-9.2834814155726093,1.6672548329713675,-0.020003929366930476,-8.4747851524078275,0.0033146876740998612,0.076220811716040004,0.0056365018494099828,
2.9660009999999999,1.8428541088355654,-0.86417079987094825,-9.2865505025523358,1.6672548593925427,-0.027200874799876044,-8.473383075117443,0.0036307011648810616,0.076220420399411196,0.0056344872430172119,
2.967076,1.8428541371754679,-0.87189039328587792,-9.2850466052782892,1.6974330819892722,-0.047274443031449391,-8.467151624887272,0.0041288009723685704,0.078051472416413401,0.0049509741966493439,
2.9685609999999998,1.8428541655153703,-0.87960998670080759,-9.2835427080042425,1.6661442730979392,-0.089532865271119061,-8.4724251233584482,0.0061809376701035534,0.077109758293114394,0.0055879724273332747,
2.9698980000000001,1.9126030667117426,-0.92593312785438631,-9.2630964684846084,1.6661442995191145,-0.096729810704064625,-8.4710230460680638,0.0064969511608847534,0.077109366976485585,0.0055859578209405038,
2.9699659999999999,1.9126030952342168,-0.93369398045378915,-9.2615224305969566,1.5931969663260184,-0.13253577099428546,-8.4796307872376797,0.0079084049163484806,0.072664046835066651,0.0051310213844512273,
2.9713829999999999,1.9126031237566909,-0.941454833053192,-9.2599483927093047,1.5907479676698337,-0.1639958593799378,-8.485504815071172,0.0090582574674631135,0.07200763361545226,0.0069651977978126365,
2.972807,1.9126031522791651,-0.94921568565259484,-9.2583743548216528,1.654709485865181,-0.1824462529826805,-8.4922398542992514,0.010419920473620985,0.074210008407543326,0.0068775039503722636,
2.9738630000000001,1.8505955486768444,-1.0028593293853674,-9.2530269649102195,1.6547095124565672,-0.18968166418490959,-8.490772385201085,0.010737626122196444,0.074209598793584741,0.0068754785764397388,
2.9742609999999998,1.8505955771993186,-1.0106201819847702,-9.2514529270225676,1.7835616908026264,-0.14043379836897316,-8.4861331422313526,0.0085692323317238597,0.080924456967737063,0.0072120924448536025,
2.975676,1.8505956057217927,-1.0183810345841731,-9.2498788891349157,1.8611585932188817,-0.078928373284062062,-8.4792914875181467,0.0061085460837024888,0.085794311416986277,0.0064935720856856361,
2.9770919999999998,1.8505956342442669,-1.0261418871835759,-9.2483048512472639,1.8188481981644276,-0.021795813904193176,-8.4709752732675767,0.0037630913236405077,0.083819046550848944,0.0060963111568089765,
2.9778069999999999,1.7926924672523896,-1.0711450589479146,-9.2702792093966746,1.8188482247558138,-0.029031225106422254,-8.4695078041694103,0.004080796972215966,0.083818636936890359,0.0060942857828764517,
2.978545,1.7926924957748638,-1.0789059115473174,-9.2687051715090227,1.7040323247634939,0.0059171764816675909,-8.4669983331309595,0.0023902915019433711,0.07930076535512319,0.0063781585849314601,
2.9799739999999999,1.7926925242973379,-1.0866667641467203,-9.2671311336213709,1.543644263619234,0.01423512463931826,-8.4719662584837927,0.0024705719386488518,0.070412617550303078,0.0072653647509260044,
2.9814120000000002,1.7926925530292026,-1.094488474043221,-9.2654828292016678,1.4893198056141803,0.044312096616859593,-8.4783826252024497,0.0006999562398326809,0.068254654775071671,0.0086703624935331042,
2.981732,1.942625393496336,-0.98303373913067171,-9.2472596939349128,1.4893198324007804,0.037019948404937303,-8.4768459177195741,0.0010201563408549375,0.068254225788127842,0.0086683212374824813,
2.9828250000000001,1.9426254222282007,-0.99085544902717249,-9.2456113895152097,1.4953099756102495,0.077821016362479067,-8.4816230022045165,-0.00082439899307181104,0.067850024297209377,0.0071907155215800043,
2.984308,1.9426254509600653,-0.99867715892367326,-9.2439630850955066,1.5500654670390825,0.12685787020775871,-8.4779464301582426,-0.002888209813975627,0.071254427352722444,0.0062399163398254229,
2.9856199999999999,1.8368070791410027,-0.93601958538738061,-9.2330920836049071,1.5500654938256826,0.11956572199583643,-8.476409722675367,-0.0025680097129533704,0.071253998365778615,0.0062378750837748,
2.9856919999999998,1.8368071078728674,-0.94384129528388139,-9.231443779185204,1.5684744155459469,0.15752926063981826,-8.4653166466579428,-0.0045248927187425611,0.072498718581627319,0.0052660750114096157,
2.9871110000000001,1.836807136604732,-0.95166300518038216,-9.2297954747655009,1.5420217035860855,0.13665899599909295,-8.4580384181207471,-0.0034983488086216545,0.07118590828547762,0.005678643279322204,
2.9885679999999999,1.8368071653365967,-0.95948471507688293,-9.2281471703457978,1.5027379870949784,0.081810490655631035,-8.4602152909137942,-0.0011116273617094467,0.069458871443878883,0.0071028993402402641,
2.9895619999999998,1.7379791156972593,-0.90119911274570552,-9.2448343340955432,1.5027380138815785,0.074518342443708752,-8.4586785834309186,-0.00079142726068718997,0.069458442456935054,0.0071008580841896412,
2.9900000000000002,1.7379791444291239,-0.90902082264220629,-9.2431860296758401,1.4857077808610009,0.021426883222510108,-8.4640462108013512,0.0017170569940611381,0.067605263068905158,0.0075963312558705283,
2.9914329999999998,1.7379791726596894,-0.91670740870955736,-9.2415036864289473,1.549442836001039,-0.015954977637582121,-8.4719556389654684,0.0027845545770274062,0.070408069512032614,0.0078535998048755492,
2.9928659999999998,1.7379792008902548,-0.92439399477690842,-9.2398213431820544,1.6363419423967795,-0.046132814507411316,-8.4736672074590214,0.0042425880365054335,0.074472140413056512,0.00735349076538279,
2.9934910000000001,1.7067798209359053,-0.94064518927398977,-9.2274197268290923,1.6363419687160206,-0.053298987324930075,-8.4720987657164866,0.0045572596957565107,0.074471702522383526,0.0073514847730199598,
2.9942880000000001,1.7067798491664707,-0.94833177534134083,-9.2257373835821994,1.7032988661786181,-0.062757366983712787,-8.4641852821468753,0.0050010133152749246,0.077942510817813823,0.0068931341470498527,
2.9957220000000002,1.7067798773970362,-0.9560183614086919,-9.2240550403353065,1.7125293806211126,-0.087101167214209171,-8.4544331034230531,0.0062363446210057074,0.077715174398726869,0.0063376685921043641,
2.9971700000000001,1.7067799056276016,-0.96370494747604296,-9.2223726970884137,1.7288413657431421,-0.13098150600769121,-8.4524908044497842,0.0087540314957047088,0.078677627780103523,0.0074792182906482808,
2.9974210000000001,1.8424754463405628,-0.9868362101781275,-9.2107358938120463,1.7288413920623831,-0.13814767882520998,-8.4509223627072494,0.0090687031549557869,0.078677189889430538,0.0074772122982854506,
2.9986000000000002,1.8424754745711283,-0.99452279624547857,-9.2090535505651534,1.75229251956407,-0.13727059890715765,-8.4583281020239944,0.0087223884871803041,0.079044434420230597,0.0070411534215548081,
3.000041,1.8424755028016937,-1.0022093823128297,-9.2073712073182605,1.814070249366744,-0.10520570429377918,-8.4681164039070183,0.0074186341347492381,0.082197527305449034,0.0075403550992286204,
3.0013670000000001,1.9692121429768221,-1.021130452732516,-9.2000828489563062,1.814070276099492,-0.11248535113068432,-8.4664642991162911,0.0077382917173714778,0.082197066013549674,0.0075383173426283373,
3.0014820000000002,1.9692121716509239,-1.028938753394063,-9.1983107669831838,1.8574833174466143,-0.066974843237740236,-8.4728210964185493,0.0057097859114275396,0.084363172696648447,0.0071368364094082171,
3.0028920000000001,1.9692122003250256,-1.0367470540556101,-9.1965386850100614,1.8546761052239633,-0.018100593189176957,-8.4687237460863187,0.0034568303380822733,0.084110474043581782,0.0053562974863157267,
3.0043310000000001,1.9692122289991274,-1.0445553547171571,-9.194766603036939,1.8291968556370892,0.012536819661320094,-8.4514948476891831,0.0025246362274877858,0.083568890806531043,0.0071833579988812204,
3.0052599999999998,2.0576651570526256,-1.0060436117527938,-9.2226510502274586,1.8291968823698372,0.0052571728244149556,-8.4498427428984559,0.0028442938101100254,0.083568429514631684,0.0071813202422809372,
3.0057649999999998,2.0576651857267274,-1.0138519124143408,-9.2208789682543362,1.7495183858216015,0.032669908018550117,-8.4324873035803964,0.0015832621942761019,0.079862996140490458,0.0068034006054465967,
3.0072030000000001,2.0576652144008292,-1.0216602130758878,-9.2191068862812138,1.660371956054925,0.060534706476803521,-8.4276847356195965,0.00039218410352429879,0.076339271778059242,0.0083623085221408433,
3.0086330000000001,2.0576652430749309,-1.0294685137374349,-9.2173348043080914,1.5442506863661187,0.097570004259693088,-8.4298846620540502,-0.0011801225819977376,0.071103836465637518,0.0072585333765992979,
3.0091960000000002,1.9618505378279099,-0.96064897220191103,-9.2442325171160853,1.5442507130988667,0.090290357422787945,-8.428232557263323,-0.00086046499937549818,0.071103375173738159,0.0072564956199990148,
3.0100570000000002,1.9618505665020116,-0.96845727286345795,-9.2424604351429629,1.4549432500929214,0.1190358712447494,-8.4326363365794741,-0.0024711195015866389,0.066137627823673911,0.0062315650299971485,
3.0114770000000002,1.9618505951657985,-0.97626763648422854,-9.240624401433907,1.4368750689595873,0.10262857333859819,-8.4349207575798317,-0.001919558632180819,0.065559732744942784,0.0079071838875797388,
3.0129480000000002,1.9618506238295854,-0.98407800010499913,-9.238788367724851,1.4618118557277116,0.063588889821835637,-8.4287999487683152,-0.00012765798636493264,0.065690414953960025,0.0067838474369948925,
3.013096,1.8724216388775421,-0.92040367070348394,-9.2040563847060319,1.461811882450843,0.056307319696466344,-8.4270882220351986,0.00019208726936130921,0.065689936971966248,0.0067818091420186076,
3.0143450000000001,1.872421667541329,-0.92821403432425453,-9.202220350996976,1.5593374934348843,0.023855106219447621,-8.4115810777409408,0.0017902811345261041,0.071234769151361607,0.0073997251855184394,
3.0157690000000001,1.8724216962051159,-0.93602439794502512,-9.2003843172879201,1.6070615558231378,0.0067679914213208906,-8.4013999588513855,0.0023041562242872692,0.072725703271765002,0.0056975987713082472,
3.0170940000000002,1.830556065951255,-0.92767155727138806,-9.2071955151961546,1.6070615825462693,-0.00051357870404840095,-8.3996882321182689,0.0026239014800135112,0.072725225289771225,0.0056955604763319623,
3.0172210000000002,1.8305560946150419,-0.93548192089215865,-9.2053594814870987,1.664190751811534,-0.026343540292789586,-8.3984546652575869,0.0038862479920205549,0.076353988397665343,0.0048099886375346781,
3.0186459999999999,1.8305561232788288,-0.94329228451292924,-9.2035234477780428,1.6372101648876751,-0.047764528556086573,-8.4032665572130831,0.0048630963883261888,0.075086322091866373,0.0062057815044715345,
3.0200740000000001,1.8305561519426157,-0.95110264813369982,-9.2016874140689868,1.5693914892787102,-0.086760680146365399,-8.4095304925024159,0.0061535117222787684,0.070889688277169738,0.0043087494821739914,
3.0209869999999999,1.8083021812549229,-0.98287312630161405,-9.2083420871264838,1.569391516549979,-0.094175918819994903,-8.4077254862787871,0.0064791299399176924,0.070889184207977074,0.0043066737699994214,
3.0215489999999998,1.8083022105066533,-0.99082686558842892,-9.2064059998950807,1.5890961186308743,-0.17145431967736063,-8.4133565610813257,0.010393034645411832,0.0711872393185113,0.0062986311644106941,
3.022977,1.8083022397583837,-0.99878060487524378,-9.2044699126636775,1.6710404543386055,-0.18947023546873693,-8.4159944614000075,0.011281752062981407,0.074034443243071207,0.0065590836872587866,
3.0243690000000001,1.808302269010114,-1.0067343441620586,-9.2025338254322744,1.8218187275335767,-0.14889839131035262,-8.4073103240140696,0.0093101080057155627,0.082170761348898336,0.0083490878980345268,
3.0250059999999999,1.8688113177277863,-1.0323007134418007,-9.1926725812929355,1.8218187548048455,-0.15631362998398213,-8.4055053177904409,0.0096357262233544867,0.082170257279705672,0.0083470121858599568,
3.0258080000000001,1.8688113469795167,-1.0402544527286155,-9.1907364940615324,1.9118725217411356,-0.10741251339697769,-8.4016091909282817,0.0081516283190078073,0.086813321313277597,0.0063269274596717048,
3.027269,1.868811376231247,-1.0482081920154303,-9.1888004068301292,1.8948833870993966,-0.051568444975405095,-8.3953361874812007,0.005517791939441111,0.086497924423075537,0.006822261863505691,
3.0286960000000001,1.8688114054829774,-1.056161931302245,-9.1868643195987261,1.7832560386784921,-0.020894589055806219,-8.3930647105467884,0.0039506622831689238,0.081833740272632738,0.0072015212146603735,
3.028966,2.0556008170490521,-1.0535291415265309,-9.1868265442836172,1.7832560659497609,-0.028309827729435719,-8.3912597043231596,0.0042762805008078469,0.081833236203440074,0.0071994455024858035,
3.0301070000000001,2.0556008463007824,-1.0614828808133456,-9.1848904570522141,1.6361459173962154,-0.027158361759999999,-8.3944048616341309,0.0044636863108842096,0.073441056064774871,0.0070497608048865033,
3.0315409999999998,2.0556008759114675,-1.0695438939797908,-9.1828594736965226,1.586817469044923,-0.026747565819921847,-8.3993196606123721,0.0048316207067599544,0.071605150616966595,0.0087308169939878302,
3.032931,2.2381643449466297,-1.0223520408358264,-9.1829071569169827,1.5868174966508439,-0.034262815493688523,-8.397426183119391,0.0051616340989954898,0.071604621797144621,0.0087287132862157689,
3.0329869999999999,2.2381643745573148,-1.0304130540022716,-9.1808761735612912,1.5834398720821912,0.01805391190828138,-8.3983698790497634,0.0024792917104804221,0.070806592837257751,0.0083243080815234658,
3.03443,2.2381644041679998,-1.0384740671687167,-9.1788451902055996,1.6299498226112124,0.081802942045557533,-8.3895590119011505,-0.00028169637126772805,0.074049409830974008,0.0075628307734040921,
3.0358619999999998,2.2381644337786848,-1.0465350803351618,-9.1768142068499081,1.6196944829094151,0.10921588161530225,-8.3761324498058283,-0.0011289786355711726,0.074028936180989144,0.0075559844751548642,
3.0368520000000001,2.0425213155125403,-1.0019766152211431,-9.1939329727531689,1.619694510515336,0.10170063194153559,-8.3742389723128472,-0.00079896524333563702,0.07402840736116717,0.0075538807673828038,
3.0372659999999998,2.0425213451232254,-1.0100376283875883,-9.1919019893974774,1.5519422935587435,0.092730271152300925,-8.3603403791784068,-0.00084515564266195295,0.070754351397318629,0.0080251721258402641,
3.0387040000000001,2.0425213747339104,-1.0180986415540334,-9.1898710060417859,1.4719065451910582,0.031305247297322404,-8.3540380950421866,0.0018291521262795653,0.06714927207489603,0.0088180576786545013,
3.0401690000000001,2.0425214043445954,-1.0261596547204785,-9.1878400226860943,1.4275798142673113,-0.015894855675687752,-8.3570313683165622,0.0041183224346540304,0.063268604610914936,0.0090000203968948322,
3.040797,2.0660634419180099,-0.92636815811970763,-9.1622219590370655,1.4275798413202869,-0.023262012137712843,-8.3551128880735472,0.0044418360734545838,0.063268068767924499,0.0089979581441452551,
3.0415779999999999,2.0660634709355943,-0.93427032342593097,-9.1601641572114669,1.5086609315669066,-0.049183405067576492,-8.3648118919120709,0.0057636460756288112,0.067750643542047434,0.0087360457508514205,
3.0430100000000002,2.0660634999531786,-0.94217248873215431,-9.1581063553858684,1.6007926954993723,-0.048346918417056295,-8.3699503084297699,0.0052543470161724925,0.07151875756764435,0.008115577580652452,
3.0444249999999999,2.066063528970763,-0.95007465403837765,-9.1560485535602698,1.6945678379994391,-0.043042752085281515,-8.3646215908131065,0.0047037829230106333,0.076097390847346763,0.0060219866324087322,
3.0447380000000002,2.0594470164988969,-0.99058287070733531,-9.1318248014084755,1.6945678650524147,-0.050409908547306606,-8.3627031105700915,0.0050272965618111867,0.076096855004356326,0.0060199243796591542,
3.0458639999999999,2.0594470455164813,-0.99848503601355865,-9.129766999582877,1.7539526038987234,-0.092034626201460024,-8.3525712203441227,0.0073492804955833761,0.079048126631322727,0.0064727335857788825,
3.0473020000000002,2.0594470745340656,-1.0063872013197821,-9.1277091977572784,1.7702899149381126,-0.12657315627082472,-8.3437668358836188,0.009141347777960291,0.07926251114482151,0.0068306452373601053,
3.0486879999999998,2.1346168647797361,-1.0405649024639481,-9.1406559789646309,1.7702899419910882,-0.13394031273284981,-8.3418483556406038,0.0094648614167608443,0.079261975301831072,0.0068285829846105274,
3.0487280000000001,2.1346168937973204,-1.0484670677701715,-9.1385981771390323,1.7762058383123698,-0.15103268881470605,-8.3397950145035136,0.010149656807791231,0.079600232456129266,0.0079086516998035476,
3.0501559999999999,2.1346169235751056,-1.0565672771618662,-9.1364186607192366,1.7776662915592283,-0.14172218146468921,-8.347259713583318,0.010067699307174268,0.079296779149966509,0.0072218443958114069,
3.051593,2.1346169533528907,-1.0646674865535608,-9.1342391442994408,1.8031695513645127,-0.10390635356670436,-8.3541185946573471,0.0081685124577369154,0.079747945307186832,0.0047636724309967592,
3.0526239999999998,2.149825094332797,-1.1096982569411109,-9.1162122768461877,1.8031695791262201,-0.11145814572129038,-8.3520866403949459,0.0085001375530854382,0.079747377731093902,0.0047615584940622546,
3.0530309999999998,2.1498251241105821,-1.1177984663328056,-9.114032760426392,1.856074763262753,-0.061583508493069684,-8.3552826751524645,0.006427578720380963,0.082680910475962391,0.0056045260829454295,
3.0544500000000001,2.1498251538883673,-1.1258986757245002,-9.1118532440065962,1.8959825974896467,-0.0081662364949829924,-8.3460379804751046,0.0041151766888501314,0.084292240568259569,0.0065166107933698801,
3.0558860000000001,2.1498251836661524,-1.1339988851161948,-9.1096737275868005,1.9105944792419756,0.025322245646522735,-8.3338317608882857,0.0029253731868909521,0.085604563439582365,0.0075185957914710392,
3.056578,2.1640270547905884,-1.0365317030727772,-9.0927223193632347,1.9105945070036829,0.017770453491936705,-8.3317998066258845,0.0032569982822394754,0.085603995863489435,0.0075164818545365346,
3.0573220000000001,2.1640270845683736,-1.0446319124644718,-9.090542802943439,1.8735989982879648,0.055367071257529585,-8.3227188270834755,0.0018081431601709871,0.084028877108228192,0.0086773274070797018,
3.0587610000000001,2.1640271143461587,-1.0527321218561665,-9.0883632865236432,1.816503943532197,0.10074774014401894,-8.3214542746221021,-0.00067707972943850062,0.081079668587621875,0.0074754557506341189,
3.0601970000000001,2.1640271437247609,-1.0607374351235728,-9.0861404479601511,1.7733443759638572,0.10141323101460174,-8.3261394382557548,-0.00068190467795575316,0.078970337310194982,0.0085229753761079195,
3.0605540000000002,2.2456506707573176,-0.97135357075243789,-9.0895141735465046,1.7733444033534083,0.093949910129367833,-8.3240670949356055,-0.00035416116774366382,0.078969758411857827,0.0085208862045137966,
3.0616189999999999,2.2456507001359198,-0.97935888401984417,-9.0872913349830124,1.781193134124617,0.077978266408188973,-8.3271689326698617,0.00035517136549808009,0.07873712005099949,0.0057813473776526653,
3.0630510000000002,2.245650729514522,-0.98736419728725044,-9.0850684964195203,1.8414880076018059,0.077079777338753083,-8.3220471843886941,0.00031934063647399399,0.08152013569526953,0.0073848292301210748,
3.0645009999999999,2.1670202392343505,-0.91002670968746613,-9.1035194767572083,1.8414880349913569,0.069616456453519174,-8.3199748410685448,0.00064708414668608334,0.081519556796932374,0.007382740058526952,
3.0645169999999999,2.1670202686129527,-0.91803202295487241,-9.1012966381937161,1.9090462721016082,0.056610855978738314,-8.3105872339631723,0.0012563677704730083,0.084267107657680196,0.0057741392118639892,
3.065928,2.1670202979915549,-0.92603733622227868,-9.099073799630224,2.0146258105466961,0.041295905611260897,-8.2973529711861218,0.0019643475061233559,0.089810806110252869,0.005999373566730885,
3.0673400000000002,2.1670203273701572,-0.93404264948968496,-9.0968509610667319,2.046298243353732,0.026922452595184287,-8.2906142429742467,0.0028163679855131101,0.091204869257172305,0.0058651348680180291,
3.068416,2.0936470445315596,-0.93173007006310904,-9.1147783887636109,2.0462982707432831,0.019459131709950374,-8.2885418996540974,0.0031441114957251994,0.091204290358835149,0.0058630456964239063,
3.0687760000000002,2.0936470739101618,-0.93973538333051532,-9.1125555502001188,2.0361534002460617,-0.02006937515311074,-8.2938235515582139,0.0043662603206094724,0.089636538100129504,0.0055629795762409794,
3.0702699999999998,2.0936471033599364,-0.94774894843481627,-9.1102605080637993,2.1011712828333415,-0.087948764004965804,-8.3062059041273404,0.0074982757014358907,0.092271223643091246,0.0064094661494726894,
3.0716830000000002,2.093647132809711,-0.95576251353911723,-9.1079654659274798,2.2025356453462126,-0.11167424900400734,-8.3206069955455781,0.008462064079757298,0.095623996652871454,0.0047370760582177984,
3.0723690000000001,2.2515757806897736,-0.9510116599093793,-9.0762641840117002,2.2025356728021173,-0.11914526304309792,-8.3184673371291833,0.0087901489716662225,0.09562339891426877,0.0047349847331139673,
3.0730759999999999,2.2515758101395482,-0.95902522501368026,-9.0739691418753807,2.3846422943456176,-0.10747612181448248,-8.3209964319904657,0.0082061695035025757,0.10453236469828192,0.0069410629988191155,
3.0745149999999999,2.2515758395893228,-0.96703879011798122,-9.0716740997390612,2.5427235021203671,-0.086871836269965128,-8.311945632220386,0.0077255944476208411,0.11209967516768268,0.0059666257900181001,
3.075942,2.2515758690390975,-0.97505235522228217,-9.0693790576027418,2.613095220454996,-0.037168805061274762,-8.2964992100462727,0.0054007117489145839,0.1152538963438159,0.0050814029818923414,
3.0762990000000001,2.4280640216468958,-1.0335762050247339,-9.0955868151825623,2.6130952479109006,-0.044639819100365331,-8.2943595516298778,0.0057287966408235092,0.11525329860521322,0.0050793116567885103,
3.0774110000000001,2.4280640510966705,-1.0415897701290349,-9.0932917730462428,2.6025481115207745,-0.036866621816107434,-8.2809630278114206,0.0060181945950996815,0.11554754911681946,0.0071762143845122729,
3.078811,2.4280640805464451,-1.0496033352333358,-9.0909967309099233,2.5153634808866747,-0.034363131221573952,-8.2810945983382975,0.0056337040505517492,0.11022654480251227,0.0069966139754208245,
3.0802610000000001,2.4280641092731523,-1.0574198877317775,-9.0886893110182623,2.4766126292921764,-0.0090263268083834516,-8.2898726465620598,0.0045234862731055002,0.10851904040780995,0.0085937652849787435,
3.0803150000000001,2.5930337780258235,-1.0175514393055405,-9.1140597708294351,2.4766126560739683,-0.016313666799145334,-8.2877214484148798,0.0048435087234521626,0.10851843940935538,0.008591725374869694,
3.0817359999999998,2.5930338067525307,-1.0253679918039822,-9.111752350937774,2.488470573563629,0.02185268687548117,-8.2987361551210093,0.0034203500546807581,0.10842778500950485,0.0073693309751352932,
3.0831390000000001,2.5930338354792379,-1.0331845443024239,-9.109444931046113,2.5675727013001999,0.092414308850265803,-8.2981357863751466,6.4419465187109774e-05,0.1122526167791352,0.006296910192704187,
3.0843120000000002,2.5924491940939012,-0.99600183979497803,-9.0824725559854986,2.5675727280819918,0.085126968859503924,-8.2959845882279666,0.00038444191553377207,0.11225201578068063,0.0062948702825951375,
3.0845349999999998,2.5924492228206084,-1.0038183922934196,-9.0801651360938376,2.6403559530689873,0.13954655362416338,-8.2843870797051746,-0.0021642590469714753,0.11664013920701366,0.0070785145107715788,
3.0859679999999998,2.5924492515473156,-1.0116349447918613,-9.0778577162021765,2.6365252250757742,0.14499817746258353,-8.2639439743414354,-0.0020888024591321089,0.11607835280832544,0.0057242276968429168,
3.0874100000000002,2.5924492802740229,-1.019451497290303,-9.0755502963105155,2.6088761309589454,0.1024321700740405,-8.2517778340631303,0.00010049951908153057,0.11545327296436537,0.0076114033162092741,
3.0882580000000002,2.7368736216662839,-0.89314437614940601,-9.0755262193639972,2.6088761577407373,0.09514483008327862,-8.2496266359159502,0.00042052196942819287,0.1154526719659108,0.0076093634061002247,
3.0888420000000001,2.7368736503929911,-0.9009609286478476,-9.0732187994723361,2.5446906229494788,0.057696820043199759,-8.2498998183973171,0.001568361416759424,0.11152380597557097,0.0075178501200895446,
3.0902810000000001,2.7368736786349031,-0.90864648323558683,-9.0708855925903791,2.5590203775093907,0.033466555448862206,-8.2601014740969383,0.0025180581427217187,0.11205241034025425,0.0072570775666557187,
3.0916950000000001,2.736873706876815,-0.91633203782332606,-9.068552385708422,2.6067026595481457,0.020873452371764405,-8.2661265008740887,0.0030625943564860764,0.11467370927714171,0.0065100988209157501,
3.0922339999999999,2.8717429742840062,-0.95350975909639446,-9.0688116806513204,2.6067026858779649,0.013708241198477765,-8.2639512616211057,0.0033772568066912983,0.11467310152913952,0.0065080930977406068,
3.0931519999999999,2.8717430025259181,-0.96119531368413369,-9.0664784737693633,2.6444602292061981,0.0064085941728995229,-8.2579728524709886,0.0031864936051316131,0.11525414686760585,0.0052282353108444417,
3.0946050000000001,2.87174303076783,-0.96888086827187292,-9.0641452668874063,2.7284204316981797,-0.058784045783983017,-8.2452553296611324,0.0065227640112481139,0.12029228272867912,0.0065733044748416212,
3.0960169999999998,2.8717430590097419,-0.97656642285961215,-9.0618120600054493,2.7730424322862408,-0.094066576392903362,-8.2284082133575414,0.0085737146832402349,0.12130197135465419,0.0062182104495866848,
3.0961430000000001,2.8348349173981915,-1.0069211019964692,-9.0837160399947354,2.77304245861606,-0.10123178756619,-8.2262329741045583,0.0088883771334454572,0.121301363606652,0.0062162047264115415,
3.0974309999999998,2.8348349456401034,-1.0146066565842085,-9.0813828331127784,2.8256469398639563,-0.12273701062629963,-8.2202636254718886,0.0091602063155544894,0.12456785621695815,0.0081725419007387494,
3.098897,2.8348349738820153,-1.0222922111719477,-9.0790496262308213,2.8266297997168479,-0.13528550385690236,-8.228749885155457,0.01039671154022175,0.1243516419952972,0.0076670255634568177,
3.1000839999999998,2.9439857609983258,-1.0908918037885935,-9.0294200207902993,2.8266298260466671,-0.142450715030189,-8.226574645902474,0.010711373990426973,0.12435103424729502,0.0076650198402816744,
3.1003539999999998,2.9439857893949597,-1.0986206805200296,-9.0270073899782304,2.8186361114833942,-0.09493338365611273,-8.235858973761502,0.0081869643802472414,0.12395585247628862,0.0059061166440796554,
3.101772,2.9439858177915936,-1.1063495572514657,-9.0245947591661615,2.797000574479656,-0.075705676922360965,-8.2363631611695727,0.0075691095794610209,0.12292827276442476,0.0057101746313188749,
3.103167,2.9439858461882276,-1.1140784339829017,-9.0221821283540926,2.7984067262766397,-0.083715949861198388,-8.2329937029261782,0.0081849534708457895,0.12258311693533271,0.0059771575430767991,
3.1040649999999999,3.0459367948042257,-1.1942767634439386,-8.9749586197441591,2.7984067527507053,-0.090921550092232781,-8.2307444170673243,0.0085013929796564879,0.12258248846616657,0.0059751405139867901,
3.1045929999999999,3.0459368232008597,-1.2020056401753747,-8.9725459889320902,2.8379211578740668,-0.068716122531548629,-8.2170122467534803,0.0077158264826684714,0.12567255717804185,0.0080099859998628269,
3.1060279999999998,3.0459368515974936,-1.2097345169068108,-8.9701333581200213,2.8047947209094515,0.00085753233184966693,-8.1985662021742947,0.0049661359019974281,0.12409990770561836,0.0064043705087215835,
3.1074670000000002,3.0459368799941275,-1.2174633936382468,-8.9677207273079524,2.7435428114898728,0.051113340725372221,-8.1895967353592312,0.0026353541123373446,0.12216814669905228,0.0073511593609601475,
3.1079979999999998,3.0416781436659868,-1.1479426423128603,-8.9846363366177826,2.7435428379639384,0.043907740494337828,-8.1873474495003773,0.0029517936211480426,0.12216751822988614,0.0073491423318701385,
3.1088870000000002,3.0416781720626207,-1.1556715190442963,-8.9822237058057137,2.6262016993767485,0.064320248180595063,-8.1879660543858481,0.0021732216608848797,0.11663570898999731,0.0068634218980179662,
3.110357,3.0416782001807547,-1.1633374755194108,-8.9797646584111135,2.5269248348247264,0.090468549784076119,-8.1906831247136527,0.0001686001377943446,0.11184930324819951,0.0075821316456603912,
3.1117699999999999,3.0416782282988888,-1.1710034319945253,-8.9773056110165133,2.4894236950206641,0.057780582186749446,-8.1903427140927363,0.0024888158163907546,0.11001576241175887,0.0076121960904416645,
3.111923,2.9634606693647116,-1.05012749112255,-8.9733522407091915,2.4894237212350858,0.050633642253872443,-8.1880501542434381,0.0028026825626772376,0.11001512181772287,0.0076101954818497833,
3.113194,2.9634606974828457,-1.0577934475976645,-8.9708931933145912,2.5125388452502726,0.03090802813155219,-8.1888793697640274,0.0033703325337790025,0.11034424706364422,0.0071133013408479825,
3.1146189999999998,2.9634607256009797,-1.0654594040727789,-8.968434145919991,2.6151839486833457,0.041421192235727364,-8.1844080952018192,0.0026644668859796211,0.1159331863929642,0.0066370562165734602,
3.1158250000000001,2.8904886750304368,-0.9937251003273323,-8.9648708017590284,2.6151839748977674,0.034274252302850361,-8.182115535352521,0.0029783336322661042,0.1159325457989282,0.0066350556079815791,
3.116063,2.8904887031485709,-1.0013910568024469,-8.9624117543644282,2.7009903301666687,0.064545058557120866,-8.1716523432344381,0.0018430447713081988,0.12044376549270447,0.0055321345741472907,
3.1174930000000001,2.8904887312667049,-1.0090570132775614,-8.9599527069698279,2.6961210794838602,0.052708776181009241,-8.1597162000595045,0.0019599432626412282,0.12119753742103252,0.0072296117604058376,
3.1189239999999998,2.890488759384839,-1.0167229697526758,-8.9574936595752277,2.5841885629682917,-0.052387693000967316,-8.1593809076531851,0.0067204848307567538,0.11519411669348675,0.0061558592302051766,
3.1197599999999999,2.952616992645658,-1.0193597082690593,-8.9602952861238112,2.5841885891827134,-0.059534632933844318,-8.1570883478038869,0.0070343515770432373,0.11519347609945076,0.0061538586216132955,
3.120393,2.9526170210629212,-1.0270947738781664,-8.9577465000029814,2.506802185540669,-0.12861734657439455,-8.1546648349919284,0.010193669375148656,0.11134243634849177,0.0071588393712922055,
3.1218059999999999,2.9526170494801844,-1.0348298394872735,-8.9551977138821517,2.4891135468021339,-0.17681017612930694,-8.1597566450233785,0.012438339485951922,0.10948205317138821,0.0071012966872288459,
3.1232410000000002,2.9526170778974477,-1.0425649050963806,-8.9526489277613219,2.5795155952279591,-0.18105181240443383,-8.1683384068150637,0.01249389893799387,0.1139505921345462,0.0069153896486880443,
3.1237080000000002,2.8320733066585229,-1.151376817640156,-8.9492719266671497,2.5795156217212578,-0.18826318250086069,-8.1659621839175749,0.012810598641516376,0.11394992813337373,0.0069133710044674149,
3.1246499999999999,2.8320733350757861,-1.1591118832492631,-8.9467231405463199,2.6934738057747922,-0.12715542988638706,-8.1641827034093986,0.010414638447800065,0.12048078256159481,0.0070135721096498344,
3.1260889999999999,2.8320733634930493,-1.1668469488583701,-8.9441743544254901,2.7053583476932541,-0.054300922641534008,-8.1469759230149936,0.0069258828941009751,0.1213206733911275,0.0045929289620732748,
3.1275249999999999,2.8320733919103125,-1.1745820144674772,-8.9416255683046604,2.6371126637218665,-0.037007286882476509,-8.1253521928267798,0.0062061196434205724,0.1189322798804464,0.0057431747392933108,
3.1276139999999999,2.7195897042831234,-1.2604155780284954,-8.9387323962950624,2.6371126902151651,-0.044218656978903363,-8.1229759699292909,0.0065228193469430784,0.11893161587927394,0.0057411560950726814,
3.1289419999999999,2.7195897327003866,-1.2681506436376024,-8.9361836101742327,2.5018584695766162,-0.095061594949985034,-8.1186499144964124,0.0097113894758881943,0.11166038329579192,0.0061180750659345492,
3.1303879999999999,2.7195897610557611,-1.2758702370525321,-8.9335719037970804,2.4245039871468643,-0.060024233867624954,-8.1179059680646262,0.0076619685725940467,0.10839730100043506,0.0092428333325719012,
3.1315369999999998,2.8714130190989553,-1.1437845372436612,-8.9236202244597678,2.4245040135824643,-0.067221179300570519,-8.1154710848689788,0.0079780382415347677,0.10839662057624568,0.0092408187261783462,
3.1318190000000001,2.8714130474543298,-1.1515041306585909,-8.9210085180826155,2.3971434431189094,-0.014771428900129252,-8.1192902887954634,0.0058631599185020354,0.10667331662936985,0.0066024750138054637,
3.1332689999999999,2.8714130758097043,-1.1592237240735206,-8.9183968117054633,2.4271360708762524,0.047686525839435792,-8.1274922122039666,0.0031667462931774712,0.10805139036358338,0.005869524822068534,
3.1346790000000002,2.8714131041650788,-1.1669433174884503,-8.915785105328311,2.4764652760607238,0.13538000049373358,-8.1188679365098775,-0.0013380363511131506,0.11122731006870953,0.0049199342573574088,
3.1354669999999998,2.7974662582198935,-1.0704818451027465,-8.9101843270281122,2.4764653024963237,0.128183055060788,-8.1164330533142302,-0.0010219666821724303,0.11122662964452015,0.0049179196509638529,
3.1361140000000001,2.797466286575268,-1.0782014385176761,-8.90757262065096,2.4823648107466809,0.14374671632318109,-8.1000662984845402,-0.001423879560581208,0.11067496414092898,0.0037765815624208072,
3.1375479999999998,2.7974663149306425,-1.0859210319326058,-8.9049609142738078,2.4898406593079656,0.10815950202842814,-8.0874992312130018,0.00063784119308763713,0.11146724299946413,0.0063999015571276985,
3.1389840000000002,2.797466343286017,-1.0936406253475355,-8.9023492078966555,2.4838827568216959,0.05624898812020971,-8.0889138591871692,0.0030257659000156025,0.10991741301143487,0.0071714983098943698,
3.1394099999999998,2.7284113872079279,-1.0053776093774911,-8.9242232490058004,2.4838827832572958,0.049052042687264139,-8.0864789759915219,0.0033418355689563231,0.10991673258724549,0.007169483703500814,
3.1404100000000001,2.7284114152332291,-1.012999212229297,-8.9215785352810713,2.565511807329151,0.053813303195657594,-8.0970451085848332,0.0026990945268040912,0.11386326573059305,0.0063334862024832569,
3.1418439999999999,2.7284114432585302,-1.0206208150811029,-8.9189338215563421,2.6451055966200592,0.07895819491771075,-8.1001359940820876,0.0012876294656395386,0.11754759215258806,0.0054517104311354141,
3.1432890000000002,2.7284114712838314,-1.0282424179329088,-8.9162891078316129,2.7005374924834369,0.046055946561491867,-8.1043551117781654,0.0025415141054947257,0.11937330899095935,0.0038201134145152958,
3.1433390000000001,2.7228246203072706,-1.0386932694915991,-8.878396333374349,2.7005375186113105,0.038950357330594605,-8.1018894559670915,0.0028535750211581318,0.11937261993923677,0.0038181243810234042,
3.144692,2.7228246483325718,-1.046314872343405,-8.8757516196496198,2.7722538549505904,-0.00990549960279756,-8.0899847202492357,0.0050140146882822444,0.12313268167943747,0.0056323571581392805,
3.146163,2.722824676357873,-1.0539364751952109,-8.8731069059248906,2.814366431735424,-0.06769810395879694,-8.0781547416015353,0.0078911206702956919,0.12413541147288386,0.0049931318249942193,
3.1472799999999999,2.8704666701081862,-1.0512792453660003,-8.8371064189063162,2.8143664578632976,-0.074803693189694209,-8.0756890857904615,0.0082031815859590976,0.12413472242116128,0.0049911427915023277,
3.1476000000000002,2.8704666981334874,-1.0589008482178062,-8.834461705181587,2.888143685266201,-0.12362824062603772,-8.0737155964717786,0.01048340135892965,0.12771693292603345,0.0073058558915741973,
3.1490140000000002,2.8704667261587886,-1.0665224510696121,-8.8318169914568578,2.9429575614683277,-0.1248044931148357,-8.0814292069154039,0.010570703481148367,0.13023692760509853,0.0064865190990411508,
3.1504270000000001,2.8704667544213298,-1.0742183204534697,-8.8290784130874513,2.9708953064569208,-0.06819681594878603,-8.0894615821796307,0.0075017906561724336,0.13132508357106285,0.0054780880210512396,
3.1512190000000002,3.0083301721557874,-1.0693471844721554,-8.8413354051950357,2.9708953328059726,-0.075371643564393576,-8.0869084167434373,0.0078168958134127945,0.13132437003291786,0.0054760796059924264,
3.1518579999999998,3.0083302004183285,-1.077043053856013,-8.8385968268256292,2.9810313918640277,-0.0419145476310551,-8.0857417515124617,0.0066371281490979969,0.13175422616004492,0.0047679293092390395,
3.1532990000000001,3.0083302286808697,-1.0847389232398705,-8.8358582484562227,2.9758745627299672,-0.056539684650920873,-8.0745194029502798,0.007621394041721752,0.13104327752260123,0.0062222464748472647,
3.1547360000000002,3.0083302569434109,-1.0924347926237281,-8.8331196700868162,2.9853168560106096,-0.026051937860718188,-8.0521951998171435,0.0063915414772760309,0.1324096501514529,0.0078520232208369282,
3.1551589999999998,3.1343644433476139,-1.0704459904727357,-8.8560167837375623,2.9853168823596614,-0.033226765476325727,-8.0496420343809501,0.0067066466345163918,0.13240893661330791,0.007850014805778115,
3.1561490000000001,3.1343644716101551,-1.0781418598565933,-8.8532782053681558,2.9440402313115994,0.023754406393325697,-8.0302155766358929,0.0044002579557396622,0.13013982257826925,0.0072397942585018926,
3.1576029999999999,3.1343644998726963,-1.0858377292404509,-8.8505396269987493,2.8981044517391918,0.080729498511142722,-8.0209582719168964,0.0023721493638732766,0.12887941951797038,0.0075188258584483608,
3.1590240000000001,3.1343645281352375,-1.0935335986243084,-8.8478010486293428,2.8080889028314888,0.14134955117143183,-8.0209248574261256,-0.00060263180865209555,0.12416174580115086,0.0061354633948643312,
3.159125,3.1204364607476687,-1.0172695609551212,-8.8700617369832759,2.8080889291805406,0.1341747235558243,-8.0183716919899322,-0.00028752665141173502,0.12416103226300586,0.006133454979805518,
3.1604909999999999,3.1204364887935991,-1.0249107619195519,-8.8672736475925014,2.7458670174096853,0.15963690599810507,-8.0172093248834493,-0.001938450052051427,0.12126399706809431,0.0075950370665423018,
3.161896,3.1204365168395296,-1.0325519628839825,-8.8644855582017268,2.7237451762124825,0.12126030435027083,-8.0103197253265765,0.00043611591044280702,0.11954075041960784,0.0070385313280394782,
3.163036,3.1074381027922264,-0.96315752825175438,-8.827150753706265,2.7237452023595892,0.11413644387896393,-8.0077204009672425,0.00074898618225924859,0.11954002395156109,0.0070365371799695556,
3.163316,3.1074381308381569,-0.97079872921618504,-8.8243626643154904,2.7809994209781728,0.083454563485833577,-7.9991894955956875,0.0021258621237180706,0.12200323711199962,0.0080424006553506781,
3.1647539999999998,3.1074381588840874,-0.9784399301806157,-8.8215745749247159,2.89274942902777,0.1001932271034736,-7.9857109837791507,0.0011454593388985541,0.12743569227814178,0.005811270800641209,
3.1662180000000002,3.1074381869300178,-0.98608113114504636,-8.8187864855339413,2.991525223791299,0.12463971480515412,-7.9775599937949222,-4.7095053706427146e-05,0.13251487807425258,0.0057081270633883453,
3.1670099999999999,3.045100385450485,-0.95981589878325857,-8.8160103722740146,2.9915252499384057,0.11751585433384723,-7.974960669435589,0.00026577521811001447,0.13251415160620583,0.0057061329153184227,
3.1676299999999999,3.0451004134964155,-0.96745709974768923,-8.8132222828832401,3.0106911081414807,0.088220000711980051,-7.9726808806824216,0.0013607541582720917,0.13366776582068535,0.006633723578628398,
3.1690749999999999,3.0451004415423459,-0.97509830071211989,-8.8104341934924655,2.9814679973963685,0.029520068162405259,-7.9748182692794094,0.0039363928455840285,0.13132319414914431,0.0055747229969954184,
3.1705179999999999,3.0451004699905537,-0.98284058667850982,-8.807539861701672,2.9894223746193305,-0.042404963035238476,-7.9787925047683963,0.0066758504784129582,0.1312779321195883,0.0070650153789254952,
3.1709429999999998,3.1387359046728673,-0.96484763160237152,-8.8051554433769326,2.9894224011414785,-0.049623064641289995,-7.9760941310531575,0.0069928632100739879,0.13127717794161439,0.0070629948503854595,
3.1719279999999999,3.1387359331210751,-0.97258991756876145,-8.8022611115861391,3.0564675702624884,-0.11722146163042632,-7.9801419732867958,0.010479218362471801,0.1333861274094556,0.0063214808309327887,
3.1733669999999998,3.1387359615692829,-0.98033220353515138,-8.7993667797953456,3.1951737025675722,-0.13498294452541174,-7.9790233938691335,0.011112742828112272,0.14060385593170371,0.007405237336806988,
3.174779,3.1387359900174907,-0.98807448950154131,-8.7964724480045522,3.2923013330348394,-0.08562027868450342,-7.9682706494595026,0.0087436070578048863,0.14561388190708116,0.0054723006226426686,
3.1748590000000001,3.2261286533450395,-0.96951011478151106,-8.7880619255061685,3.2923013595569874,-0.092838380290554939,-7.9655722757442637,0.0090606197894659152,0.14561312772910726,0.0054702800941026329,
3.1762260000000002,3.2261286817932473,-0.97725240074790098,-8.785167593715375,3.2995265812521999,-0.062757818083122904,-7.9536682777732644,0.0075550451191302324,0.14585674045238894,0.0047575880246302927,
3.1777129999999998,3.2261287102414551,-0.98499468671429091,-8.7822732619245816,3.2557837646437155,-0.09754648847573473,-7.9495138026132359,0.0098089635044149685,0.14469152105237812,0.0064738072352964445,
3.1788080000000001,3.427309956520828,-1.0238357546157308,-8.7811017671825091,3.2557837911658636,-0.10476459008178625,-7.9468154288979971,0.010125976236075997,0.14469076687440421,0.0064717867067564088,
3.1790720000000001,3.4273099849690358,-1.0315780405821207,-8.7782074353917157,3.1648330355933414,-0.090067456948480409,-7.9476989806733345,0.0094793053219187403,0.13946713277846257,0.007492350261955754,
3.1805080000000001,3.4273100132625216,-1.0392790673640373,-8.7752574037018842,3.1212540036795136,-0.048990830816830359,-7.9538306073450808,0.0075651623204920689,0.13801808674600727,0.0096309008817661232,
3.1819350000000002,3.4273100415560074,-1.0469800941459539,-8.7723073720120528,3.1018817711816351,-0.016871006781579968,-7.9619786099283099,0.0068726508765614746,0.13615570051499357,0.0081916291418720633,
3.1827860000000001,3.6076422424874184,-1.0292619811248815,-8.7715205482462668,3.1018817975595363,-0.024050642618347978,-7.9592283074245387,0.0071879778319323996,0.13615493179452123,0.0081896193808703686,
3.1833990000000001,3.6076422707809042,-1.0369630079067982,-8.7685705165564354,3.1595778360340305,0.052549542615750941,-7.9577954609027017,0.0034923869247520918,0.13929590282611212,0.0074318116389522114,
3.1848239999999999,3.6076422990743899,-1.0446640346887148,-8.7656204848666039,3.2089690596217348,0.12265494403540314,-7.9434967343328724,0.00025460408220616838,0.14219225529971644,0.0086879601018204338,
3.1862520000000001,3.6076423273678757,-1.0523650614706315,-8.7626704531767725,3.2022335030683431,0.12722910680028193,-7.9281787456582515,0.00010382435295426594,0.14168877403342767,0.0076889916463261602,
3.1867209999999999,3.4913062779555037,-1.034049120972514,-8.7803772484170715,3.2022335294462443,0.12004947096351393,-7.9254284431544804,0.00041915130832519105,0.14168800531295533,0.0076869818853244655,
3.187662,3.4913063062489895,-1.0417501477544306,-8.77742721672724,3.1777571593001364,0.079474299656253494,-7.9176228131250888,0.0029054204848447578,0.14130102956257876,0.0089843432967286804,
3.1891069999999999,3.4913063345424753,-1.0494511745363473,-8.7744771850374086,3.1376663454672622,0.069526155064847522,-7.9201675435855776,0.0034187499717470266,0.13768481199034688,0.0058727601008647448,
3.190547,3.4913063618766849,-1.0568881425376357,-8.7715622236543798,3.1784177655115902,0.086553680271727662,-7.9223474273548318,0.0017133235950657095,0.14061812872490817,0.0090688758404536655,
3.1907209999999999,3.5477958211011846,-0.94041321845410597,-8.7500270946034995,3.1784177909951623,0.079620225358374166,-7.9196298207549516,0.0020178417262867129,0.14061736911757677,0.009066934991695785,
3.1919599999999999,3.5477958484353942,-0.94785018645539443,-8.7471121332204707,3.1971951059461503,0.034368901102891931,-7.9282626114034143,0.0043466999896103267,0.1403366489697474,0.0066141103269424552,
3.1934339999999999,3.5477958757696038,-0.95528715445668289,-8.7441971718374418,3.2708057717662675,0.0016571503974696679,-7.9244206518055513,0.0055796400993500242,0.1438149967839899,0.0066788798505385133,
3.1947000000000001,3.6306248978552533,-0.95977104328599339,-8.7238573100575945,3.2708057972498397,-0.0052763045158838312,-7.9217030452056711,0.005884158230571028,0.1438142371766585,0.0066769390017806327,
3.1948449999999999,3.6306249251894629,-0.96720801128728184,-8.7209423486745656,3.340375696054493,-0.036241551736773348,-7.9058528410201951,0.007153006184586949,0.14744410117305976,0.0081544298321831951,
3.1962739999999998,3.6306249525236725,-0.9746449792885703,-8.7180273872915368,3.3926543117271182,-0.10137653985309819,-7.8982762566408722,0.0098689163285602694,0.14871179731796577,0.0064052278919833477,
3.1976930000000001,3.630624979857882,-0.98208194728985876,-8.715112425908508,3.4761608423764412,-0.1366413270686985,-7.8953579447835711,0.012190252364025191,0.15423216096976669,0.0084098349652196851,
3.1986240000000001,3.6672114913019955,-0.98355186122098059,-8.732956819428912,3.4761608678600133,-0.14357478198205201,-7.8926403381836909,0.012494770495246194,0.15423140136243529,0.0084078941164618046,
3.1991290000000001,3.6672115186362051,-0.99098882922226905,-8.7300418580458832,3.4596429190996538,-0.12118044218819848,-7.8923539660904094,0.011044690026970446,0.15233843662527666,0.0063919533684853253,
3.2005669999999999,3.6672115460735628,-0.9984557101323005,-8.7270464412531314,3.4575233840175743,-0.10041568155804512,-7.891090930639467,0.0090991828462303297,0.15281415501770754,0.0070142703765451245,
3.2020439999999999,3.6672115735109205,-1.0059225910423319,-8.7240510244603797,3.4196756771460972,-0.14720350227937279,-7.8925487556858638,0.012129530942019127,0.14999405428617768,0.0065217196468604138,
3.202569,3.7730711569802748,-1.0877706360272112,-8.6996874632559855,3.4196757027258338,-0.15416484487545681,-7.8897561408358809,0.012435277388863665,0.14999327368638332,0.0065197709916376941,
3.2034370000000001,3.7730711844176326,-1.0952375169372428,-8.6966920464632338,3.4454270847586357,-0.14233827509164693,-7.8796799058277456,0.011891460477126622,0.15114350627370426,0.0070250944609347131,
3.2048589999999999,3.7730712118549903,-1.1027043978472744,-8.6936966296704821,3.4889889830440945,-0.081953071808726963,-7.862920070753848,0.0091940920758493173,0.15429370025704683,0.0092153983563372233,
3.2062879999999998,3.773071239292348,-1.1101712787573059,-8.6907012128777303,3.4812066261835888,-0.029688645417600086,-7.8572539406767223,0.0074814043762650075,0.15321341758546364,0.006021516000300384,
3.2064940000000002,3.8782231715334698,-1.1066939408601395,-8.667806326689572,3.4812066517633253,-0.036649988013684118,-7.8544613258267395,0.0077871508231095463,0.15321263698566928,0.0060195673450776643,
3.207738,3.8782231989708276,-1.1141608217701711,-8.6648109098968202,3.4698031045907949,0.032814157825917699,-7.8507550285247261,0.0045564988827944452,0.15440133871099701,0.0081484629253578741,
3.2091690000000002,3.8782232264081853,-1.1216277026802026,-8.6618154931040685,3.3770463252348524,0.096420750143397377,-7.8503381461074477,0.0012964910067114815,0.14881138253635084,0.0063021675175501893,
3.2104249999999999,3.8950210587807153,-1.1167325976475899,-8.6510119521650441,3.3770463502568351,0.089599807605198228,-7.8475416846805359,0.0015960742695360539,0.14881060083531875,0.0063002581638441149,
3.2105869999999999,3.8950210856198146,-1.1240488825342942,-8.6480124094538446,3.3450560426502221,0.10269974258021286,-7.846336795098364,0.00074720420263400139,0.14769197194877326,0.0073123975313167545,
3.2120169999999999,3.895021112458914,-1.1313651674209986,-8.6450128667426451,3.3421374171751719,0.058497566441974048,-7.8530178859596207,0.0034494490093134808,0.14659631804804754,0.0072571677425272768,
3.2134619999999998,3.8950211392980134,-1.1386814523077029,-8.6420133240314456,3.4164249690652957,0.071975505301607345,-7.8491761535613156,0.0025078055920069314,0.15002244951102223,0.0084300649338887763,
3.2143640000000002,3.819347546136711,-0.99238073800419968,-8.6684392113525863,3.4164249940872784,0.065154562763408197,-7.8463796921344038,0.0028073888548315038,0.15002166780999013,0.0084281555801827019,
3.2148940000000001,3.8193475729758104,-0.99969702289090401,-8.6654396686413868,3.5315179009228075,0.11075323768914339,-7.8382077372463623,0.00055564442356021738,0.15593309192930732,0.0064553665111707235,
3.2163170000000001,3.8193475998149098,-1.0070133077776084,-8.6624401259301873,3.5969616873254306,0.13371199661370181,-7.8271210911843001,-0.0007763976773524897,0.15978905424416207,0.0063496778358758327,
3.2177530000000001,3.8193476266540092,-1.0143295926643128,-8.6594405832189878,3.5709855324455364,0.092356553681267273,-7.8198449482077832,0.0011372322393315166,0.15918314566463077,0.0069039082412048402,
3.218315,3.7537701833737995,-0.92049481992011417,-8.6851040264264014,3.5709855574675191,0.085535611143068124,-7.8170484867808714,0.001436815502156089,0.15918236396359867,0.0069019988874987658,
3.2191890000000001,3.7537702102128989,-0.9278111048068185,-8.6821044837152019,3.4860690833384993,-0.0026974892096680719,-7.8126782623533986,0.0054181845269658333,0.15414807625313376,0.0059065395664307605,
3.2206169999999998,3.7537702373201833,-0.9351892784702327,-8.679012107838938,3.4455150805436174,-0.077339825601517198,-7.8120142722566071,0.0079185286089934019,0.15215450957007737,0.0083001820508378232,
3.2220460000000002,3.7537702644274678,-0.9425674521336469,-8.675919731962674,3.4734080886680094,-0.14238017209117121,-7.8263681388831428,0.011843040838362516,0.15250608988332093,0.0069291316304101814,
3.222232,3.9365316440627258,-0.85692132165531165,-8.6618894272645406,3.4734081139400197,-0.14925881328329571,-7.8234851294753431,0.012145161710189546,0.1525052839663211,0.006927206125394764,
3.2234820000000002,3.9365316711700102,-0.86429949531872585,-8.6587970513882766,3.5910412673520398,-0.13378555991342075,-7.8240896735299881,0.011141853451583418,0.15834643146060609,0.0075111331019574344,
3.2249089999999998,3.9365316982772947,-0.87167766898214005,-8.6557046755120126,3.6858009195232242,-0.054082718098233867,-7.8173885303892066,0.0069172947168497497,0.16375718177179729,0.0058114094409324937,
3.2262029999999999,3.9022674709340581,-0.99219678827192725,-8.6607396325692267,3.6858009447952345,-0.060961359290358376,-7.8145055209814069,0.0072194155886767799,0.16375637585479746,0.0058094839359170763,
3.2263480000000002,3.9022674980413425,-0.99957496193534146,-8.6576472566929628,3.6805810301095168,-0.043005241242096995,-7.7955212176775648,0.0064925327015067109,0.16351400313284231,0.0046896725105636493,
3.2277979999999999,3.902267525148627,-1.0069531355987555,-8.6545548808166988,3.6086398104737687,-0.080247607616836733,-7.7808036362210116,0.0087832154458617664,0.16130022939441377,0.0062609338826987472,
3.2292130000000001,3.9022675522559114,-1.0143313092621697,-8.6514625049404348,3.4670298025470743,-0.082180602892283169,-7.7716781419335694,0.009262076251354669,0.15385890747742875,0.0075825494615707565,
3.230102,3.8702997037732452,-1.0083771112359183,-8.6566125263390639,3.4670298278479339,-0.089065013949800223,-7.7687297407179878,0.0095644539702192007,0.15385808325689354,0.0075806223414241957,
3.2306499999999998,3.8702997309114737,-1.0157614737770035,-8.6534500098491964,3.3745988990564766,-0.057286916993998904,-7.7740294712742974,0.0073374662604002881,0.15014841738873966,0.0090056846663652788,
3.2320859999999998,3.8702997580497023,-1.0231458363180888,-8.650287493359329,3.307831448506438,-0.025100027360752702,-7.786580199308939,0.0069741104721528276,0.14624480150700403,0.0070062295366066403,
3.2334999999999998,3.8702997851879308,-1.030530198859174,-8.6471249768694616,3.3189205770776762,0.088338998914467434,-7.7894412452097939,0.0012542314213508845,0.1476107536781143,0.0072322173174445724,
3.2340680000000002,3.8235998016691433,-1.0227443334604689,-8.6037132451266221,3.3189206023785358,0.081454587856950381,-7.7864928439942123,0.0015566091402154161,0.14760992945757909,0.0072302901972980116,
3.2349399999999999,3.8235998288073718,-1.0301286960015541,-8.6005507286367546,3.3248904094642309,0.1776782533081622,-7.7737090835527747,-0.003310661395852876,0.14829333300910297,0.0073257341634958874,
3.23638,3.8235998559456004,-1.0375130585426393,-8.5973882121468872,3.2917652224630687,0.15618365662818853,-7.7563099849486097,-0.0016644820413945658,0.14715397151822857,0.0072484807113616543,
3.2378119999999999,3.8235998830838289,-1.0448974210837245,-8.5942256956570198,3.2353117913946323,0.13055398758586945,-7.7447420892725667,-0.00059759422319427362,0.14498033505697416,0.0086096567055984254,
3.237994,3.8084366413437545,-0.89714775277560344,-8.6239485262004898,3.2353118166954919,0.12366957652835239,-7.7417936880569851,-0.00029521650432974209,0.14497951083643895,0.0086077295854518655,
3.2392340000000002,3.808436668481983,-0.90453211531668865,-8.6207860097106224,3.178443054545891,0.11010820500136376,-7.741852618454784,0.00088313093099864047,0.14096598989691528,0.0063120292325549079,
3.2406679999999999,3.8084366954551747,-0.91187109275485334,-8.6175750136789979,3.2020138025935161,0.11658165227122949,-7.7553199739728553,-0.00033744340954658457,0.1429187831373547,0.0083789023429380518,
3.2419159999999998,3.7942830160676069,-0.91362085845936913,-8.6462207383205136,3.2020138277405126,0.10973955355992435,-7.7523263754783658,-3.6920693213067101e-05,0.14291794625821677,0.0083769870670834055,
3.2421289999999998,3.7942830430407986,-0.92095983589753383,-8.6430097422888892,3.2179250816125355,0.11156388207569055,-7.7624007601860692,-0.00051828744473280557,0.14310521291953954,0.0067190178985675319,
3.2435529999999999,3.7942830700139902,-0.92829881333569852,-8.6397987462572647,3.2609758994587148,0.081142653332913622,-7.7637975019828858,0.0011038632844771307,0.14506553155872345,0.0059309726031792102,
3.244999,3.7942830969871819,-0.93563779077386322,-8.6365877502256403,3.3036269719418092,0.026834060339722472,-7.7515303833832379,0.0029749657707852195,0.14735815106068859,0.0065190572675787491,
3.245854,3.7248628044859342,-0.93471692946111551,-8.6401369546138689,3.3036269970888057,0.019991961628417321,-7.7485367848887483,0.0032754884871187369,0.14735731418155065,0.0065171419917241019,
3.2463989999999998,3.7248628314591259,-0.9420559068992802,-8.6369259585822444,3.3380212317200111,-0.066748218285195643,-7.7420231904267025,0.0073830904053377236,0.14802653341532623,0.0068755991115845181,
3.2478289999999999,3.7248628584323176,-0.9493948843374449,-8.63371496255062,3.4124259012776794,-0.13445008446462547,-7.7480883436125163,0.010244373368426579,0.15228210838213346,0.0075937817881539874,
3.2492909999999999,3.7248628854055092,-0.9567338617756096,-8.6305039665189955,3.4473593818322459,-0.1137334986371453,-7.7564849772545843,0.0098870128500988912,0.15322803961507556,0.0064168218861284307,
3.24979,3.788329374680877,-1.0207136160897448,-8.6029163682540002,3.4473594069792424,-0.12057559734845044,-7.7534913787600948,0.010187535566432409,0.15322720273593762,0.0064149066102737835,
3.2507000000000001,3.7883294018706795,-1.0281186082230664,-8.5996084131388635,3.4737906270589294,-0.079686700971925511,-7.7640526352292163,0.007460682232748931,0.15476588386228801,0.0066196072150317455,
3.2521239999999998,3.7883294290604819,-1.0355236003563881,-8.5963004580237268,3.462548093191224,-0.091897568040321898,-7.7610612104609729,0.0082279599930851748,0.15381580145514839,0.0056338026097555805,
3.2535630000000002,3.7883294562502843,-1.0429285924897098,-8.5929925029085901,3.4541023007118241,-0.10182866187679747,-7.7470745429311529,0.0090880411494758742,0.15341326954370807,0.0069193966898307441,
3.2537410000000002,3.8476011211039265,-1.1277194437522746,-8.5669543271901993,3.4541023260607662,-0.1087323058189562,-7.7439905498788475,0.0093912705441305186,0.1534124073697386,0.0069174641859163204,
3.2549969999999999,3.8476011482937289,-1.1351244358855963,-8.5636463720750626,3.445708035029448,-0.081623798050699026,-7.7208730622945643,0.0080547199439830706,0.1536783518571527,0.0084335216840537193,
3.2564359999999999,3.8476011754835313,-1.142529428018918,-8.5603384169599259,3.4021840559099794,-0.051162517502243793,-7.711636141466264,0.0071336779911385729,0.15128152314050608,0.0081459051354442653,
3.2576719999999999,3.8913449861307661,-1.0783156776085967,-8.585203882077785,3.4021840812589215,-0.05806616144440252,-7.7085521484139585,0.0074369073857932172,0.15128066096653661,0.0081439726315298416,
3.2578580000000001,3.8913450133205685,-1.0857206697419184,-8.5818959269626482,3.3613182116576312,0.0026143879461487662,-7.7052881065319427,0.0049722986044996847,0.15051617960394426,0.0074897070481864583,
3.2592979999999998,3.8913450405103709,-1.0931256618752401,-8.5785879718475115,3.2764809022778385,0.095793637563176742,-7.7087507678326368,6.4721000135528964e-05,0.14537094473630344,0.0055903230665904635,
3.2607379999999999,3.8913450672669518,-1.1004140968124252,-8.5752624815789744,3.2592115565057882,0.11411112937172768,-7.7146922298020186,-0.00094738968376782294,0.14496676682779705,0.0071806648347910312,
3.2616290000000001,3.8218178989031624,-1.0117150094902496,-8.5587025283248863,3.2592115814508396,0.10731615122779478,-7.7115918887977672,-0.00064892969740229295,0.14496590005989682,0.0071787627491722251,
3.262168,3.8218179256597433,-1.0190034444274347,-8.5553770380563492,3.2628576697260381,0.081574934655859369,-7.7112463214108349,0.0010875083835379783,0.14405090353113473,0.0065593918871184884,
3.2635869999999998,3.8218179524163243,-1.0262918793646199,-8.5520515477878121,3.3517377455839963,0.068625784418217442,-7.7029438331572972,0.0017474057872120786,0.14777286649687968,0.0083995841288814835,
3.2650160000000001,3.8218179791729052,-1.033580314301805,-8.5487260575192749,3.4814993259785965,0.096991382334778636,-7.6874564108326187,0.00023971116260782877,0.15454407088660888,0.0084771944941511891,
3.2655620000000001,3.75690934664375,-0.96372105203392189,-8.5333310670980378,3.4814993509236478,0.090196404190845736,-7.6843560698283673,0.00053817114897335876,0.15454320411870864,0.0084752924085323839,
3.2664550000000001,3.7569093734003309,-0.97100948697110701,-8.5300055768295007,3.5553399858855204,0.12291875211547054,-7.6710011086290102,-0.0011537922189651057,0.15837217406168919,0.0073085256438426187,
3.2678859999999998,3.7569094001569119,-0.97829792190829212,-8.5266800865609635,3.5537610103562449,0.098203606646992667,-7.6691349115741305,1.7099084781633882e-05,0.1584384350826572,0.0072634628404976411,
3.2693189999999999,3.7569094269134928,-0.98558635684547724,-8.5233545962924264,3.5004114359962677,0.034437241275635376,-7.6625455781705449,0.0028597329951690845,0.15486976453836651,0.0060201467352509995,
3.2694879999999999,3.8300022565607628,-0.99004088572106319,-8.5134847032911498,3.5004114609413191,0.027642263131702472,-7.6594452371662936,0.0031581929815346146,0.15486889777046628,0.0060182446496321934,
3.270756,3.8300022834204919,-0.99735510764854396,-8.5100777261332787,3.4909481202628294,-0.06653779976120186,-7.6605464708230686,0.0065557378065946954,0.15357318869345718,0.0069580066009446414,
3.272189,3.830002310280221,-1.0046693295760247,-8.5066707489754076,3.5621185026187172,-0.15957535399067641,-7.6689681847516153,0.011854699991744724,0.15621347549414002,0.0071238684018120934,
3.273441,3.8083808309065241,-1.0600390509904181,-8.4806473227256607,3.562118527659933,-0.1663943732404114,-7.6657918738530295,0.012154219485952166,0.15621258746458858,0.0071219595864814977,
3.273644,3.8083808577662532,-1.0673532729178987,-8.4772403455677896,3.6913745271906331,-0.1666894887859017,-7.6609437184248845,0.01202278564591309,0.16288924193962867,0.0067255679628821967,
3.2750819999999998,3.8083808846259823,-1.0746674948453794,-8.4738333684099185,3.7856244421301559,-0.10347458494431587,-7.6541318885656784,0.0082748129598306276,0.16742537762983198,0.0049722743086993018,
3.2765089999999999,3.8083809114857115,-1.08198171677286,-8.4704263912520474,3.8041103602644601,-0.10652753058879684,-7.6449133064316426,0.0087543478345931871,0.16848441566174538,0.0050321607565396581,
3.2774139999999998,3.7881825982140689,-1.1238426285984888,-8.4728851582383662,3.8041103853056759,-0.11334654983853185,-7.6417369955330567,0.0090538673288006292,0.16848352763219393,0.0050302519412090624,
3.2779440000000002,3.788182625073798,-1.1311568505259695,-8.4694781810804951,3.7631497248176964,-0.13931008584919047,-7.6343694994747748,0.01088576652175652,0.16710685992103821,0.0061163370804394714,
3.2793600000000001,3.7881826519335271,-1.1384710724534501,-8.466071203922624,3.6819503691035256,-0.13569704026585705,-7.6275294414314327,0.010712887972516251,0.16238780180315773,0.0071515645154373933,
3.28078,3.7881826792471074,-1.1458977256586202,-8.4625414806909447,3.6439276154358802,-0.13811966466709355,-7.633434465570816,0.011364580546073529,0.16065810001234562,0.0084785832105104264,
3.2813319999999999,3.9732634543346821,-1.0427895378318952,-8.4609200264266562,3.6439276409002193,-0.14504350313812614,-7.6301437190086112,0.01166870770228897,0.16065717996796555,0.0084766450536362167,
3.2822369999999998,3.9732634816482624,-1.0502161910370653,-8.4573903031949769,3.6553401289193483,-0.088385384479232471,-7.6383892439937338,0.0091595099517068155,0.16042771740360023,0.0076298847607149242,
3.2836460000000001,3.9732635089618427,-1.0576428442422354,-8.4538605799632975,3.7308776472141418,0.040938924349899999,-7.6383712338008616,0.0032322679452482204,0.16454413935205447,0.0069587973351508889,
3.2850899999999998,3.9732635362754229,-1.0650694974474055,-8.4503308567316182,3.7865366672495608,0.11467613914498287,-7.626572390014819,-7.1191404518440408e-06,0.16756186269686577,0.0075691249826261636,
3.2853089999999998,3.9472066285751102,-1.0437204754357778,-8.4358994140663359,3.7865366927138999,0.10775230067395027,-7.6232816434526143,0.00029700801576359738,0.16756094265248569,0.007567186825751953,
3.2865340000000001,3.9472066558886905,-1.0511471286409479,-8.4323696908346566,3.7809809070995457,0.11743440204239883,-7.6102620385683393,7.6802664379554248e-05,0.16754501114439602,0.0077940669396552708,
3.2879360000000002,3.9472066832022707,-1.0585737818461181,-8.4288399676029773,3.7423022015033016,0.081418350808190931,-7.6047278947841059,0.0018674628986739303,0.16609664657438641,0.0089146324165807599,
3.2892410000000001,3.9228838489551454,-1.0379674798670004,-8.4422524244451669,3.7423022269676407,0.074494512337158328,-7.6014371482219012,0.0021715900548893718,0.16609572653000634,0.0089126942597065502,
3.2893889999999999,3.9228838762687257,-1.0453941330721706,-8.4387227012134876,3.6951652727781465,0.079307422907476402,-7.6005138619543517,0.0020348139702279686,0.16288465309496314,0.0066304849885869084,
3.2908409999999999,3.9228839031490845,-1.0527011346423685,-8.4351785372672428,3.7056290541173378,0.10465814078341844,-7.6108104550884228,0.00028722334638707579,0.16395733851121666,0.0081710412190743945,
3.292265,3.9228839300294434,-1.0600081362125664,-8.431634373320998,3.7187947930361736,0.085862344533757823,-7.6243047673615152,0.0011700173696524649,0.16376176247541963,0.0071979553429719206,
3.2931680000000001,3.9135233097512692,-1.0308000295834427,-8.4048803907322043,3.7187948180966224,0.079050056793647364,-7.6210005577800608,0.0014692483155897833,0.16376083864467358,0.0071960484119581152,
3.2936779999999999,3.913523336631628,-1.0381070311536407,-8.4013362267859595,3.77645676615909,0.067136033937828826,-7.614256344780074,0.0015025542224431699,0.16669883407236613,0.0067319552508545598,
3.2951329999999999,3.9135233635119868,-1.0454140327238386,-8.3977920628397147,3.81968285917285,0.018860032622845385,-7.6050727531000755,0.0036590724046578096,0.16883100870991749,0.0077049763330790588,
3.296551,3.9135233903923456,-1.0527210342940365,-8.3942478988934699,3.8471395160426765,-0.078378644914068082,-7.5951537095942125,0.0081073875668701695,0.17011009841794239,0.0080368423227961706,
3.2970860000000002,4.0067243966306991,-1.0313498443309548,-8.3524388729686088,3.8471395411031253,-0.085190932654178542,-7.5918495000127582,0.0084066185128074886,0.17010917458719635,0.0080349353917823652,
3.2979690000000002,4.0067244235110575,-1.0386568459011527,-8.348894709022364,3.8618102144531603,-0.12746282858652783,-7.5863212767692776,0.010646018315719909,0.1713727148084743,0.0083522450972666196,
3.2993950000000001,4.0067244503914159,-1.0459638474713506,-8.3453505450761192,3.8329785139102079,-0.11879779465122445,-7.5907652911803902,0.0096731643753309934,0.16943702565369753,0.0062092858157653374,
3.3008329999999999,4.0067244772820896,-1.0532945730726206,-8.3417228312813165,3.8168414822939627,-0.11523504165926179,-7.5943393180893795,0.0091564494217202617,0.16930705359162887,0.006750828334681048,
3.3010760000000001,4.0938169348609543,-1.0318409088702833,-8.3559235706372217,3.8168415073640278,-0.12206944721671029,-7.5909572153251261,0.0094566555500698035,0.16930610795705572,0.006748915212336685,
3.3022629999999999,4.093816961751628,-1.0391716344715534,-8.352295856842419,3.7805298984100131,-0.14980683656372443,-7.5959851743515339,0.011193918290459914,0.16665327949809727,0.00556105335484826,
3.3036850000000002,4.0938169886423017,-1.0465023600728234,-8.3486681430476164,3.7989147210039529,-0.13372598914498918,-7.5855787973988411,0.010320713175692782,0.16831609303502862,0.0073506411980104776,
3.3050199999999998,4.1069584461886732,-1.0519518365831677,-8.3659272151997435,3.798914746074018,-0.14056039470243767,-7.5821966946345878,0.010620919304042324,0.16831514740045547,0.0073487280756661146,
3.3051159999999999,4.1069584730793469,-1.0592825621844377,-8.3622995014049408,3.795050049476421,-0.10743917584368913,-7.5686916655552547,0.009563145432664278,0.16823257610775294,0.0076337268863132385,
3.306559,4.1069584999700206,-1.0666132877857077,-8.3586717876101382,3.7740589258849355,-0.072610772422819422,-7.5635422099684577,0.0081118394251959054,0.16774439844274286,0.0073663818512950318,
3.3079960000000002,4.1069585268606943,-1.0739440133869778,-8.3550440738153355,3.7279718993829762,0.0049191611657839751,-7.5619877892079144,0.0050117492112795817,0.16628977848446289,0.007437551685220244,
3.3089590000000002,4.1147778805165887,-1.0251229465225331,-8.3720223055565999,3.7279719244530414,-0.0019152443916645168,-7.558605686443661,0.0053119553396291245,0.16628883284988974,0.0074356385628758809,
3.3094359999999998,4.1147779074072623,-1.0324536721238031,-8.3683945917617972,3.6463861085068148,0.083105508520404256,-7.5632498912335944,0.00096703584236404547,0.16161158419057947,0.0062727475668145514,
3.3108879999999998,4.1147779339162884,-1.0396802182842784,-8.3647462483747574,3.6147366360258966,0.10019384251446009,-7.5679313521264078,0.00020494330123211192,0.16063119643253138,0.0076017417536513995,
3.3122880000000001,4.1147779604253145,-1.0469067644447536,-8.3610979049877177,3.6066242781265476,0.1026271108635875,-7.5743967774678858,0.00029321249783926823,0.15899473920209742,0.0062846338753908496,
3.3128730000000002,4.1220750850280687,-1.0010763517314396,-8.3369196447152163,3.6066243028408045,0.095889831373579995,-7.5709954418189911,0.00058915595508901119,0.15899378816813947,0.0062827479410803404,
3.313752,4.1220751115370948,-1.0083028978919149,-8.3332713013281765,3.6927411401096757,0.12911289656564334,-7.5660035821445168,-0.00076080900148160161,0.16312163992548342,0.0060721951151721885,
3.315191,4.1220751380461209,-1.0155294440523901,-8.3296229579411367,3.795774830839501,0.15546146891204096,-7.5636007934535527,-0.0020565180130309012,0.16815187561150732,0.0065094985914018319,
3.3165870000000002,4.122075164555147,-1.0227559902128653,-8.3259746145540969,3.8625315126281068,0.17178970147705996,-7.5588018602127294,-0.0038046871316901572,0.17188688034069538,0.0072018850800276198,
3.3168090000000001,4.0660006310547319,-0.95003561512450962,-8.3393682528963886,3.8625315373423637,0.16505242198705244,-7.5554005245638347,-0.0035087436744404145,0.17188592930673743,0.0071999991457171106,
3.3180139999999998,4.0660006575637579,-0.95726216128498487,-8.3357199095093488,3.8653207856098968,0.11747876456518686,-7.5578811599288001,-0.001031147244215617,0.17174305634137643,0.0053945557716633804,
3.3194539999999999,4.066000684072784,-0.96448870744546011,-8.332071566122309,3.8554918056355163,0.061434773876963403,-7.5679301278400839,0.0012169043827946794,0.17040321542363396,0.0050976223242204903,
3.320754,4.1565771866995105,-0.92976892488871299,-8.3451492791951534,3.8554918302920744,0.054731151935078937,-7.564480709979585,0.0015113729296359632,0.17040225092772998,0.0050957458115023025,
3.3208980000000001,4.1565772131466474,-0.93695936926277423,-8.3414493618275216,3.8923958767038211,-0.01717683894463784,-7.5696820624940599,0.0044877704192397491,0.17174900044927649,0.0065655912569019433,
3.3223129999999998,4.1565772395937843,-0.94414981363683548,-8.3377494444598899,3.9687074805661231,-0.091119736342049826,-7.5840084523812736,0.0075855763859942228,0.17471696982539886,0.0058574248308744898,
3.3237760000000001,4.1565772660409213,-0.95134025801089672,-8.3340495270922581,4.081839878016063,-0.090830711128475738,-7.575235906344588,0.0079000721969659064,0.18051228802692526,0.0058392687959146908,
3.3247089999999999,4.241166760703968,-0.91808255967038621,-8.3309681566357678,4.0818399026726206,-0.097534333070360205,-7.5717864884840891,0.0081945407438071896,0.18051132353102128,0.005837392283196503,
3.325221,4.241166787151105,-0.92527300404444746,-8.3272682392681361,4.1367723268528671,-0.094366798557520268,-7.5598344587317214,0.007478282398354995,0.18352218290004924,0.0044432513244930024,
3.3266330000000002,4.2411668135982419,-0.9324634484185087,-8.3235683219005043,4.1300123637729245,-0.1202802748767019,-7.5453290239712034,0.008596529145114223,0.18331862460808784,0.0061667874868863359,
3.3280650000000001,4.2411668400453788,-0.93965389279256994,-8.3198684045328726,4.0755555058845427,-0.15585630690096974,-7.5353249974648229,0.010780027002353859,0.18121198753637313,0.0055851426522583042,
3.328624,4.4049039693150398,-0.99897067056679179,-8.3191942123202907,4.0755555305411004,-0.16255992884285422,-7.531875579604324,0.011074495549195143,0.18121102304046915,0.0055832661395401164,
3.329507,4.4049039957621767,-1.0061611149408529,-8.3154942949526589,3.9923766486255969,-0.14194067397667354,-7.5253604405969519,0.010301106648298919,0.17664781871677296,0.0063463315914962584,
3.3309199999999999,4.4049040219720741,-1.013298953854711,-8.3117500239617197,3.9344301044190422,-0.10756417302523101,-7.5270764759279958,0.0086617800105667324,0.17434358006124204,0.0067673180486079532,
3.3323510000000001,4.4049040481819715,-1.0204367927685691,-8.3080057529707805,3.904424210277893,-0.052235424276199427,-7.5262049523612271,0.0062271151647757955,0.17240239345770758,0.0054414904224198901,
3.3325930000000001,4.2979596088425449,-1.029454662418297,-8.3078105003975899,3.9044242347132729,-0.058890002362247541,-7.5227141837987483,0.0065194329947006243,0.17240141737699888,0.0054396276383151141,
3.333771,4.2979596350524423,-1.0365925013321551,-8.3040662294066507,3.9237919530568264,0.041837865341771169,-7.5088187455297488,0.0020876883011204756,0.17392771332307455,0.0060018233282336337,
3.3352270000000002,4.2979596612623396,-1.0437303402460132,-8.3003219584157115,3.9229460466091317,0.084508476001486255,-7.4932820241960574,0.00039736008505141234,0.17384932189888511,0.0070157974621043798,
3.3365010000000002,4.1981632824635042,-1.0501293072947606,-8.2946860554230906,3.9229460710445117,0.077853897915438147,-7.4897912556335786,0.00068967791497624156,0.1738483458181764,0.0070139346779996038,
3.3366349999999998,4.1981633086734016,-1.0572671462086187,-8.2909417844321514,3.9173272791889766,0.082017051690966514,-7.4787956531856459,0.00085852880993953222,0.17384972698131404,0.0073062730617326592,
3.3380770000000002,4.198163334883299,-1.0644049851224768,-8.2871975134412121,3.9024435909567559,0.089860917713863078,-7.482935325574565,0.00022978733867517337,0.17253729948866589,0.0074076866108381389,
3.3395100000000002,4.1981633610931963,-1.0715428240363349,-8.2834532424502729,3.9429438987918393,0.12614278713348209,-7.491422064517848,-0.0015185408184789145,0.17420708037917659,0.0055681420709021079,
3.340449,4.2166050588128172,-0.94715833287688711,-8.2568882971150739,3.942943922986808,0.11955840907637655,-7.4879014849841745,-0.0012293030636491523,0.17420609594307798,0.0055662989375535625,
3.3409390000000001,4.2166050847648444,-0.95422087377908149,-8.253112050256167,4.0016268965279949,0.16665052214671777,-7.4904249448347526,-0.0035749611100769022,0.17692630664676495,0.0062242733527200075,
3.3423910000000001,4.2166051107168716,-0.96128341468127587,-8.2493358033972601,4.0476654668987155,0.14682305886178817,-7.496726018758249,-0.002957443958920546,0.17856438316752912,0.0058931993893724978,
3.343807,4.2166051366688988,-0.96834595558347025,-8.2455595565383533,4.1166932250219084,0.082107728277572151,-7.4819076961269539,0.0003120031279033892,0.18205452090765603,0.0061387606653781346,
3.3443700000000001,4.2320724752950287,-0.88547902851980598,-8.2206608245384629,4.1166932492168771,0.075523350220466606,-7.4783871165932805,0.0006012408827331514,0.18205353647155742,0.0061369175320295892,
3.345253,4.2320725012470559,-0.89254156942200036,-8.216884577679556,4.1575085900911537,0.0045730502231485642,-7.4682645511153707,0.0032114228487848361,0.18345072934322101,0.0061523180565933918,
3.3466619999999998,4.2320725271990831,-0.89960411032419474,-8.2131083308206492,4.2002319695599271,-0.075937574972672908,-7.4656415198604691,0.0066938175600672698,0.18583439331043272,0.0090102372923561054,
3.3481269999999999,4.2320725531511103,-0.90666665122638912,-8.2093320839617423,4.2137221005823076,-0.11635816680063034,-7.4723249308585391,0.0089706326886660262,0.18648166538546107,0.0079250412161318319,
3.3482919999999998,4.3277738219809931,-0.83075599313596626,-8.235584925343499,4.2137221247772763,-0.12294254485773588,-7.4688043513248656,0.0092598704434957886,0.18648068094936246,0.0079231980827832865,
3.3495590000000002,4.3277738479330203,-0.83781853403816064,-8.2318086784845921,4.1981101538147687,-0.10180572087042994,-7.4767266656176332,0.007480436715867813,0.18561032687565823,0.0064107119403641871,
3.3509929999999999,4.3277738746586571,-0.84509562269961558,-8.2278457338159434,4.1772499473740909,-0.12591676043242703,-7.4729517901258573,0.0081986907068712506,0.18504046453594428,0.0075202003744615975,
3.3522569999999998,4.3924036310886754,-0.96008621223209811,-8.2128902476233385,4.1772499722902934,-0.1327011604898069,-7.4692571529861755,0.0084967186539720036,0.18503943140843146,0.0075183012499152472,
3.352427,4.3924036578143122,-0.96736330089355305,-8.2089273029546899,4.1478444802157703,-0.19770725198405387,-7.4662774265584817,0.011755428975422505,0.18248988613871225,0.0056467114738613811,
3.3538420000000002,4.392403684539949,-0.97464038955500798,-8.2049643582860412,4.1773308140963072,-0.21569579532845368,-7.4497092943406011,0.013039213975693817,0.18520559872049216,0.0078849413999501194,
3.3552680000000001,4.3924037112655858,-0.98191747821646291,-8.2010014136173925,4.1487612925514661,-0.17750362636804784,-7.4333288280455427,0.011765407797127102,0.18400137048996631,0.0066326110869661236,
3.3561459999999999,4.4371523368306764,-1.0564091535310161,-8.1872284245175937,4.1487613174676685,-0.18428802642542771,-7.429634190905861,0.012063435744227856,0.1840003373624535,0.0066307119624197733,
3.3567049999999998,4.4371523635563133,-1.0636862421924709,-8.183265479848945,4.0898793741387989,-0.11861509781350496,-7.4216252162866096,0.0090017564409413491,0.18179152804705703,0.005492701776746458,
3.3581310000000002,4.4371523902819501,-1.0709633308539257,-8.1793025351802964,3.9878653199737659,-0.048814712317635914,-7.4219028577845361,0.0059100655072032732,0.17762957630948539,0.0050414911279407027,
3.3595640000000002,4.4371524170075869,-1.0782404195153805,-8.1753395905116477,3.8730963508712195,0.01544406371301163,-7.4218939706999869,0.0027539743051724292,0.17143281177442085,0.0045803428957457894,
3.3600859999999999,4.438318248843677,-1.1418158710190096,-8.1483068163175094,3.8730963752969831,0.0087856390500352967,-7.4181974102718415,0.0030464721889722581,0.17143177808700183,0.0045784790348884869,
3.3609930000000001,4.438318275043259,-1.1489578358513148,-8.1443418086896386,3.8254867505898322,0.021652628567381177,-7.4152284213762067,0.0025844173123476745,0.16992558000060617,0.00703730945520834,
3.3624360000000002,4.4383183012428411,-1.1560998006836201,-8.1403768010617679,3.802307138207718,0.012358390925622449,-7.4201298786161498,0.0030928855199879378,0.1672047800750398,0.0060479264911678602,
3.3638699999999999,4.4383183274424232,-1.1632417655159253,-8.1364117934338971,3.9010215535260451,0.055900544010332121,-7.4162850082406608,0.0018184459896689984,0.17267832418440496,0.0056971905650236802,
3.3640270000000001,4.2987961516787347,-1.0152661395419635,-8.1667264147769494,3.9010215779518087,0.049242119347355784,-7.4125884478125155,0.0021109438734688273,0.17267729049698594,0.0056953267041663777,
3.3653219999999999,4.2987961778783168,-1.0224081043742688,-8.1627614071490786,3.9941118861974449,0.1432911918312666,-7.4104044309017141,-0.0026068354656379757,0.17718974282055108,0.0062855979067153386,
3.366724,4.2987962040778989,-1.029550069206574,-8.1587963995212078,4.0412828388039115,0.17731864534559133,-7.4046168548111808,-0.0047453408860447764,0.18006345478251451,0.0063396197719689127,
3.3679860000000001,4.1684690851924771,-0.88869198276981998,-8.1881379415493019,4.0412828632296751,0.17066022068261499,-7.4009202943830354,-0.004452843002244947,0.18006242109509549,0.0063377559111116102,
3.3681540000000001,4.1684691113920591,-0.8958339476021252,-8.1841729339214311,4.0217947789205626,0.10370118220105053,-7.4017377580367247,-0.00065372474766765051,0.17901494988472555,0.0054340377289807404,
3.3696039999999998,4.1684691375916412,-0.90297591243443043,-8.1802079262935603,3.9802887979124049,0.046250583807960544,-7.4004272816178185,0.0014866107211408631,0.17614844226031964,0.0055800699235718449,
3.3710200000000001,4.168469164007834,-0.91015913645120894,-8.1761449281025644,3.9940281099105914,-0.036472171738654358,-7.3974978997478731,0.0048193736457046339,0.17620908128917931,0.0073077880846574798,
3.3719209999999999,4.3290567962837292,-0.7827682011584185,-8.1780642220369391,3.9940281345383002,-0.043169062170914291,-7.3937099831176791,0.0051135650995988245,0.17620802203774052,0.0073059134562586973,
3.372452,4.329056822699922,-0.78995142517519701,-8.1740012238459432,4.0676673807462818,-0.12627824830549522,-7.4064422937948535,0.0089806024705110215,0.1790211872970639,0.005690336467750543,
3.373904,4.3290568491161148,-0.79713464919197552,-8.1699382256549473,4.1916840334661654,-0.10482016835798194,-7.3980886677112423,0.007978696002456152,0.1854260435487646,0.0056789010226148675,
3.3753259999999998,4.3290568755323076,-0.80431787320875403,-8.1658752274639514,4.2575470109566638,-0.082336880174674415,-7.3813429712708496,0.0065454849873234763,0.18891493384406391,0.004389112582866745,
3.3758439999999998,4.3389735904297408,-0.92697756883416871,-8.1708683576396126,4.2575470355843725,-0.089033770606934348,-7.3775550546406556,0.0068396764412176668,0.18891387459262513,0.0043872379544679626,
3.3767420000000001,4.3389736168459336,-0.93416079285094722,-8.1668053594486167,4.2441558944130158,-0.14089418345002444,-7.3602716682138256,0.0091823545192872974,0.18867651001518512,0.0063596586707945612,
3.37818,4.3389736432621264,-0.94134401686772573,-8.1627423612576209,4.1691891665158369,-0.20631326278418455,-7.3472340587537177,0.012622889007731276,0.18531789837826948,0.0074671153569156913,
3.379616,4.3389736696783192,-0.94852724088450424,-8.158679363066625,4.0656411518866173,-0.2102244668476882,-7.3365027190877106,0.012679279314884519,0.17990355102144129,0.0088119130387909039,
3.379791,4.3482348622429701,-1.0063048630351801,-8.1639889941929145,4.0656411765143261,-0.21692135727994813,-7.3327148024575166,0.01297347076877871,0.1799024917700025,0.0088100384103921223,
3.3810699999999998,4.3482348885456998,-1.0134653945004983,-8.1598630757455979,3.9922871596890075,-0.18616778366502931,-7.332795165746151,0.011921978443362279,0.17695924878968261,0.0091167402148276885,
3.3824730000000001,4.3482349148484296,-1.0206259259658166,-8.1557371572982813,3.94693504320986,-0.11100009928205511,-7.3329657312493586,0.0086399022991904377,0.17408459692628347,0.0072142618491921502,
3.3837359999999999,4.3583120952524794,-1.0702897784485776,-8.1035697386397914,3.946935067731788,-0.117675833541209,-7.329119154321007,0.0089331682133470345,0.17408352124971704,0.0072123931429408945,
3.3839190000000001,4.3583121215552092,-1.0774503099138959,-8.0994438201924748,3.960258954365663,-0.0071678398170678254,-7.3148119898807318,0.0037068804449030476,0.17564773679134238,0.006250100329593682,
3.385351,4.358312147857939,-1.0846108413792142,-8.0953179017451582,3.9417004514798273,0.047344622393217836,-7.2957791204146432,0.0013198508670338952,0.17440001399558891,0.006572872683267574,
3.38679,4.3583121741606687,-1.0917713728445324,-8.0911919832978416,3.9435209061998515,0.046238577436900241,-7.2793982590993105,0.0013461411180625878,0.17445678877383611,0.0074325508290470858,
3.387661,4.3374003319268253,-0.95044313174719042,-8.1018148362621041,3.9435209307217796,0.039562843177746346,-7.2755516821709589,0.0016394070322191838,0.17445571309726968,0.00743068212279583,
3.3882159999999999,4.3374003582295551,-0.95760366321250856,-8.0976889178147875,3.9581214260682129,0.037199427306572948,-7.2753841473081931,0.0029540593200136599,0.17462586532219826,0.007234402015079161,
3.3896389999999998,4.3374003845322848,-0.9647641946778267,-8.0935629993674709,4.0098340106847035,0.13007626877739084,-7.2760937902873124,-0.0016815785289087497,0.17662016177163137,0.0074989565737170107,
3.3910800000000001,4.337400410680293,-0.97188037251983639,-8.0893865384191752,4.0782938118837828,0.1883130988489804,-7.2828650142355826,-0.0047695227388428489,0.17993957084734333,0.0071211737294730425,
3.391588,4.3178774264003827,-0.90858143565346694,-8.1000386515610003,4.078293836261464,0.18167871529180615,-7.2789713167398586,-0.0044780695075801805,0.17993848197421977,0.0071193165983249145,
3.3925070000000002,4.3178774525483909,-0.91569761349547663,-8.0958621906127046,4.1396007898421399,0.16794961829458702,-7.294624699440436,-0.0037664301603007864,0.18144364277506436,0.0038597033112051423,
3.3939599999999999,4.3178774786963992,-0.92281379133748631,-8.0916857296644089,4.2655564302683207,0.16426680581877567,-7.2849903944661287,-0.0038873123174694483,0.18773043890465832,0.0054230253997450996,
3.3954179999999998,4.3178775048444074,-0.929929969179496,-8.0875092687161132,4.3713470008886093,0.072695344809418569,-7.2792207864845668,0.00069595600859894899,0.19154846947191864,0.0051865320556120417,
3.3955340000000001,4.3740951717454681,-0.8713234331818468,-8.0864854037895082,4.3713470252662905,0.066060961252244338,-7.2753270889888428,0.00098740923986161784,0.19154738059879509,0.0051846749244639136,
3.3968340000000001,4.3740951978934763,-0.87843961102385648,-8.0823089428412125,4.5154779975999055,-0.011431329071307957,-7.2766260781661405,0.0039988203363913108,0.19895397922874622,0.0069533876997817145,
3.3982429999999999,4.3740952240414845,-0.88555578886586617,-8.0781324818929168,4.590528230096,-0.030585147597223923,-7.2782066547162314,0.0048590577018342062,0.2023572293804361,0.0062574324699750071,
3.3994770000000001,4.5688394278559885,-0.93501288076620404,-8.0538937606045522,4.5905282544736812,-0.037219531154398161,-7.2743129572205074,0.0051505109330968746,0.20235614050731254,0.0062555753388268791,
3.399689,4.5688394540039967,-0.94212905860821372,-8.0497172996562565,4.6178536102284253,-0.043212546555606642,-7.2812831688709743,0.0048493985897960935,0.20303448273135261,0.0051797133955187062,
3.4011040000000001,4.5688394806058561,-0.94936901400364282,-8.0453892112050216,4.6281892913812959,-0.099409440268326182,-7.2812547317210043,0.0073794156341935781,0.20381668408585354,0.0056125360170685363,
3.4025620000000001,4.5688395072077155,-0.95660896939907192,-8.0410611227537867,4.6214672888864197,-0.17911447106681527,-7.2828248064738839,0.011282632659432962,0.20199888906462926,0.0050568725907683383,
3.403413,4.7506708881749331,-1.0089541836159457,-8.0183030165062821,4.6214673136872246,-0.18586425193184003,-7.2787897472760434,0.011579159382555973,0.20199776063940575,0.0050549831570057104,
3.403969,4.7506709147767925,-1.0161941390113749,-8.0139749280550472,4.6919124145916076,-0.2101671159313877,-7.2644628708357617,0.012636623552124197,0.20659523415291051,0.007177856772647595,
3.4054329999999999,4.7506709413786519,-1.0234340944068041,-8.0096468396038123,4.7175636585294694,-0.1807007111700448,-7.2541913032246343,0.011649676043785671,0.20691565433068992,0.0057934410989075331,
3.4068670000000001,4.7506709679805113,-1.0306740498022333,-8.0053187511525774,4.7479164793804625,-0.10246822074883433,-7.2472573267504075,0.0083862740791756998,0.20959747125569436,0.0063724504876049295,
3.4073540000000002,4.8053556210522421,-1.074699334455185,-8.0114290204824936,4.7479165041812674,-0.1092180016138591,-7.243222267552567,0.008682800802298711,0.20959634283047085,0.0063705610538423016,
3.4082650000000001,4.8053556476541015,-1.0819392898506142,-8.0071009320312587,4.7017049340546055,-0.031610057646783693,-7.2367219742097468,0.005660958683892027,0.20714000749636066,0.0057406604955575194,
3.409713,4.8053556742559609,-1.0891792452460434,-8.0027728435800238,4.6440096729468241,0.011015226720720986,-7.2305502257718128,0.0033124867227109275,0.20411890117323536,0.0064524308993292225,
3.4111410000000002,4.8053556997644513,-1.0961365752278311,-7.9985365568142415,4.6174837236010493,-0.00087789302130713599,-7.2324225794086132,0.0041158643189647161,0.20233807728883782,0.008423734807467699,
3.4113540000000002,4.871721995797877,-0.98001359885246397,-7.981606694811509,4.6174837473825114,-0.007364183366739792,-7.2284731065474288,0.0044008194706295573,0.20233697277662174,0.0084219191313444075,
3.4125830000000001,4.8717220213063674,-0.98697092883425186,-7.9773704080457266,4.6604342870801956,0.007452152734106654,-7.235491257946812,0.0044993665054548111,0.20323101575661787,0.0064921877196655389,
3.4140459999999999,4.8717220468148579,-0.99392825881603974,-7.9731341212799443,4.7957674854489003,0.12658629442575117,-7.2292207091771541,-0.0014996249478064225,0.21031185198127417,0.007797635792709953,
3.4152990000000001,4.9336840081480373,-0.93056828841684958,-7.957318491593032,4.7957675092303624,0.12010000408031851,-7.2252712363159697,-0.0012146697961415813,0.21031074746905809,0.0077958201165866615,
3.415429,4.9336840336565277,-0.93752561839863746,-7.9530822048272496,4.9113476429293828,0.19828632832405721,-7.2201101542334838,-0.0046618074848311245,0.21553413906510233,0.0058425867900540971,
3.416865,4.9336840591650182,-0.94448294838042535,-7.9488459180614672,4.994847725458067,0.21396135307598096,-7.2111880592280881,-0.0055328051773579669,0.2203620003255336,0.0063261049115989915,
3.4183029999999999,4.9336840846735086,-0.95144027836221323,-7.9446096312956849,4.9873597307469755,0.1824978718743393,-7.199335848468329,-0.0043324784087598791,0.21927602638751387,0.0050219925788720079,
3.419222,5.0480689324781283,-0.89290684186009839,-7.9450707300207535,4.9873597545284376,0.17601158152890664,-7.1953863756071446,-0.0040475232570950379,0.21927492187529779,0.0050201769027487164,
3.419721,5.0480689579866187,-0.89986417184188627,-7.9408344432549711,4.9721933004049497,0.074245734845090519,-7.1944489272918144,0.00032381062618396916,0.21789427891905777,0.0066145110690494033,
3.4211969999999998,5.0480689832784984,-0.90674001493433953,-7.9365744324581167,5.0145598381635574,-0.023330606825674852,-7.2075564507937502,0.0054041083205362845,0.21940142368877139,0.0072801874930179368,
3.4226230000000002,5.0480690085703781,-0.91361585802679279,-7.9323144216612622,5.1094618700256031,-0.02150995213391561,-7.2151921924768905,0.0042648032995972534,0.22310304149136206,0.006166389706195723,
3.4231729999999998,5.0779814787862758,-0.95920287206641053,-7.9460062505204885,5.1094618936051202,-0.027920272585013235,-7.2112206017983675,0.0045464246675741959,0.2231019307789508,0.0061645952959561443,
3.424032,5.0779815040781555,-0.96607871515886379,-7.941746239723634,5.2418749555413218,-0.0094899600218008931,-7.2109268037502492,0.0032544471582822187,0.23005316552967955,0.0051023340385794209,
3.4254829999999998,5.0779815293700352,-0.97295455825131705,-7.9374862289267796,5.3097916783804893,-0.053873153959033374,-7.1996727671856879,0.0057415118815788441,0.23345972747407906,0.0040534247674450996,
3.426933,5.0779815546619149,-0.97983040134377031,-7.9332262181299251,5.3191603102349925,-0.11385776283582416,-7.1735361616033195,0.0077003598930023053,0.23446635538155478,0.0053989630536676585,
3.4271090000000002,5.1059062655268157,-1.0395095221126722,-7.9199814394321848,5.3191603338145095,-0.12026808328692179,-7.1695645709247966,0.0079819812609792477,0.23446524466914351,0.0053971686434280798,
3.4283920000000001,5.1059062908186954,-1.0463853652051256,-7.9157214286353303,5.2515065887745438,-0.21082715444475847,-7.1499281164455173,0.01267604919381265,0.23152743230596107,0.006728420241412153,
3.429764,5.1059063161105751,-1.053261208297579,-7.9114614178384759,5.1537399190086832,-0.27538367977112493,-7.1453111095215407,0.015507624284467057,0.2262132627866007,0.0072146729617872463,
3.4310580000000002,5.3267666231172601,-1.0356434608264189,-7.8926415992865371,5.1537399422612404,-0.28170552895287054,-7.1413250941795363,0.015785362655007469,0.22621214802201239,0.0072129033168855904,
3.431206,5.3267666480584372,-1.0424244077945839,-7.8883661162955052,5.0969037939243771,-0.24946754861120793,-7.1472746381329291,0.01444256862915106,0.22385043197678495,0.0070481179727145916,
3.4326469999999998,5.3267666729996144,-1.0492053547627489,-7.8840906333044734,5.0834637990372711,-0.14790890240410895,-7.1615778354362192,0.0092246872140935472,0.22239987821704435,0.0051787298249228019,
3.434069,5.3267666979407915,-1.0559863017309139,-7.8798151503134415,5.1388761971868586,-0.054458138154556829,-7.1608989418237501,0.0052859036370321915,0.22573580938528179,0.0057421266473351188,
3.4349940000000001,5.2519282877648701,-1.0706553199404865,-7.8685830141083617,5.1388762204394158,-0.060779987336302424,-7.1569129264817457,0.0055636420075726046,0.22573469462069348,0.0057403570024334629,
3.435489,5.2519283127060472,-1.0774362669086515,-7.8643075311173298,5.1756540492026915,-0.025150145242320392,-7.1525334892759584,0.0044633033426661924,0.22734235683342596,0.0059461805378215327,
3.4369239999999999,5.2519283376472243,-1.0842172138768165,-7.860032048126298,5.2339501503954056,-0.0025099767063271362,-7.139306434287656,0.0035922225463251535,0.23024684656644476,0.0063370007430529106,
3.438361,5.2519283625884015,-1.0909981608449815,-7.8557565651352661,5.2707444291888228,0.025048461897949185,-7.1331735554022879,0.0028364952294519701,0.23220509536471259,0.0065262422572418795,
3.438933,5.1820578650818812,-1.1017297606984346,-7.8724748671403715,5.27074445244138,0.01872661271620359,-7.1291875400602835,0.0031142335999923831,0.23220398060012429,0.0065244726123402236,
3.439781,5.1820578900230583,-1.1085107076665996,-7.8681993841493396,5.2815500151719244,0.081040511786687724,-7.1352971909148017,-0.00020489953801429341,0.23253109446333955,0.0069817634920623425,
3.4412280000000002,5.1820579142834591,-1.1151070197842474,-7.8639682547816161,5.2904939204361936,0.13332743365737937,-7.1438514693485731,-0.0024397278724883073,0.2329037852460292,0.0061863285733769089,
3.4426549999999998,5.1820579385438599,-1.1217033319018952,-7.8597371254138926,5.3015324151981229,0.14010807096534331,-7.154627829814264,-0.0029462215350788499,0.23245244430600104,0.0056141857497375774,
3.442869,5.2874176023316348,-1.0488514977496435,-7.8268426155051962,5.3015324378159949,0.1339583561011414,-7.1506831651742395,-0.0026760419027412208,0.2324513410886461,0.0056124642895694103,
3.4440919999999999,5.2874176265920356,-1.0554478098672913,-7.8226114861374727,5.3673047795522182,0.12564161762291012,-7.1471713844360387,-0.0026707687691428666,0.23624043421855531,0.0065283730638849178,
3.4455179999999999,5.2874176508524364,-1.062044121984939,-7.8183803567697492,5.41467492286443,0.055938722854570772,-7.1425319969429664,0.00082073313694211577,0.237835012500068,0.0051793432447876002,
3.4468109999999998,5.3721303455094054,-0.99805097211518179,-7.7830973188705279,5.414674945482302,0.049789007990368853,-7.1385873323029418,0.0010909127692797448,0.23783390928271306,0.0051776217846194331,
3.4469699999999999,5.3721303697698062,-1.0046472842328296,-7.7788661895028044,5.468913969497379,-0.00043094899479915322,-7.1330960622564712,0.0034031861496015411,0.24149677598662433,0.0062143319809291929,
3.4483860000000002,5.372130394030207,-1.0112435963504773,-7.7746350601350809,5.4585259205932779,-0.023090244532728538,-7.127192566086415,0.0037357035231657073,0.24094128214238544,0.0058721226852176444,
3.4498190000000002,5.3721304182906078,-1.0178399084681251,-7.7704039307673574,5.4175316528367867,-0.069838080819774523,-7.1261103421194898,0.0057192016432750115,0.23912569837758749,0.0049785998442794981,
3.4507539999999999,5.4512269271925549,-0.95885613426613325,-7.79091528412006,5.4175316755508236,-0.076032992962884488,-7.1220704747004886,0.0059913705600924422,0.23912456851481606,0.0049768657322577679,
3.4512429999999998,5.4512269515561034,-0.96550092592553682,-7.7865820382707653,5.3452363727574612,-0.14135570981712969,-7.1182508335086885,0.0092520925362578749,0.23618861832966023,0.0056451533615650513,
3.4526789999999998,5.4512269759196519,-0.97214571758494039,-7.7822487924214707,5.2746743825608329,-0.19741421055675776,-7.1151562953259422,0.011079738142171593,0.2320011583349226,0.005219210117790027,
3.4541189999999999,5.4512270002832004,-0.97879050924434396,-7.7779155465721761,5.2695733765876556,-0.22924755191117505,-7.1023106713974355,0.012988791879594199,0.23303051792844662,0.0067381863659037875,
3.4547080000000001,5.4845801761439192,-1.0114480056095418,-7.7795034133602314,5.2695733993016924,-0.23544246405428501,-7.0982708039784344,0.01326096079641163,0.23302938806567519,0.0067364522538820573,
3.4555340000000001,5.4845802005074678,-1.0180927972689453,-7.7751701675109368,5.233341195787923,-0.21329725641403338,-7.0856342691044985,0.012831379754942395,0.23122362403591987,0.0055104179154683002,
3.4569869999999998,5.4845802248710163,-1.0247375889283488,-7.7708369216616422,5.1995438996953167,-0.15785524055961428,-7.0709560699074068,0.01005104638840461,0.23085942229340839,0.0057350728744800187,
3.4584079999999999,5.4845802492345648,-1.0313823805877522,-7.7665036758123476,5.0942755820569356,-0.11390122610447903,-7.0659934347994513,0.0083857450547205111,0.22596520682409263,0.0054473767774420442,
3.4586000000000001,5.4852169593858626,-1.0618646652454244,-7.768588736576187,5.0942756047709725,-0.120096138247589,-7.0619535673804501,0.0086579139715379418,0.2259640769613212,0.005445642665420314,
3.4598520000000001,5.4852169837494111,-1.0685094569048279,-7.7642554907268924,4.9902345060070878,-0.069985007926990944,-7.0577856223746185,0.0061136744885749821,0.22116886809877082,0.0061814309178486503,
3.4612660000000002,5.485217007535331,-1.0749923062651745,-7.7599573151844004,4.9146451473178292,-0.059654842672838757,-7.059373649833562,0.0062495254094075353,0.21745983917818312,0.0076679779023138325,
3.462539,5.4858115341043199,-1.1004355897872418,-7.7220376494781338,4.9146451694933448,-0.065698776671511083,-7.0553664783184518,0.0065150647892785541,0.21745871844417222,0.0076662860528785882,
3.4627029999999999,5.4858115578902398,-1.1069184391475884,-7.7177394739356417,4.8986572748509873,-0.040582189058947282,-7.0669611367873166,0.0056130288645293829,0.21515664173146778,0.0052040735295441785,
3.4641329999999999,5.4858115816761597,-1.113401288507935,-7.7134412983931497,5.0071610795047352,0.064386112681064103,-7.0650880915533421,0.00062944732224506483,0.22193857872606534,0.0069851841721010706,
3.465576,5.4858116054620796,-1.1198841378682816,-7.7091431228506577,5.0753339048363735,0.17495241328525235,-7.0697252643874569,-0.0045468632287972294,0.22449419584748126,0.0059996911993840272,
3.4664510000000002,5.3435469114584455,-1.0585353852683439,-7.7121996455974244,5.0753339270118891,0.16890847928658001,-7.0657180928723466,-0.0042813238489262107,0.22449307511347036,0.005997999349948783,
3.4670019999999999,5.3435469352443654,-1.0650182346286905,-7.7079014700549324,5.1358737452832575,0.21287647969070145,-7.0595919411161843,-0.0062331054496642183,0.22901591999169033,0.0056495144967462635,
3.468423,5.3435469590302853,-1.0715010839890371,-7.7036032945124404,5.0770718585226966,0.1840554883447135,-7.0545926214571439,-0.0044626919832736721,0.22574635890843261,0.0048473507164827224,
3.4698639999999998,5.3435469828162052,-1.0779839333493837,-7.6993051189699484,5.007684594765732,0.13962930378797064,-7.0544607522069818,-0.0033263777012391407,0.22192886140145388,0.006245618697999486,
3.4703580000000001,5.4547237409095706,-0.92980414932950972,-7.7026741085169466,5.0076846172585903,0.13351516976035602,-7.0503401066724853,-0.003057750452468813,0.22192770891715896,0.0062439071978038262,
3.4713080000000001,5.4547237650358786,-0.93636229670151971,-7.6982542183802583,4.9930101172779384,0.021599188788096427,-7.0593329933191251,0.0026503578849656085,0.22101086186950455,0.0073654124958846077,
3.4727450000000002,5.4547237891621867,-0.94292044407352971,-7.6938343282435699,5.0416835406142706,-0.011405608165819849,-7.0793355245976546,0.0040886408177594575,0.22224493611970725,0.0053195501359968363,
3.4741569999999999,5.4547238132884948,-0.9494785914455397,-7.6894144381068816,5.1583725384381367,0.041457351201126785,-7.0777697037133489,0.00028771036152713814,0.22931047767409687,0.0062038123589445507,
3.4742769999999998,5.5585188678937811,-0.81573844290109443,-7.691326959712403,5.1583725609309949,0.035343217173512145,-7.0736490581788525,0.00055633761029746606,0.22930932518980196,0.0062021008587488909,
3.4756130000000001,5.5585188920200892,-0.82229659027310442,-7.6869070695757147,5.1746582252909779,0.0095050688351228894,-7.0644297501358277,0.0020631582687098068,0.22993432138324271,0.0033197069311634016,
3.4770439999999998,5.5585189161463973,-0.82885473764511441,-7.6824871794390264,5.1371874598900469,-0.067055525377075167,-7.0436866597811401,0.0055113485066523166,0.22950280801900233,0.0048769843555369376,
3.4782229999999998,5.6469010538395823,-0.89165923017578286,-7.7119913873648294,5.1371874823829051,-0.073169659404689807,-7.0395660142466436,0.0057799757554226443,0.22950165553470742,0.0048752728553412778,
3.4784730000000001,5.6469010779658904,-0.89821737754779285,-7.7075714972281411,4.9990967250287053,-0.15124016014423969,-7.0192739044390189,0.0094119994315096534,0.22282281436458717,0.0057598035034092075,
3.479886,5.6469011020921984,-0.90477552491980284,-7.7031516070914527,4.8498882854044476,-0.21881371380385831,-7.0051409744839059,0.012427603227195046,0.21563658583286363,0.0074013386721894607,
3.4813459999999998,5.6469011263629136,-0.91137905739473324,-7.6986254745547464,4.7372449691241085,-0.23192817151605924,-7.008963800576268,0.013367888625095562,0.21059035414631025,0.0073856459132618625,
3.482154,5.749575938165485,-1.0413212146941526,-7.7273200604845265,4.7372449917515977,-0.23808461788988569,-7.0047441056858668,0.013638378722508565,0.21058917394153442,0.0073839225687753352,
3.4827620000000001,5.7495759624362002,-1.0479247471690831,-7.7227939279478202,4.686873189522478,-0.14989028468002147,-7.0109031112370896,0.0096388392040325128,0.20752293551216447,0.0053014580251229716,
3.4842469999999999,5.7495759867069154,-1.0545282796440136,-7.7182677954111139,4.6969629229556205,-0.041899948353714689,-7.0028499796856281,0.0044545779478528062,0.20948263297453357,0.0052064632543784685,
3.485643,5.7495760109776306,-1.0611318121189441,-7.7137416628744075,4.6660180389546442,-0.00026998979864507194,-6.995502629946694,0.0028833916782973357,0.20725044341580812,0.0049985035377370785,
3.4860730000000002,5.5206076986827588,-1.1742359819864157,-7.675346249912975,4.6660180615821334,-0.0064264361724715273,-6.9912829350562928,0.0031538817757103387,0.20724926321103229,0.0049967801932505511,
3.4870489999999998,5.520607722953474,-1.1808395144613462,-7.6708201173762687,4.6680225025988324,-0.018911422567402591,-6.9892024051127262,0.0041813776545252023,0.20819785358959242,0.0063008649277992244,
3.4884949999999999,5.5206077472241892,-1.1874430469362767,-7.6662939848395624,4.6544039941373594,0.0042688225499218184,-6.9931978115588604,0.0036255182962066286,0.20662851865081616,0.006297118971014825,
3.4899369999999998,5.5206077714949044,-1.1940465794112072,-7.6617678523028561,4.6961900869070536,0.11553394172426268,-6.9969118705504902,-0.0016632078881907209,0.20881325733148587,0.0064639540135459127,
3.4900329999999999,5.5044170691314491,-1.0092978337156717,-7.6582842160928744,4.6961901095345429,0.10937749535043623,-6.992692175660089,-0.001392717790777718,0.20881207712671004,0.0064622306690593854,
3.4913530000000002,5.5044170930617762,-1.0157579905245577,-7.6537828390668521,4.7425459761396427,0.16648821383414691,-7.0096964809776718,-0.0036071519049787146,0.21071417279305088,0.0071220798628228487,
3.4927760000000001,5.5044171169921032,-1.0222181473334437,-7.6492814620408298,4.7926006998515671,0.20951746432796914,-7.0151268746851301,-0.0058859012465635168,0.2124825212707584,0.0057658484115292834,
3.4939969999999998,5.4675421831657802,-0.85758833170027082,-7.6463692284904035,4.7926007221617137,0.20349468650240293,-7.0109302592562983,-0.0056212802926221871,0.21248134751256989,0.0057641624842284878,
3.494237,5.4675422070961073,-0.86404848850915694,-7.6418678514643812,4.846415546073696,0.22523233600914838,-6.9991903152861008,-0.0073819147100887038,0.21566837232662403,0.0070239280139736127,
3.4956670000000001,5.4675422310264343,-0.87050864531804306,-7.6373664744383589,4.8462636329523114,0.13066234915461869,-6.9949993812511373,-0.0026058962667952846,0.21494261551443944,0.0074431499844539771,
3.4970829999999999,5.4675422549567614,-0.87696880212692918,-7.6328650974123367,4.8648771982275747,0.041511713474191789,-6.9883342786559606,0.0011757566514309517,0.21662449252252422,0.0077104244495579581,
3.4979529999999999,5.5144094600962639,-0.72860501429107916,-7.6736255784785063,4.8648772205377213,0.03548893564862559,-6.9841376632271288,0.0014403776053722814,0.21662331876433571,0.0077087385222571626,
3.498513,5.5144094840265909,-0.73506517109996528,-7.6691242014524841,4.8414424992340397,0.037687539631951386,-6.9868475503122438,0.00082386515328506911,0.21486220505436546,0.0068992373836252946,
3.4999549999999999,5.514409507956918,-0.74152532790885139,-7.6646228244264618,4.8340356180638331,0.032776001614879376,-6.9905255024740232,0.00080226315293759325,0.21464916875682322,0.0064205994181643772,
3.5013920000000001,5.5144095325783367,-0.74822375650807016,-7.6598780182120478,4.8286858942221915,-0.051755552383097619,-6.9908389648527232,0.0049185277550668439,0.2142730030681779,0.0061672212423545519,
3.501871,5.5149736332134127,-0.87653623220528365,-7.6322244509846202,4.8286859171766396,-0.058000470026276195,-6.986415401385119,0.0051929127236987,0.21427176580984356,0.0061654731325301018,
3.5028269999999999,5.5149736578348314,-0.88323466080450241,-7.6274796447702062,4.8277039783074072,-0.12305338503996276,-6.9757251163432734,0.0077560223012831022,0.21367321171340067,0.0064561110537637318,
3.504257,5.5149736824562501,-0.88993308940372118,-7.6227348385557923,4.8375055405392375,-0.18403411807353232,-6.9507557284797175,0.010285494854392627,0.21515046423743744,0.0082342918503830811,
3.505674,5.5149737070776688,-0.89663151800293994,-7.6179900323413783,4.7875633189671341,-0.22954857549961777,-6.9345121699036198,0.013664036638470945,0.21239355025295414,0.0064670363377789999,
3.5058159999999998,5.5155004789362598,-1.0101679664006065,-7.5921709620533457,4.7875633419215822,-0.23579349314279635,-6.9300886064360157,0.013938421607102802,0.2123923129946198,0.0064652882279545498,
3.5071150000000002,5.5155005035576785,-1.0168663949998251,-7.5874261558389318,4.7299146410008852,-0.19642916796178134,-6.9150212712063173,0.011768846418415546,0.21077936493022961,0.0061727328469132004,
3.508556,5.5155005281790972,-1.0235648235990438,-7.5826813496245178,4.6140614047867876,-0.13438668794515801,-6.9063356230629624,0.0086754656005131464,0.20521016299040917,0.0054336563904894327,
3.5097580000000002,5.5159924071581061,-1.1228390921649054,-7.5610344202970099,4.6140614277412357,-0.14063160558833659,-6.9019120595953583,0.0089498505691450025,0.20520892573207483,0.0054319082806649826,
3.509973,5.5159924317795248,-1.1295375207641241,-7.5562896140825959,4.5133784985978567,-0.10019044333426008,-6.8965984394955822,0.007100260765644158,0.2002363557543452,0.0058298040589194076,
3.511412,5.5159924560296103,-1.1361596198720676,-7.5515200523574979,4.4729240976345306,-0.11988213214759012,-6.8972693322619572,0.0082930352733113586,0.19830514987515432,0.0060219500371034582,
3.512839,5.5159924802796958,-1.1427817189800111,-7.5467504906323999,4.5010947893851228,-0.099980220783419518,-6.9014181936536954,0.0078898480671487532,0.19778886031217371,0.0051309835508921344,
3.5137010000000002,5.3501970190499044,-1.031235674555895,-7.5517534465855132,4.5010948119933785,-0.10615397675342371,-6.8969715507245208,0.008161110379511418,0.19778761657812366,0.0051292553610179309,
3.5142829999999998,5.3501970432999899,-1.0378577736638386,-7.5469838848604152,4.6450685593575454,-0.0041598743767375795,-6.893416466592333,0.0033678790177403333,0.20602211200118217,0.0072526344377283588,
3.515692,5.3501970675500754,-1.0444798727717821,-7.5422143231353171,4.7401760883264448,0.098743887845940612,-6.8965060604650796,-0.00084454574761859934,0.20938614104135317,0.0061564682898315433,
3.5171459999999999,5.3501970918001609,-1.0511019718797256,-7.5374447614102191,4.8310528802377064,0.16676866637372645,-6.8950728594935562,-0.0041368626099119038,0.21524580262733603,0.0059073639517087809,
3.517649,5.1953722739098573,-0.8889818821886315,-7.542856801694632,4.8310529028459621,0.16059491040372226,-6.8906262165643817,-0.0038656002975492381,0.21524455889328598,0.0059056357618345774,
3.5186069999999998,5.1953722981599428,-0.89560398129657504,-7.538087239969534,4.8025648299420345,0.1815902815429131,-6.8853029655573632,-0.0048119404306849363,0.21251955011835563,0.0055282293540179868,
3.5200070000000001,5.1953723224100283,-0.90222608040451857,-7.533317678244436,4.8014978410297786,0.1226965894777844,-6.8883973291869207,-0.0028715485615322988,0.21198869137419693,0.0069464999520986552,
3.5214509999999999,5.1953723470830209,-0.90893172936102007,-7.5284057723329054,4.8595472073765054,0.013077472428240561,-6.89960518189993,0.0031418498920355812,0.21402730003403075,0.0062507622079251554,
3.5216379999999998,5.3647602236437084,-0.76269067332534946,-7.5294601542344788,4.859547230379035,0.006825823275437363,-6.8950258320667279,0.0034165388396238386,0.21402601916930866,0.006249012213780253,
3.5228640000000002,5.364760248316701,-0.76939632228185095,-7.5245482483229482,4.9892955009586979,0.010057272150277101,-6.9113885560067283,0.0026874362036431584,0.21886257694805372,0.0051072407610538674,
3.5243000000000002,5.3647602729896935,-0.77610197123835245,-7.5196363424114177,5.161801436576221,0.047620511781733557,-6.9107254427435389,0.00057197677640819043,0.22841791302234588,0.0054579098950139921,
3.525595,5.3812986130985818,-0.89691598631572522,-7.5222322442640959,5.1618014595787507,0.041368862628930358,-6.9061460929103369,0.000846665723996448,0.22841663215762378,0.0054561599008690898,
3.5257489999999998,5.3812986377715744,-0.90362163527222672,-7.5173203383525653,5.2265369306032303,0.012848710043882338,-6.902556786357068,0.0020391492836216015,0.23106833738080079,0.0032637058926342495,
3.5271690000000002,5.3812986624445669,-0.91032728422872822,-7.5124084324410347,5.2349634373558827,-0.053674793155990295,-6.8827688679202206,0.0049022064888280511,0.23261880074743577,0.0053917500235020552,
3.5286040000000001,5.3812986871175594,-0.91703293318522972,-7.5074965265295042,5.1293775820199734,-0.17119961028410904,-6.8663886698823529,0.010444442373925224,0.22729153435466873,0.0059558422438567276,
3.5295339999999999,5.3967372026929281,-0.96641752212231413,-7.5106246674473924,5.1293776050225031,-0.17745125943691223,-6.8618093200491508,0.010719131321513482,0.22729025348994664,0.0059540922497118252,
3.5300319999999998,5.3967372274071792,-0.97313761179338121,-7.5056178654115735,5.0231557994012954,-0.25774812349154103,-6.8482595663187578,0.014113554310661533,0.22237751101672729,0.0075912832501634948,
3.531463,5.3967372521214303,-0.97985770146444828,-7.5006110633757546,4.9381147270196362,-0.28972029839015584,-6.8449264572052382,0.015909215956900081,0.21809077643375469,0.006112549961731919,
3.5329060000000001,5.3967372768356814,-0.98657779113551536,-7.4956042613399356,4.9074118840022907,-0.21624909166434159,-6.8449139374355177,0.012197265770947513,0.21637604774598235,0.0050879035840716933,
3.5334590000000001,5.4815325701651449,-1.0281260076107404,-7.4620722665578922,4.9074119070432864,-0.22251420383639395,-6.8402461163329633,0.012472550541129194,0.21637474211762869,0.0050861498212890254,
3.5343390000000001,5.481532594879396,-1.0348460972818074,-7.4570654645220733,4.9082596117535857,-0.1264954634572163,-6.8261381229893896,0.007736072293458564,0.21735713532391884,0.0052008280818139629,
3.5357539999999998,5.4815326195936471,-1.0415661869528745,-7.4520586624862544,4.8720047302002127,-0.12752259975142874,-6.8218268433598004,0.0084361297153258807,0.21456789369605997,0.0043299364904603203,
3.537191,5.4815326443078982,-1.0482862766239416,-7.4470518604504354,4.9016574168730154,-0.13309424567014019,-6.8135601746034613,0.0094073888759284539,0.2166453730282426,0.0060880941650520246,
3.5373839999999999,5.4326553623531426,-0.99753052546693777,-7.4633473953205876,4.9016574399140111,-0.13935935784219255,-6.8088923535009069,0.0096826736461101352,0.21664406739988895,0.0060863404022693567,
3.5386250000000001,5.4326553870673937,-1.0042506151380048,-7.4583405932847686,4.922262967496712,-0.070932797458847299,-6.8051034872246605,0.0067298992849887784,0.21712504648089126,0.0064085290712541628,
3.540073,5.4326554117816448,-1.0109707048090719,-7.4533337912489497,4.9764335396213388,0.034646137679800612,-6.810666694415505,0.0017006155780574994,0.21969467622767322,0.0066560786217173184,
3.5413290000000002,5.3870171661692536,-0.92466346330978266,-7.4694020286629703,4.9764335625661706,0.028546428315667303,-6.8060450322360904,0.0019686368536551454,0.21969338351613468,0.0066543711593210104,
3.5415139999999998,5.387017190780357,-0.93120613848761513,-7.4644447376485195,5.0241188523462537,0.084621281285366029,-6.8136178753541401,0.00011775818922053153,0.22177851753071706,0.0056373622001950775,
3.542932,5.3870172153914604,-0.9377488136654476,-7.4594874466340686,5.0696147687815305,0.16578227003363197,-6.8199681755483237,-0.0043663304162314363,0.22277659880267456,0.0057129210055858731,
3.544362,5.3870172400025638,-0.94429148884328007,-7.4545301556196177,5.1543106188004373,0.15555905883302967,-6.8147774964301719,-0.0039550185994574535,0.22742422475713228,0.0076041890033781961,
3.545274,5.4227191915265767,-0.86547356308141499,-7.4513212125156407,5.1543106417452691,0.14945934946889636,-6.8101558342507573,-0.0036869973238598075,0.22742293204559375,0.0076024815409818881,
3.5457969999999999,5.42271921613768,-0.87201623825924746,-7.4463639215011899,5.2155692827764053,0.087108903765546863,-6.8144341256899903,-1.7469716399317031e-05,0.22904488458711905,0.0069923109313741738,
3.5472109999999999,5.4227192407487834,-0.87855891343707992,-7.441406630486739,5.3063320949617276,0.10005088660009076,-6.8120309043132279,-0.00099400856034392664,0.23437684509836437,0.0071480417899337616,
3.5486550000000001,5.4227192653598868,-0.88510158861491239,-7.4364493394722881,5.3243100910298571,0.10987682316309727,-6.8141502551430166,-0.001584161940165169,0.23444279481393485,0.0059765788227972173,
3.549169,5.5366665136656046,-0.87113147058305929,-7.4200661893076383,5.3243101139746889,0.10377711379896395,-6.809528592963602,-0.0013161406645675229,0.23444150210239631,0.0059748713604009093,
3.5500919999999998,5.5366665376681352,-0.87776801040556829,-7.4149541763514124,5.3367409241650154,0.09082285540746203,-6.8115273498960471,-0.0012353554269414109,0.23519913905683507,0.0061478739548849574,
3.5515210000000002,5.5366665616706658,-0.88440455022807729,-7.4098421633951865,5.3304109132604545,0.0017172686952809796,-6.8134415737855232,0.0030466256039240244,0.23443996405766981,0.0061710347677917977,
3.552953,5.5366665856731965,-0.89104109005058629,-7.4047301504389607,5.3558481342881272,-0.084688490435442562,-6.8068271683360422,0.0070272936431614585,0.23502754523528732,0.0070172617392959971,
3.553137,5.6431147299517583,-0.93138801707475138,-7.389586514077628,5.3558481566655889,-0.090875709424695916,-6.8020612595218148,0.0072991643318962122,0.23502621212060254,0.0070155297807986735,
3.554408,5.643114753954289,-0.93802455689726039,-7.3844745011214021,5.4136706445720568,-0.1476209360769079,-6.7865721279661306,0.0097939976549180473,0.23848303242122693,0.0086240007696418777,
3.5558179999999999,5.6431147779568196,-0.94466109671976939,-7.3793624881651763,5.4371646884725475,-0.1689946056721168,-6.7835436324346423,0.011327820257040161,0.23887519498785945,0.0064545678060568736,
3.5570179999999998,5.676564538988881,-0.9789395017212712,-7.3955700226804266,5.4371647108500092,-0.17518182466137014,-6.778777723620415,0.011599690945774914,0.23887386187317466,0.00645283584755955,
3.5572530000000002,5.6765645629914117,-0.9855760415437802,-7.3904580097242007,5.455546722271472,-0.12424718014164035,-6.7672626318666804,0.009307415740374466,0.24123408397742377,0.0068903703416123485,
3.5587059999999999,5.6765645869939423,-0.9922125813662892,-7.3853459967679749,5.3806026562528197,-0.092613782187350904,-6.7637609601040722,0.0072107708670371366,0.23661265578950158,0.0059065106183453786,
3.5601310000000002,5.6765646109964729,-0.99884912118879821,-7.380233983811749,5.3443204297445046,-0.11865330325398545,-6.7598156263340918,0.0085497644703124553,0.23539750253365949,0.0072469896333799133,
3.5609709999999999,5.744948548954123,-0.98454993244120304,-7.3954050975061811,5.3443204509968423,-0.12454818239668403,-6.755198772375838,0.0088087936846321779,0.2353962110937638,0.0072453395081755519,
3.5615939999999999,5.7449485717498225,-0.99087290246171589,-7.3904529638897891,5.3299748143376782,-0.15721801661714505,-6.7582486686750505,0.011260265709627716,0.23308043474187989,0.0053821221992686359,
3.5629909999999998,5.7449485945455221,-0.99719587248222874,-7.3855008302733971,5.4354566484582643,-0.086119970113194333,-6.754188945618246,0.0076861428095101316,0.23823934526996063,0.0072288088158596001,
3.5644550000000002,5.7449486173412216,-1.0035188425027417,-7.3805486966570051,5.5693653497250741,0.011665337108898804,-6.7530435931502213,0.0033463811473110295,0.24458554814732414,0.0078969475983345951,
3.5649130000000002,5.8088074291457001,-1.0263578536485922,-7.3688269635972512,5.5693653709774118,0.0057704579662002219,-6.7484267391919674,0.0036054103616307526,0.24458425670742845,0.0078952974731302337,
3.5658409999999998,5.8088074519413997,-1.0326808236691052,-7.3638748299808592,5.6848508335097989,0.095799402643911472,-6.7461258310620815,0.00015433543105233035,0.24989124219000181,0.0060385726455453852,
3.5672700000000002,5.8088074747370992,-1.0390037936896181,-7.3589226963644672,5.7379469272149972,0.18035649236714635,-6.7334578876085649,-0.0038142026976575251,0.25348625286696425,0.0078346187151823003,
3.5687139999999999,5.8088074975327988,-1.0453267637101311,-7.3539705627480751,5.691721000266166,0.17401866716245509,-6.7270663007460447,-0.003711362838218644,0.24950491110741449,0.0068494836615786391,
3.5688589999999998,5.9086090014874797,-0.99457507348168095,-7.3528646259536954,5.6917210215185037,0.1681237880197565,-6.7224494467877909,-0.0034523336238989209,0.2495036196675188,0.0068478335363742777,
3.5701749999999999,5.908609024695771,-1.0008289343682015,-7.3478887683062313,5.7063868130288009,0.12303612534600582,-6.7233303228607584,-0.00088989907677281942,0.25093606903913157,0.0085144292676016999,
3.5715849999999998,5.9086090479040623,-1.0070827952547221,-7.3429129106587672,5.7297639750398979,0.11730404445343998,-6.7330855840799995,-0.00076440250897083408,0.25009470517488863,0.007970432702491613,
3.57281,5.9182899429734075,-0.94358764131230055,-7.3415345378472914,5.7297639966768932,0.11147359547429116,-6.728446612304408,-0.0005082004980719089,0.25009340756054893,0.0079688006128799081,
3.5730189999999999,5.9182899661816988,-0.94984150219882102,-7.3365586801998273,5.8612808896684099,0.14991925217015295,-6.7246244016305798,-0.0029108169384985502,0.25715423514951841,0.0073113492290189982,
3.574449,5.9182899893899901,-0.95609536308534149,-7.3315828225523632,5.9559566607863141,0.15067673296081482,-6.7180543460506961,-0.0032265175372568136,0.26185301422005913,0.0055630722367944899,
3.5758719999999999,5.9182900125982814,-0.96234922397186196,-7.326606964904899,5.9739246495792955,0.12192171378662423,-6.6908619010656061,-0.0021575613233948514,0.26308000905784829,0.0051789671064047622,
3.5767280000000001,5.9273260356129409,-0.90822389499953082,-7.3259426677198842,5.9739246712162908,0.11609126480747541,-6.6862229292900146,-0.0019013593124959263,0.26307871144350858,0.0051773350167930573,
3.5773130000000002,5.9273260588212322,-0.91447775588605129,-7.3209668100724201,5.914331908809606,0.01687291686548513,-6.6550371868445559,0.0025380080802907727,0.26137950331770027,0.0064259897372861072,
3.5787330000000002,5.9273260820295235,-0.92073161677257176,-7.315990952424956,5.7748161863125116,-0.10689923811200353,-6.6351076270414797,0.0085570438558035984,0.25397106080645049,0.0064314970249452798,
3.5801690000000002,5.9273261052378148,-0.92698547765909223,-7.3110150947774919,5.663757033462451,-0.16227653225722938,-6.6255460488749884,0.010450043046819636,0.24938724068811208,0.0072584996200167505,
3.580651,6.126209709779582,-0.8768417313348702,-7.2849290115204157,5.6637570548782676,-0.16809736479405718,-6.6208407236473823,0.010705826516707343,0.24938592449007282,0.0072568702222996998,
3.5816170000000001,6.1262097327506329,-0.88308527742527221,-7.2798819817797353,5.5837162703347847,-0.18186942430455275,-6.6199084793120591,0.011640016006475983,0.24428827654285759,0.0050499643428258004,
3.5830470000000001,6.1262097557216837,-0.88932882351567422,-7.2748349520390549,5.6167808450948176,-0.12817277033505936,-6.6165393499416982,0.0085479771580673734,0.24657604180740053,0.0049698089899084426,
3.5844589999999998,6.1262097786927345,-0.89557236960607622,-7.2697879222983746,5.6584792001780828,-0.10000383680161273,-6.603374828256209,0.0075784134890304038,0.24841431734783181,0.0051779269931798632,
3.5846010000000001,5.9758952729861425,-0.98671613646734424,-7.2609411046203123,5.6584792215938995,-0.10582466933844052,-6.5986695030286029,0.0078341969589181115,0.24841300114979256,0.0051762975954628126,
3.5859299999999998,5.9758952959571934,-0.99295968255774625,-7.2558940748796319,5.6986009543602894,-0.12341268835598838,-6.5852714997965194,0.0090635360913989427,0.25058392308193017,0.0059445495090304709,
3.587358,5.9758953189282442,-0.99920322864814826,-7.2508470451389515,5.713123798729475,-0.12902784228081451,-6.5673706420001805,0.0098824255529447857,0.25142001022903526,0.0061925728080694251,
3.5885419999999999,5.8355343708788094,-1.0787114133241125,-7.242830506073096,5.7131238201452916,-0.13484867481764232,-6.5626653167725744,0.010138209022832493,0.25141869403099598,0.0061909434103523744,
3.588784,5.8355343938498603,-1.0849549594145145,-7.2377834763324156,5.7050251355543855,-0.092496977332193836,-6.559547759379182,0.0083119088999789124,0.25079754186939884,0.0070983587147271186,
3.5902180000000001,5.8355344162226528,-1.0910726649922733,-7.2327581076635834,5.7077942454365118,-0.014364227585416986,-6.565363939913949,0.0045165622984525162,0.25105608644000554,0.007438690508839124,
3.5916260000000002,5.8355344385954453,-1.0971903705700321,-7.2277327389947512,5.7248727684636691,0.055713095594759052,-6.5669882156972266,0.0023053290345416183,0.25091570170914368,0.0043507461808050141,
3.5924800000000001,5.9137187497082255,-1.1069042404327627,-7.1807431581836907,5.7248727893217328,0.050009583654245945,-6.5623030849984945,0.0025559611732582687,0.2509143911395732,0.0043491496240863122,
3.5930620000000002,5.913718772081018,-1.1130219460105215,-7.1757177895148585,5.7807732474636957,0.11027317143419944,-6.5646718008559741,-0.00090935027068735639,0.25388182012915922,0.0057393124436793874,
3.5945079999999998,5.9137187944538105,-1.1191396515882803,-7.1706924208460263,5.8411364380602153,0.10467619379965161,-6.5586906481381941,-0.00022619762845286253,0.25635426829205188,0.0059280288181479245,
3.5959460000000001,5.9137188168266031,-1.1252573571660391,-7.1656670521771941,5.9063495548288092,0.095420462446781776,-6.5524754800789973,0.00063571727846308619,0.25971876860964954,0.0054429974812179064,
3.5964299999999998,6.0097593078362195,-0.98643399907343543,-7.1213934612031835,5.9063495756868729,0.08971695050626867,-6.5477903493802652,0.00088634941717973675,0.25971745804007906,0.0054414009244992045,
3.5974080000000002,6.009759330209012,-0.99255170465119436,-7.1163680925343513,5.9311473350382151,0.11181263349964367,-6.5404590774897695,-8.3093225281091754e-05,0.26118808736594212,0.0065528493623904114,
3.5988310000000001,6.0097593525818045,-0.99866941022895328,-7.1113427238655191,5.906829494450113,0.10660775969146377,-6.5352788723123112,-0.00031802718270730341,0.26029784952517254,0.0059862427684741577,
3.6002360000000002,6.0097593756250589,-1.0049789710145125,-7.106078051926743,5.8591227458761042,0.084214231060575517,-6.5302865736307698,0.00027847158252484046,0.25825994462732166,0.0054944904860203527,
3.6003919999999998,6.0994648485902418,-0.87977390803217492,-7.1306737992993163,5.8591227673592359,0.078331853292894021,-6.5253783414701934,0.00053696785070078018,0.25825857163351407,0.0054928438602508487,
3.6016789999999999,6.0994648716334963,-0.88608346881773414,-7.1254091273605402,5.7940870007090224,0.031761222647916344,-6.5191773610342825,0.0029941947238890515,0.25504384996503215,0.0049832009685041659,
3.6031200000000001,6.0994648946767507,-0.89239302960329336,-7.1201444554217641,5.7543251940657392,-0.047794125175746029,-6.5070055906780011,0.0064364299946094699,0.25307252514519063,0.0059499876003371787,
3.60433,6.1177745694758237,-0.87036633177824685,-7.1211178387691811,5.7543252155488709,-0.053676502943427525,-6.5020973585174247,0.0066949262627854092,0.25307115215138304,0.0059483409745676747,
3.6045479999999999,6.1177745925190781,-0.87667589256380607,-7.115853166830405,5.7300068235829222,-0.11386148126456923,-6.4844923510095391,0.0094474164906279603,0.2528316172383146,0.0071976104616528758,
3.6059869999999998,6.1177746155623325,-0.88298545334936529,-7.1105884948916289,5.6781293489614333,-0.12392002059702786,-6.4718944672483554,0.0093801955471132237,0.25059361149533532,0.0072878942605473056,
3.607418,6.1177746386055869,-0.88929501413492451,-7.1053238229528528,5.6175901639881802,-0.12653506700319292,-6.4536235698018087,0.0096482190363396027,0.24875374923053986,0.0074742166005971299,
3.6082879999999999,6.0862576018044443,-0.98750309684425475,-7.106948514965536,5.6175901854713119,-0.13241744477087442,-6.4487153376412323,0.009906715304515543,0.2487523762367323,0.0074725699748276258,
3.608816,6.0862576248476987,-0.99381265762981397,-7.1016838430267599,5.5013666322433501,-0.14821288684224493,-6.4415585051855526,0.01067336024945697,0.24241190471324128,0.0070976067684190638,
3.6102449999999999,6.0862576478909531,-1.0001222184153731,-7.0964191710879838,5.4429809895204144,-0.16439927673578303,-6.4364243484002959,0.010974382796006203,0.24022709218030536,0.0089853102496660741,
3.611691,6.0862576700161908,-1.006197633329047,-7.0912669304268974,5.4100365325367994,-0.19862334108655466,-6.4408184250005505,0.013465634163647003,0.23696148177992998,0.0066515083667311979,
3.6121880000000002,6.0568515022737088,-1.0909542289925325,-7.0482453215686967,5.4100365531640682,-0.20428742561355218,-6.4360150120612714,0.013714541920262658,0.23696013809007163,0.006649922846743807,
3.6131470000000001,6.0568515243989465,-1.0970296439062064,-7.0430930809076102,5.5031266399940089,-0.15184679844586893,-6.4385830416385854,0.011202734409867398,0.24196016903196077,0.0080623759692070099,
3.6145529999999999,6.0568515465241841,-1.1031050588198803,-7.0379408402465238,5.6084071212550466,-0.057609172759287397,-6.437061279461175,0.0067872145668218314,0.2465755353750767,0.0080790779571197121,
3.6159780000000001,6.0568515686494218,-1.1091804737335542,-7.0327885995854373,5.7124109116748061,0.010522918510179266,-6.4425101904630973,0.0043802301438483782,0.25100106737661421,0.0065376284455744586,
3.6161210000000001,5.9446203824874191,-1.1312322802207431,-7.0337074140567504,5.7124109323020749,0.004858833983181746,-6.4377067775238181,0.0046291379004640334,0.25099972368675588,0.0065360429255870676,
3.6174400000000002,5.9446204046126567,-1.137307695134417,-7.0285551733956639,5.7924988053895712,0.067267246082844873,-6.4344307963494263,0.0021048618435532121,0.25600835123832111,0.0081129789872654481,
3.6188560000000001,5.9446204267378944,-1.1433831100480909,-7.0234029327345775,5.7888371900752587,0.093533180592804077,-6.4409167760156461,0.00042028440624757436,0.25362458271156069,0.0078707759652138463,
3.6200800000000002,6.1270838527893572,-1.0105390006621051,-7.0246696303149045,5.7888372107121437,0.087882559085055809,-6.4360498945570495,0.0006686046048407549,0.25362322125569919,0.007869194213861605,
3.6203159999999999,6.1270838749249092,-1.0165999748612133,-7.0194493119994368,5.8637404511988755,0.072162249854529223,-6.4492753870024986,0.00177612123741563,0.2582929701985312,0.0089617246111364755,
3.6217540000000001,6.1270838970604613,-1.0226609490603216,-7.014228993683969,5.9236050785385546,0.086800736919461219,-6.4589380837115247,0.001780066308531303,0.25908729438924794,0.0066266308684641987,
3.6231789999999999,6.1270839191960134,-1.0287219232594298,-7.0090086753685013,6.0608269646729118,0.15890104099160965,-6.4528034552203302,-0.0031002106444151189,0.26657124683261146,0.0075248205187192531,
3.6240269999999999,6.2974668060547847,-0.90874801516030046,-7.0155289573846629,6.0608269853097969,0.15325041948386137,-6.4479365737617336,-0.0028518904458219385,0.26656988537674997,0.0075232387673670126,
3.6246109999999998,6.2974668281903368,-0.9148089893594088,-7.0103086390691951,6.1309272510582851,0.11585286028554928,-6.4403329247694572,8.3563447115149198e-05,0.26947661335739315,0.0054882058889650538,
3.6260490000000001,6.2974668503258888,-0.92086996355851714,-7.0050883207537273,6.1644740558303122,0.098575988484996005,-6.4177462846603488,0.00040495484178405686,0.27108972982147828,0.0062018744529311401,
3.6274639999999998,6.2974668724614409,-0.92693093775762547,-6.9998680024382596,6.1311893039654741,0.061787721698634945,-6.3902406557311684,0.0019266781171681181,0.2705702189568564,0.007506338697590177,
3.6279490000000001,6.4701582813556815,-0.83730100740378222,-7.0351426476461976,6.1311893246023592,0.056137100190886677,-6.3853737742725718,0.0021749983157612987,0.27056885750099491,0.0075047569462379365,
3.628879,6.4701583034912336,-0.84336198160289055,-7.0299223293307298,6.0357725988918558,-0.046593862205573863,-6.3787297082961283,0.0071101084496567966,0.26495959939838409,0.0074730440525146756,
3.6303320000000001,6.4701583256267856,-0.84942295580199889,-7.024702011015262,5.9915078418650012,-0.064949176421525118,-6.3608575562999023,0.0074140950620635209,0.26429159653211332,0.0076915626895314917,
3.631748,6.4701583475250981,-0.85541069494866739,-7.0194641575463939,5.9114398705105726,-0.055076759027919017,-6.352355171158016,0.0066033516583228384,0.25897169981041279,0.0063994128946753904,
3.6319520000000001,6.6266365817040116,-0.95639476434269466,-7.0538898581988922,5.91143989092628,-0.060659103795189129,-6.3474719417474743,0.0068486754795617222,0.25897033376864137,0.0063978502557018087,
3.6331769999999999,6.6266366036023241,-0.96238250348936316,-7.0486520047300241,5.9177248805698222,-0.074614175748505179,-6.3281951434170196,0.0073633533002186663,0.26113959360798611,0.0069259548962511894,
3.6346370000000001,6.6266366255006366,-0.96837024263603166,-7.0434141512611559,5.8626525316571261,-0.083854314629500284,-6.306966554899839,0.0081931163326280053,0.25746132283411793,0.0068230551722241245,
3.6358999999999999,6.5285929909510836,-1.056631364752203,-7.0046932974518015,5.8626525520728334,-0.089436659396770396,-6.3020833254892974,0.0084384401538668899,0.25745995679234651,0.0068214925332505429,
3.6360410000000001,6.5285930128493961,-1.0626191038988715,-6.9994554439829333,5.8461867872823623,-0.12433857905871588,-6.2907794706258287,0.010049746237374237,0.25747429855151693,0.0078406704930790438,
3.637524,6.5285930347477086,-1.06860684304554,-6.9942175905140651,5.8284476462209112,-0.14043026542567932,-6.2773490437435102,0.01155282598914736,0.25619743032684678,0.007559455402660154,
3.6389019999999999,6.5285930566460211,-1.0745945821922085,-6.9889797370451969,5.8423569381610418,-0.055733038938041476,-6.2747939310755516,0.0067295945565125064,0.25667207248268442,0.007528370087027266,
3.639812,6.4885766468109463,-1.0762325375690911,-6.9528687641042968,5.8423569585767492,-0.061315383705311588,-6.26991070166501,0.0069749183777513902,0.256670706440913,0.0075268074480536844,
3.6403720000000002,6.4885766684720183,-1.0821779860516745,-6.9475855255325074,5.8793692779062496,-0.0059352976862103099,-6.2715052277129564,0.0049609517379110724,0.2585641072957508,0.0073126734711788446,
3.6417730000000001,6.4885766901330904,-1.0881234345342579,-6.942302286960718,5.9137198459704834,0.056460072079276932,-6.2671027054378321,0.0026806786151780024,0.25887238014957953,0.0037156598076563095,
3.6432129999999998,6.4885767117941624,-1.0940688830168412,-6.9370190483889287,5.9985950956064498,0.1023271389716464,-6.252895444034376,-0.00030841549788784188,0.26361829633095102,0.0057878859038424119,
3.6437430000000002,6.4536036374162933,-0.9701755570912387,-6.9031472948056498,5.9985951158009785,0.096784221617891963,-6.2479699022776218,-6.4820191035434236e-05,0.26361691843518659,0.0057863343015996183,
3.6446450000000001,6.4536036590773653,-0.97612100557382209,-6.8978640562338605,6.0590665591016046,0.048326403608277654,-6.2496564191934318,0.0034356683469591665,0.2652665463447057,0.0056137066000877785,
3.6460840000000001,6.4536036807384374,-0.98206645405640547,-6.8925808176620711,6.161564145689459,0.072538485725351293,-6.2483379165616322,0.0024407378873620043,0.27063416840261317,0.0049018137813761579,
3.6475520000000001,6.4536037023995094,-0.98801190253898885,-6.8872975790902817,6.2209962657499567,0.15293821790497469,-6.258345616574216,-0.0013324793968940486,0.27298071821148373,0.0061687875613978919,
3.6476470000000001,6.5022423002414547,-0.87614855597387087,-6.8982502141948085,6.2209962859444854,0.14739530055122024,-6.2534200748174618,-0.0010888840900416408,0.2729793403157193,0.0061672359591550983,
3.6489760000000002,6.5022423219025267,-0.88209400445645425,-6.8929669756230192,6.2657464310000863,0.18105798677359597,-6.2691468613244501,-0.003368099506026942,0.27511994325947658,0.00620588996045357,
3.650388,6.5022423442959489,-0.88815601013517431,-6.887494976282265,6.2885916545847191,0.18942673849400304,-6.2716289833100882,-0.0036924002491502566,0.27624884721046089,0.0050762484303866042,
3.6516000000000002,6.6423015400848868,-0.83788093810114017,-6.8966857894672406,6.2885916754620155,0.18377515534202271,-6.2665274606588621,-0.0034440250725265107,0.27624742008321712,0.0050746664098330245,
3.6518259999999998,6.6423015624783091,-0.84394294377986023,-6.8912137901264865,6.2843156181319504,0.13799817869116043,-6.2573015962440417,-0.0017916245597583741,0.27567090937759392,0.0060962849827813324,
3.6532330000000002,6.6423015848717313,-0.85000494945858029,-6.8857417907857323,6.2733323051359635,0.032987469811826139,-6.2340210233083004,0.0031480699511904318,0.27564054544137473,0.0068093674508041485,
3.6546789999999998,6.6423016072651535,-0.85606695513730036,-6.8802697914449782,6.2318638073270858,-0.056445746112032402,-6.215580349315962,0.0079446944314810961,0.27391480901365434,0.006715113199836655,
3.6555360000000001,6.7733879204869423,-0.93130800492975985,-6.8897769601442418,6.2318638282043821,-0.062097329264012749,-6.2104788266647359,0.0081930696081048415,0.27391338188641057,0.0067135311792830754,
3.6561400000000002,6.7733879428803645,-0.93737001060847991,-6.8843049608034876,6.1737614404759267,-0.056996043128015761,-6.1926096261446633,0.0073794092632801529,0.27170429167666815,0.0070308428482141454,
3.6575280000000001,6.7733879652737867,-0.94343201628719997,-6.8788329614627335,6.0827182208149875,-0.047375049353466203,-6.1780860957517607,0.0070194141026587355,0.26835850324590432,0.0071457082429544835,
3.6589860000000001,6.773387987667209,-0.94949402196592003,-6.8733609621219793,5.9507186706479853,-0.045629682837558298,-6.1716665494436986,0.0064420049825897781,0.26192893726826322,0.0057683029071556391,
3.6594579999999999,6.7738465440048961,-1.0142154004676993,-6.8391720896937471,5.9507186915252817,-0.051281265989538645,-6.1665650267924725,0.0066903801592135236,0.26192751014101945,0.0057667208866020595,
3.6604009999999998,6.7738465658000599,-1.0201360934395989,-6.8337434124966903,5.8429921272930843,-0.069524211752037601,-6.1542244212429162,0.0066291021539609815,0.25724459541220673,0.0074803093866537551,
3.6618569999999999,6.7738465875952238,-1.0260567864114984,-6.8283147352996334,5.7618593836397762,-0.14733956944082094,-6.1499005717899697,0.011692203385818278,0.25230068540926681,0.0063044224182728197,
3.6632769999999999,6.7738466093903877,-1.031977479383398,-6.8228860581025765,5.805595438696014,-0.13153788960596952,-6.1406852372796896,0.010602355544898055,0.25514366155072948,0.0091740845891844711,
3.6633990000000001,6.6129897614616926,-1.0082123850045621,-6.8154172475146488,5.8055954590155565,-0.13705772749815384,-6.1356241036862116,0.010844945066561244,0.25514224570490801,0.0091725394474531756,
3.6647180000000001,6.6129897832568565,-1.0141330779764617,-6.809988570317592,5.8624167466825643,-0.079434664238127589,-6.1280459629748911,0.0084772456403424575,0.25779027962134937,0.008939351531671906,
3.6661260000000002,6.6129898050520204,-1.0200537709483612,-6.8045598931205351,5.9210233660313696,-0.0065221161339855394,-6.1251494265896174,0.0054724494434796834,0.26107721625009617,0.0078449757894449614,
3.6673360000000002,6.4627939877838196,-0.9604940688765804,-6.7978945819182739,5.9210233863509121,-0.012041954026169872,-6.1200882929961393,0.005715038965142874,0.26107580040427469,0.0078434306477136659,
3.6675580000000001,6.4627940095789835,-0.96641476184847996,-6.792465904721217,5.9242670999098586,0.063686066514392528,-6.1106931214147453,0.0018417351789912816,0.26188778416002395,0.0079348915716523291,
3.6690019999999999,6.4627940313741474,-0.97233545482037953,-6.7870372275241602,5.8715469882304854,0.061447847662626287,-6.1067180179367471,0.0021075008671628602,0.25804833870049143,0.0073494467868067213,
3.6704219999999999,6.4627940532621446,-0.97827677738451557,-6.7815023079270844,5.8728874303119776,0.01892141485414997,-6.1123488678421944,0.0043965037810973929,0.25846240210346771,0.0094139300662004488,
3.6712609999999999,6.5304979114423807,-0.92344521442012617,-6.7657718250025791,5.8728874507180686,0.013382344077323926,-6.1071886848928107,0.0046399429908690762,0.25846095853505457,0.0094123795406991975,
3.6718549999999999,6.5304979333303779,-0.92938653698426221,-6.7602369054055034,5.8938947778824522,0.0017499655888408528,-6.1142200469496526,0.0055393958973541015,0.25747139772626704,0.0073720847704024893,
3.6733150000000001,6.5304979552183751,-0.93532785954839825,-6.7547019858084276,6.0266817692651422,0.073337923027828086,-6.1200435693018367,0.0016566322763672597,0.26490966058272419,0.0078779438670720531,
3.6747100000000001,6.5304979771063723,-0.9412691821125343,-6.7491670662113519,6.1236283683984114,0.12332251095097985,-6.1221057066119267,-0.00047952604070975791,0.26907089101796522,0.0057721055715881254,
3.67517,6.4935806516636383,-0.98848706847541679,-6.7541696418303259,6.1236283888045024,0.11778344017415381,-6.116945523662543,-0.00023608683093807441,0.26906944744955208,0.005770555046086874,
3.6761509999999999,6.4935806735516355,-0.99442839103955283,-6.7486347222332501,6.1989736753784159,0.14841585660839895,-6.1006316032560672,-0.0018721200167020578,0.27350254199790375,0.0056004807197593143,
3.677581,6.4935806954396327,-1.0003697136036889,-6.7430998026361744,6.1700387960564278,0.0844208059293447,-6.0817541332547851,0.0010895040783320835,0.2728081751091968,0.0065297717989828002,
3.6790280000000002,6.4935807173276299,-1.0063110361678249,-6.7375648830390986,6.0591605655978169,-0.012471730997505842,-6.0675127965193134,0.0056759116007196525,0.26715629434703486,0.0074757028332966113,
3.6791589999999998,6.4590778826345145,-0.94880998844423603,-6.7430823782610556,6.0591605860039079,-0.018010801774331887,-6.0623526135699297,0.0059193508104913358,0.26715485077862172,0.0074741523077953599,
3.680482,6.4590779044915676,-0.95477090912099694,-6.7374412162639619,5.9577001774782774,-0.093647243360131777,-6.0575435378998623,0.0093039605299724965,0.26272846406198641,0.007305247294996816,
3.6818789999999999,6.4590779263486207,-0.96073182979775784,-6.7318000542668681,5.8744865062252423,-0.11095479553765071,-6.0689605341842832,0.010245384906102446,0.25718954448745318,0.0070294841136653158,
3.6830530000000001,6.5604947409183776,-0.90844182613715307,-6.7025073491722873,5.8744865266024835,-0.11651213755488647,-6.0637013018789947,0.010489631588960369,0.25718807319138259,0.0070279284735886485,
3.6833109999999998,6.5604947627754306,-0.91440274681391398,-6.6968661871751936,5.9053916326300273,-0.057265300466285876,-6.0675087593167687,0.0069590328031684662,0.25983372176488256,0.0073629462427610773,
3.684742,6.5604947846324837,-0.92036366749067489,-6.6912250251780998,5.9456401391917932,-0.045335252885505155,-6.0660364891283027,0.0063627422735246355,0.26042331501374621,0.006010941448389916,
3.6862339999999998,6.5604948064895368,-0.92632458816743579,-6.6855838631810061,6.0440463507381645,-0.094330618512367195,-6.0590468453256676,0.0084220445316461594,0.26576551294809114,0.0056317950214951661,
3.6869809999999998,6.5036568917392259,-0.91797054324397198,-6.7184635081910109,6.0440463711154058,-0.099887960529602957,-6.0537876130203792,0.0086662912145040825,0.26576404165202056,0.0056302393814184988,
3.687627,6.503656913596279,-0.92393146392073289,-6.7128223461939172,6.113190751668558,-0.13959232437832159,-6.0383796293402376,0.011076095328435388,0.26890967039246028,0.0063701198046915829,
3.689047,6.503656935453332,-0.92989238459749379,-6.7071811841968234,6.1683114961923646,-0.14191595252179479,-6.0327762046288154,0.010745989468483827,0.27110061191769425,0.0072383608175226044,
3.69049,6.503656956299535,-0.93560265572858015,-6.7016906182230569,6.2100819215328507,-0.12225627644658481,-6.0425981670789257,0.010481297515209344,0.27268463789104386,0.0069746731880021944,
3.6909260000000002,6.4505742207521228,-0.91198999552474136,-6.7340126287900572,6.2100819409676804,-0.12757993891542319,-6.0374793348315219,0.010715278310776651,0.27268320585508882,0.0069731829607245456,
3.691945,6.4505742415983258,-0.91770026665582771,-6.7285220628162907,6.2621094020467893,-0.047098684100199434,-6.0483916381416547,0.0067830605542697773,0.27466900406696421,0.0059301139986890775,
3.6933370000000001,6.4505742624445288,-0.92341053778691407,-6.7230314968425242,6.3225577174839032,0.036359726724013351,-6.0467514707501229,0.0026547725799100086,0.27746302487943769,0.0062204718073919649,
3.6947679999999998,6.4505742832907318,-0.92912080891800042,-6.7175409308687577,6.3796084804010089,0.035206376452024686,-6.047264061248633,0.0034182377812348201,0.2797239596945435,0.0053595869877344207,
3.6948789999999998,6.5519610103913752,-0.97512369475758842,-6.6927918183929416,6.3796084998358387,0.029882713983186301,-6.0421452290012292,0.0036522185768021265,0.27972252765858846,0.0053580967604567719,
3.6962229999999998,6.5519610312375782,-0.98083396588867477,-6.6873012524191751,6.4464706890093533,0.042134390560447543,-6.0327854873897806,0.0031472025028272781,0.28299491765320206,0.0060211592443201074,
3.6976399999999998,6.5519610520837812,-0.98654423701976113,-6.6818106864454085,6.492178442346634,0.045274376940930186,-6.0252765430550985,0.0033272519859648582,0.28484119181173856,0.0063837192252533233,
3.698804,6.6807341240928597,-0.91657556410352614,-6.6825663813953051,6.4921784617814637,0.039950714472091801,-6.0201577108076947,0.0035612327815321646,0.28483975977578352,0.0063822289979756745,
3.699058,6.6807341449390627,-0.92228583523461249,-6.6770758154215386,6.5270190299527737,0.058591521856738438,-6.0154276832609641,0.0031880936899624313,0.28669526829233466,0.0066002758702254933,
3.700494,6.6807341660431359,-0.92805696366279677,-6.6714418737817276,6.5369043759593861,0.097238775871403907,-6.0047535605934277,0.00084150687700562405,0.28674568027540803,0.0059490922287582671,
3.7019350000000002,6.680734187147209,-0.93382809209098105,-6.6658079321419166,6.5352908042689899,0.090714531505761337,-5.9959036216392363,0.0014246328279775621,0.28661981949469689,0.0059410861579178211,
3.7027589999999999,6.8010110495047718,-0.87653013716363548,-6.6671294225927298,6.5352908239442309,0.085334132027229712,-5.9906511208435722,0.0016611115805882115,0.28661835005212716,0.0059395800485196153,
3.7034039999999999,6.8010110706088449,-0.88230126559181976,-6.6614954809529188,6.5442460204587674,0.055280325059353111,-5.9736017491870408,0.0030617997338606745,0.28696628957152692,0.0066300420531221612,
3.704847,6.8010110917129181,-0.88807239402000404,-6.6558615393131078,6.5558883174029319,0.026633713999691378,-5.9487936129151633,0.0042772982310149534,0.28799313494465439,0.006962647141228559,
3.7062490000000001,6.8010111128169912,-0.89384352244818832,-6.6502275976732967,6.52593319284989,-0.0034873766488364745,-5.9332394759829592,0.0054403050174897253,0.28655645863684437,0.0065033046462174473,
3.7066840000000001,6.8590055482164249,-0.84106086346533204,-6.6521262332960598,6.525933212525131,-0.0088677761273680926,-5.9279869751872951,0.0056767837701003744,0.28655498919427463,0.0065017985368192414,
3.7076989999999999,6.8590055693204981,-0.84683199189351632,-6.6464922916562488,6.4845614716716762,-0.014700663123593216,-5.9027248829723726,0.006133207361787546,0.28547143548274512,0.0065421271463910451,
3.7091090000000002,6.8590055904245713,-0.8526031203217006,-6.6408583500164378,6.3952585300263314,0.0063742168945141696,-5.8878375579631781,0.0045609384540887237,0.28061774339423218,0.0068981313296264651,
3.7105769999999998,6.8590056110954229,-0.8581823935420847,-6.6353254933785859,6.3416407554937733,-0.035841414198491475,-5.8842350680002706,0.0062610763218864818,0.27842295587380739,0.0082541464492736343,
3.7106219999999999,6.8383917122787139,-0.90234678069358965,-6.6482635687768123,6.341640774765124,-0.041042947849854794,-5.8790768083393514,0.006489697954230933,0.27842151279395705,0.0082526904089141994,
3.7119589999999998,6.8383917329495656,-0.90792605391397374,-6.6427307121389605,6.324687914147848,-0.10005050870975339,-5.8808579122779632,0.009956202007275726,0.2762100439586595,0.0076975858758902057,
3.7133959999999999,6.8383917536204173,-0.91350532713435784,-6.6371978555011086,6.4157721949996178,-0.074630285414250735,-5.8717328534298474,0.0082826004319876082,0.28099272730999303,0.0098173494844487445,
3.7145519999999999,6.8191460277382845,-0.90113232572272106,-6.5963000421322082,6.4157722142709686,-0.079831819065614054,-5.8665745937689282,0.0085112220643320594,0.28099128423014269,0.0098158934440893096,
3.7148319999999999,6.8191460484091362,-0.90671159894310516,-6.5907671854943564,6.5146853377467009,-0.049807227028775831,-5.8614678272230885,0.0077929827904661417,0.28516563660858185,0.007786329115580656,
3.716294,6.8191460690799879,-0.91229087216348925,-6.5852343288565045,6.6361731527430656,-0.012144469511948183,-5.8579176139362925,0.0064219056301803371,0.2909001726082851,0.0069130477873341365,
3.7177199999999999,6.8191460897508396,-0.91787014538387335,-6.5797014722186526,6.7014868463830828,0.048784732837176756,-5.8527972277806786,0.0031240158870358852,0.29508702126047331,0.0087416832296553348,
3.7185060000000001,6.8613443899032616,-0.97391253402911304,-6.5644189517147158,6.7014868656544335,0.043583199185813437,-5.8476389681197594,0.0033526375193803368,0.29508557818062298,0.0087402271892958999,
3.719128,6.8613444105741133,-0.97949180724949714,-6.5588860950768639,6.6920694574739414,0.062895138528823141,-5.8493666868575849,0.0028285119331203246,0.29288216194740452,0.007698750682700946,
3.7205970000000002,6.8613444312862235,-0.98511956001163714,-6.5532201775690861,6.7209929176639216,0.026382073267116841,-5.8546392360833037,0.0050655246576441285,0.29544229274922268,0.0077775313170276661,
3.7220260000000001,6.8613444519983338,-0.99074731277377714,-6.5475542600613084,6.7132249311941052,0.044936206728216459,-5.8639456957376543,0.0044470324084407535,0.29283523760969898,0.0082315493181449508,
3.7224620000000002,6.9426833778373904,-0.90023346312532693,-6.5380684203091119,6.7132249505039212,0.039689475797945094,-5.8586633839707956,0.00467764489448734,0.29283375980625137,0.0082300806259350927,
3.7234639999999999,6.9426833985495007,-0.90586121588746693,-6.5324025028013342,6.8181419169831301,0.10216568381242022,-5.8534253792789359,0.00092631895135318349,0.29951470210594533,0.0080387753981366848,
3.7248790000000001,6.9426834192616109,-0.91148896864960693,-6.5267365852935564,6.8512408888846359,0.12850644175748577,-5.8465830003480717,0.00089092604910632654,0.30048722661615862,0.006574841634926715,
3.7263419999999998,6.9426834399737212,-0.91711672141174694,-6.5210706677857786,6.8627729550052017,0.17125909175611526,-5.8235362153661541,-0.0022501364393761334,0.30247633410415159,0.0071301732493221888,
3.7263820000000001,7.0186046519584773,-0.83493293014124226,-6.5396279772648631,6.8627729743150176,0.16601236082584389,-5.8182539035992953,-0.0020195239533295469,0.30247485630070398,0.0071287045571123307,
3.7277339999999999,7.0186046726705875,-0.84056068290338226,-6.5339620597570853,6.7660216872878784,0.11472092993680627,-5.7903155074345252,0.00095248217678815632,0.29892413350113489,0.0072927669528345925,
3.7291780000000001,7.0186046933826978,-0.84618843566552226,-6.5282961422493075,6.5923949538175926,0.04476853309039773,-5.7738478675136191,0.0041831486307136768,0.29043349476793279,0.0079665053262342675,
3.7303269999999999,7.156031043641808,-0.76794068698287621,-6.5119897262126782,6.5923949731947236,0.039503530919716645,-5.7684636214581593,0.004414568746768736,0.29043198843348444,0.0079650315194437615,
3.7306270000000001,7.1560310644261218,-0.77358803785764108,-6.5062144718660466,6.4282686189510674,0.0063913952834688745,-5.7562768065389998,0.0057496745394201316,0.2840910331381078,0.0093790690690149104,
3.7320799999999998,7.1560310852104356,-0.77923538873240594,-6.500439217519415,6.2495527812540788,-0.026633752939927566,-5.765269300221771,0.0074215589431927418,0.27370002697702872,0.0086538584547282485,
3.7334710000000002,7.1560311059947495,-0.78488273960717081,-6.4946639631727834,6.2044186107391726,0.024584139116300321,-5.7599150434724029,0.0043212252005936924,0.27403702504621547,0.0096334342173756762,
3.7342580000000001,6.8888528372812061,-0.86614823805813146,-6.4798328870010664,6.2044186301163036,0.019319136945619236,-5.7545307974169431,0.0045526453166487516,0.27403551871176712,0.0096319604105851702,
3.7348949999999999,6.8888528580655199,-0.87179558893289633,-6.4740576326544348,6.1301263793932419,0.052355954908661281,-5.7497896118842267,0.0025592706565111161,0.269350079219628,0.0080656859477375616,
3.7363019999999998,6.8888528788498338,-0.87744293980766119,-6.4682823783078032,6.1238313466142342,0.0144289659577225,-5.7333767828267659,0.0047612929154084525,0.27073156611466764,0.0071457218614556757,
3.7377479999999998,6.8888528996341476,-0.88309029068242606,-6.4625071239611716,6.054661089083937,-0.03913181291953452,-5.7161577915169088,0.0074510579663335033,0.2675301721209149,0.008015279317089799,
3.7382200000000001,6.6392898653569343,-0.95335933202760803,-6.4412062601246634,6.054661108461068,-0.044396815090215605,-5.710773545461449,0.0076824780823885625,0.26752866578646656,0.008013805510299293,
3.7391899999999998,6.6392898861412482,-0.9590066829023729,-6.4354310057780317,5.985061280191192,-0.053267336987903098,-5.6990522867095663,0.0076777527537479776,0.26453289304653782,0.0085087352292412717,
3.740618,6.6392899065439153,-0.9645952394392634,-6.4296237755634333,5.9165403614699992,-0.081623850466025022,-5.7038595362135212,0.009463974663050911,0.26101548598885971,0.0079369659352385973,
3.7420819999999999,6.6392899269465824,-0.9701837959761539,-6.4238165453488349,5.890000422689301,-0.037930287423527359,-5.714692400347066,0.0076667453349230068,0.25952139869923946,0.0075207476330837724,
3.7421820000000001,6.5966916964317992,-0.9791701079996189,-6.3911515930639347,5.8900004417106242,-0.043140475872979367,-5.7092783433204115,0.0078957608162391248,0.2595198840043354,0.0075192891700435766,
3.7434729999999998,6.5966917168344663,-0.9847586645365094,-6.3853443628493363,5.9079501983943938,0.027574836442373102,-5.7153144114720087,0.0041997713689194242,0.26068947547799332,0.008630259412777383,
3.7449110000000001,6.5966917372371334,-0.9903472210733999,-6.3795371326347379,5.9265692507509229,0.030880189125414539,-5.7281743380110495,0.0043932276654766525,0.26087871987865635,0.0070933820175532892,
3.7461679999999999,6.5724732327583766,-0.93098739811685571,-6.348802709866324,5.9265692697722461,0.025670000675962531,-5.7227602809843949,0.0046222431467927705,0.26087720518375229,0.0070919235545130934,
3.746346,6.5724732531610437,-0.93657595465374621,-6.3429954796517256,5.972250743711137,0.046234356478680946,-5.7209482176267921,0.003499204585495643,0.26406398817955906,0.0080072016390089883,
3.747789,6.5724732735637108,-0.94216451119063671,-6.3371882494371272,5.9679231318763168,0.045064567435735579,-5.7246641376081611,0.0036523490981870367,0.26329977644692348,0.0085320880523719785,
3.7492100000000002,6.5724732939663779,-0.94775306772752721,-6.3313810192225288,5.9661454724928316,0.03890934806854697,-5.7248065970695761,0.0042420545701632095,0.26384538040543803,0.0070632778880624237,
3.7500580000000001,6.5498833344951333,-0.89328898694350201,-6.3722086056803811,5.9661454915141547,0.033699159619094962,-5.7193925400429215,0.0044710700514793275,0.26384386571053398,0.0070618194250222279,
3.750651,6.5498833557229839,-0.89905598945323895,-6.3661218444909773,5.93167892160705,0.053406710875263892,-5.7258298674363166,0.0031236680229305312,0.26182461380120536,0.0066231517808422258,
3.7520769999999999,6.5498833769508344,-0.90482299196297589,-6.3600350833015735,5.9068032665550492,0.047238678757736609,-5.7319301936229108,0.003557806945321304,0.26051249549935102,0.0069400540214781458,
3.753517,6.549883398178685,-0.91058999447271283,-6.3539483221121698,5.9076875462198482,0.041714222262316039,-5.7292376130580092,0.0039622569773781037,0.26099399899938863,0.0069151251822626705,
3.754022,6.5461031689088278,-0.90838708684645719,-6.3689433584918085,5.9076875660104866,0.036337669360712817,-5.7235629504444585,0.0041985898328531935,0.26099241138823753,0.0069136201496112371,
3.7549779999999999,6.5461031901366784,-0.91415408935619413,-6.3628565973024047,5.8847566787633854,0.035446987193117854,-5.714731093615236,0.0039925707686390647,0.2600920864356378,0.0069932438807002043,
3.7563710000000001,6.546103211364529,-0.91992109186593107,-6.3567698361130009,5.8376385207146759,0.018161689619525176,-5.7042665581233267,0.004522797387778694,0.25864868477516351,0.0083916161836795466,
3.7578100000000001,6.5461032325923796,-0.92568809437566801,-6.3506830749235972,5.7419269108818867,-0.01029376948296809,-5.6911245135620119,0.0061848775038961827,0.25480213704560689,0.0088661175839284418,
3.7579600000000002,6.5266864746126618,-0.92421308673030345,-6.3658203225915058,5.7419269306725251,-0.015670322384571313,-5.6854498509484612,0.0064212103593712724,0.25480054943445579,0.0088646125512770093,
3.7592639999999999,6.5266864958405124,-0.92998008924004039,-6.359733561402102,5.6227437911393876,-0.0042325586050334964,-5.6751933375835009,0.0052325002894477377,0.24886145791561251,0.008387703562489756,
3.7607050000000002,6.5266865166351415,-0.93563775491092349,-6.3536643353660986,5.5417651155091612,-0.068218354802005596,-5.6724260007399474,0.0086389392996430656,0.24472599389136646,0.0080361918932049664,
3.7618740000000002,6.5085661811568816,-0.9329531121689979,-6.3509301898954424,5.5417651348959085,-0.073492973415007545,-5.6667676860783427,0.0088707964735328625,0.24472441083868549,0.0080347153945313152,
3.762108,6.5085662019515107,-0.93861077783988101,-6.3448609638594391,5.5333418481279226,-0.10028148384963456,-5.6690638949775458,0.010060127019491048,0.24299805388615003,0.0079404170454154925,
3.763557,6.5085662227461398,-0.94426844351076411,-6.3387917378234357,5.6321666125683389,-0.058824907800020525,-5.6655172693979177,0.007547884138830706,0.24839432247833731,0.0083626163921035144,
3.7649789999999999,6.508566243540769,-0.94992610918164722,-6.3327225117874324,5.733967880338569,-0.039447388295968736,-5.6713000244308907,0.0071434807032479718,0.25188574977246325,0.0063065555963111542,
3.7658140000000002,6.341735847765837,-0.98681786808208183,-6.3327976328633291,5.7339678997253163,-0.044722006908970678,-5.6656417097692859,0.0073753378771377696,0.25188416671978225,0.0063050790976375021,
3.766416,6.3417358685604661,-0.99247553375296493,-6.3267284068273257,5.8651465132025491,0.017416737339092908,-5.6503784371037824,0.0044830065447253346,0.25979014366504077,0.0070675430650518354,
3.7678349999999998,6.3417358893550952,-0.99813319942384804,-6.3206591807913224,5.8689300017671728,0.027395070990388595,-5.6352545432380694,0.0041255620855048872,0.2591862289446924,0.006791768751401325,
3.7693050000000001,6.3417359101497244,-1.0037908650947311,-6.314589954755319,5.8548213505624922,-0.02096626098436517,-5.6277160972288218,0.0069204927670943658,0.25780255291480275,0.0068554025118525604,
3.7697820000000002,6.5109563919864506,-0.92016494484848854,-6.3154623756726096,5.8548213699492395,-0.026240879597367112,-5.6220577825672171,0.0071523499409841635,0.25780096986212175,0.0068539260131789083,
3.770724,6.5109564130286346,-0.92585355490772647,-6.3092600887666803,5.8601580145016587,-0.05593846389590279,-5.6172366630819157,0.0086177716301055647,0.25753919175628842,0.0077364706782892438,
3.7721469999999999,6.5109564340708186,-0.9315421649669644,-6.303057801860751,5.9275482538622351,-0.035714321749067746,-5.6262681185911667,0.0076884680377715293,0.25865465204097093,0.0083279368536266375,
3.7735609999999999,6.5109564551130026,-0.93723077502620233,-6.2968555149548218,6.0923878216180087,0.0068790617678366403,-5.6243100381566453,0.0059818824809839593,0.26775503420072999,0.0081009683015612691,
3.7736879999999999,6.668858921872161,-0.86119854168791732,-6.2795760658347337,6.092387841235551,0.0015755938278721304,-5.618527671389101,0.0062150128531975133,0.2677534164328948,0.0080994837272271927,
3.7749890000000001,6.668858942914345,-0.86688715174715525,-6.2733737789288044,6.2050221868883915,0.09260892060605859,-5.6117197940141326,0.0018903403190311079,0.27149384764030987,0.0056266640380507986,
3.7764690000000001,6.668858963956529,-0.87257576180639318,-6.2671714920228752,6.3034575592215738,0.11957057374518032,-5.5835355815274283,0.00014219388229947836,0.27827976679030303,0.0069300127984123772,
3.7776200000000002,6.7683310038371447,-0.86705008523973526,-6.2971923321607255,6.3034575788391161,0.1142671058052158,-5.5777532147598841,0.0003753242545130323,0.27827814902246784,0.0069285282240783,
3.7778659999999999,6.7683310248793287,-0.87273869529897319,-6.2909900452547962,6.2472325830231936,0.032283606354567049,-5.5518837965236223,0.0048767780474738781,0.27447049344379604,0.0069058582997083354,
3.7792889999999999,6.7683310459215127,-0.87842730535821112,-6.2847877583488669,6.1905876193340372,-0.027085240324505808,-5.5207786162891734,0.0077250845772599257,0.27227951948272366,0.0075578371470099801,
3.7807230000000001,6.7683310667574013,-0.88407568771258782,-6.2785256456254519,6.1103259674898966,-0.037658587417091244,-5.5069063397532672,0.0081471529672184143,0.26784638204475553,0.0078662023258381682,
3.7815629999999998,6.8805877131295654,-0.97599005067668887,-6.3079931284846822,6.1103259869151101,-0.042924551232004407,-5.5010681976202616,0.0083786399873937694,0.26784474865555807,0.007864728249856786,
3.782162,6.880587733965454,-0.98163843303106557,-6.3017310157612672,6.0827536688494339,-0.010080986581507766,-5.494838482922372,0.0074105723429624673,0.26586651600184952,0.00732294023247612,
3.7835960000000002,6.8805877548013425,-0.98728681538544227,-6.2954689030378521,6.1204946390113601,0.051050060612114596,-5.490192950877038,0.0035361366549514816,0.26795472791600694,0.0069033836035752531,
3.7850280000000001,6.8805877756372311,-0.99293519773981898,-6.2892067903144371,6.170863694188502,0.052711257431576765,-5.4790376050692648,0.0038479102304540698,0.26898529106174218,0.0053489722953668634,
3.7855050000000001,6.8228098443211733,-1.0726261449664345,-6.2276738861341663,6.1708637136137154,0.047445293616663602,-5.4731994629362593,0.0040793972506294246,0.26898365767254473,0.0053474982193854803,
3.7864520000000002,6.8228098651570619,-1.0782745273208112,-6.2214117734107512,6.2783813125648429,0.028312255222382586,-5.4556183780872232,0.0043167618398997397,0.27516964335333016,0.0076256027918638839,
3.78789,6.8228098859929505,-1.0839229096751879,-6.2151496606873362,6.3423229714301703,-0.03009507126730164,-5.4444055758377239,0.0073376414141741106,0.27685697191769415,0.0079785133295308102,
3.789336,6.822809906828839,-1.0895712920295646,-6.2088875479639212,6.4486015517573714,-0.053303739511901344,-5.4408258866303854,0.0087207747711984824,0.28166656324277528,0.0076000362699461732,
3.789444,6.8897000412739997,-0.98425152352945067,-6.2101119031911978,6.4486015711825848,-0.058569703326814507,-5.4349877444973798,0.0089522617913738375,0.28166492985357783,0.0075985621939647901,
3.7907959999999998,6.8897000617179254,-0.98982151343332825,-6.2038363812328292,6.5478968872013557,-0.00077606986166534053,-5.4279980552631653,0.0058959613616187756,0.2856495483380988,0.0078382317742246299,
3.792205,6.889700082161851,-0.99539150333720583,-6.1975608592744607,6.6626917434890887,0.031213923757798676,-5.4287711512415706,0.0042192914505377018,0.28985313098749499,0.0070920298988042677,
3.7933829999999999,6.9331009089993039,-0.95926478280365424,-6.1992690811361664,6.6626917625488771,0.026021044904524226,-5.4229205077335481,0.0044475708090178229,0.28985149408280841,0.007090576281150702,
3.7936209999999999,6.9331009294432295,-0.96483477270753182,-6.1929935591777978,6.8166201039655165,0.0093149951568714702,-5.4286269400235811,0.0056278773305614219,0.29694570292324474,0.0071239340078141488,
3.7950520000000001,6.9331009498871552,-0.9704047626114094,-6.1867180372194293,6.9637100618575554,0.024006012067632695,-5.4230958999658538,0.0049474004203228818,0.30273496519955811,0.0066931677613599272,
3.7964929999999999,6.9331009703310809,-0.97597475251528698,-6.1804425152610607,7.1230925023099108,0.039017134896406444,-5.4158828237435346,0.0041176538897650748,0.31071076265397535,0.0077437509786658382,
3.7973219999999999,7.0955739607724464,-0.9420297249265106,-6.1588504153134425,7.1230925213696992,0.033824256043131995,-5.410032180235512,0.0043459332482451958,0.31070912574928877,0.0077422973610122726,
3.7979029999999998,7.0955739812163721,-0.94759971483038818,-6.1525748933550739,7.2118757619851976,0.0084074834210027885,-5.4074190164125087,0.0064793556871383419,0.31442409058955811,0.0070098225145187789,
3.7993519999999998,7.0955740016602977,-0.95316970473426577,-6.1462993713967053,7.2693134407131019,0.075586147735600823,-5.3963346184903056,0.0028106879736274782,0.31723492412838167,0.0062161793026915442,
3.8007919999999999,7.0955740221557972,-0.95870771877017669,-6.1399557717839555,7.2820674673236336,0.070034602610896043,-5.3833775023982886,0.0032621566565222207,0.31776220412826617,0.0053956946572697329,
3.8012299999999999,7.3543329625112319,-0.91702116535663947,-6.1193435419107844,7.2820674864315045,0.064871534728816238,-5.3774633903709486,0.0034891308016014922,0.31776054945926502,0.0053942493844496859,
3.802222,7.3543329830067314,-0.9225591793925505,-6.1129999422980346,7.2701804256513682,0.019374219273210945,-5.3681708057776341,0.0055737422231565831,0.31610746259954814,0.0059763968953272153,
3.8036430000000001,7.354333003502231,-0.92809719342846142,-6.1066563426852847,7.3018970601307291,0.0087921568154186898,-5.3461510186621579,0.0059580850977870277,0.31904669726543539,0.0075680775649336965,
3.8050860000000002,7.3543330239977305,-0.93363520746437234,-6.1003127430725348,7.2922207875612166,0.017587943092656617,-5.3307811935343636,0.005677848492080504,0.317509439900928,0.0072951112642197649,
3.805164,7.5959411332767317,-0.96577322229293305,-6.0814386923895114,7.2922208066690875,0.012424875210576811,-5.3248670815070236,0.0059048226371597751,0.31750778523192685,0.0072936659913997179,
3.8065220000000002,7.5959411537722312,-0.97131123632884409,-6.0750950927767615,7.2981923450258606,0.029784130813437858,-5.2985830838180048,0.0048337162967925368,0.31969449801595062,0.0073168598106143233,
3.8079489999999998,7.5959411742677307,-0.97684925036475501,-6.0687514931640116,7.2295120826062593,0.040615900752861284,-5.2823985271163849,0.0042057085409651649,0.3154211053692601,0.0067525346543484185,
3.809094,7.6277512357646593,-1.004132580930557,-6.0485320340045687,7.2295121017141302,0.035452832870781478,-5.2764844150890449,0.004432682686044436,0.31541945070025895,0.0067510893815283714,
3.8093889999999999,7.6277512562601588,-1.0096705949664679,-6.0421884343918189,7.1948832358994919,0.037959760805119709,-5.2610939124491143,0.0044562396982282338,0.31450075196183208,0.007725601712665597,
3.8108070000000001,7.6277512756932344,-1.0149600224159281,-6.0360315325888108,7.1484103865517099,-0.0019389417104460141,-5.2521706446060943,0.0067491819329185253,0.31137603757094773,0.0075859906103990706,
3.8122370000000001,7.62775129512631,-1.0202494498653882,-6.0298746307858027,7.1842532605718832,-0.0032776770517746337,-5.2448421551064337,0.0061164516676757309,0.31252417940320137,0.0081361079267719318,
3.813059,7.582050272554353,-0.97300161080774616,-6.0144744340969094,7.1842532786892601,-0.0082089886739212109,-5.2391021006851011,0.0063332425247495114,0.31252257341379425,0.0081347275283769945,
3.8136969999999999,7.5820502919874286,-0.9782910382572062,-6.0083175322939013,7.2836276026453834,0.0050134623339900576,-5.2315176378898292,0.0065397163886676711,0.31755232333954597,0.0075804587245870336,
3.8151139999999999,7.5820503114205042,-0.98358046570666624,-6.0021606304908932,7.3925451800057687,0.055353344001463092,-5.219166910831289,0.0043108041890673274,0.32197653102668666,0.0067262555289523832,
3.81656,7.5820503308535798,-0.98886989315612628,-5.9960037286878851,7.4979209792628394,0.1030032994057235,-5.1950394152839614,0.0011382098169341582,0.32928352524659343,0.008462823602063678,
3.8169849999999999,7.5393871271813371,-0.94597235827265747,-5.9820896833124797,7.4979209973802163,0.098071987783576925,-5.1892993608626288,0.0013550006740079387,0.32928191925718631,0.0084614432036687406,
3.8179729999999998,7.5393871466144127,-0.9512617857221175,-5.9759327815094716,7.4683502806927438,0.040729732708789983,-5.1817429220484366,0.0046188833542652845,0.32641086167190336,0.0073493815391916873,
3.8194219999999999,7.5393871660474883,-0.95655121317157754,-5.9697758797064635,7.4537979032348884,0.0078405981227838151,-5.1708188352542459,0.0061585796880525082,0.32671709020210954,0.0071925112486488588,
3.8208479999999998,7.5393871855837125,-0.96183857766181402,-5.9635209873403312,7.3965775733159189,-0.015338359236972172,-5.1740392411208669,0.0074922088287127774,0.32245747556384829,0.0078586295214502135,
3.8209270000000002,7.7197455266743704,-0.9219698010187104,-5.9446368099783671,7.3965775915294607,-0.020267747570654596,-5.1682078304974857,0.0077089202249460984,0.32245584400577776,0.0078572496614265699,
3.8222710000000002,7.7197455462105946,-0.92725716550894688,-5.9383819176122348,7.4374081780842571,-0.004228168794732888,-5.1785170865607348,0.0062973263923488069,0.32493357309744214,0.0084414850063871758,
3.8236979999999998,7.7197455657468188,-0.93254452999918336,-5.9321270252461025,7.4869947471628304,0.032233933834949685,-5.1779024302638668,0.0053507421906959247,0.32722200615803809,0.0070009732977303219,
3.824865,7.6911299311458139,-0.97590288353160914,-5.9217594573568437,7.4869947653763722,0.027304545501267263,-5.1720710196404855,0.0055674535869292456,0.32722037459996756,0.0069995934377066783,
3.8251460000000002,7.6911299506820381,-0.98119024802184562,-5.9155045649907114,7.5399957905947144,0.065925939656488866,-5.1625612605312199,0.0024605621441428733,0.33045957921455055,0.0066683785972487409,
3.8265929999999999,7.6911299702182623,-0.9864776125120821,-5.9092496726245791,7.5285235227906746,0.056927728779502224,-5.1336860625355252,0.0031923158305921032,0.33151251148824412,0.0073456476673707926,
3.8280090000000002,7.6911299897544865,-0.99176497700231858,-5.9029947802584468,7.4176153698232765,-0.037094065594764289,-5.1171121289311081,0.0079868110959982301,0.32553085455138558,0.0071790283504142511,
3.828827,7.6644008560246544,-0.95335006891422791,-5.8939037473186229,7.4176153880368183,-0.042023453928446711,-5.1112807183077269,0.0082035224922315502,0.32552922299331505,0.0071776484903906075,
3.8294290000000002,7.6644008755608786,-0.95863743340446439,-5.8876488549524906,7.318074062420707,-0.085537514341510912,-5.0918458539142115,0.010457614280880203,0.32217311205853466,0.0078250645359373341,
3.830864,7.6644008943956967,-0.96378142222865648,-5.8814651346795745,7.179356887487601,-0.077265355234389266,-5.0918712066588609,0.0096388137067828436,0.31437356823759893,0.0069190992787145165,
3.832319,7.6644009132305149,-0.96892541105284857,-5.8752814144066585,7.1342872166828863,-0.023717832844170589,-5.0943320840641606,0.0067245787378785596,0.31282418384252431,0.0070831474857044659,
3.832732,7.7204114464728093,-0.93299076425303495,-5.8228516844265625,7.1342872342425103,-0.028513552629592671,-5.0885670268927941,0.0069354186368067033,0.31282257082973769,0.0070818050428848615,
3.8337639999999999,7.7204114653076275,-0.93813475307722705,-5.8166679641536465,7.1284269500380608,0.022031335011955366,-5.0998223778168628,0.0045718792492918919,0.31183612377355724,0.0076384348495092437,
3.835181,7.7204114841424456,-0.94327874190141914,-5.8104842438807305,7.2083334925669975,0.026032096525061756,-5.0993338691921455,0.004741395421912444,0.31613201459317836,0.0075694755108351927,
3.8366220000000002,7.7204115029772638,-0.94842273072561123,-5.8043005236078145,7.2813327684915583,0.02354565381015495,-5.0869565339222023,0.0045972637973079834,0.31995276370223924,0.0094334427868227721,
3.8366479999999998,7.6403525030334745,-0.8771601764175293,-5.8203894970870991,7.2813327860511823,0.018749934024732868,-5.0811914767508357,0.0048081036962361271,0.31995115068945262,0.0094321003440031668,
3.8380339999999999,7.6403525218682926,-0.88230416524172139,-5.814205776814183,7.3261313005728477,-0.034167587584423578,-5.0839930593187335,0.007330580610826162,0.32222404118762171,0.0086926403847837445,
3.8394550000000001,7.6403525407031108,-0.88744815406591349,-5.808022056541267,7.3587797645601167,-0.036346990517213275,-5.0801431849983159,0.0078851962035015495,0.3236381918904071,0.0082359503180683882,
3.8405740000000002,7.5656065581699661,-0.7984550437064285,-5.8240059714307497,7.3587797818408633,-0.041020581485160287,-5.074436788125106,0.0080906716038509057,0.32363659528586208,0.0082346420621732738,
3.840903,7.5656065767056546,-0.80346803461991834,-5.8178851714141553,7.3609869578557419,0.029246145973809444,-5.0851677820047163,0.0035636189605015864,0.32344853545540153,0.0074519900363110968,
3.8423289999999999,7.5656065952413432,-0.80848102553340817,-5.8117643713975609,7.3806413176123149,0.034599066590880384,-5.0925676134770006,0.0037669994501556372,0.32399124643958216,0.0066724179409180431,
3.8437649999999999,7.5656066137770317,-0.81349401644689801,-5.8056435713809664,7.4274563653109134,0.024739886768954035,-5.1012100371278919,0.0041822031517475804,0.32578873190731505,0.0049129509826627803,
3.844487,7.6763370388202761,-0.87045467131538901,-5.7865723473010959,7.42745638259166,0.020066295801007022,-5.0955036402546821,0.0043876785520969375,0.32578713530277004,0.0049116427267676668,
3.8451810000000002,7.6763370573559646,-0.87546766222887884,-5.7804515472845015,7.4890651989913417,0.016143650517456799,-5.0896439359332932,0.0045486643587422711,0.32881307734920096,0.005969695720695091,
3.8466170000000002,7.6763370758916531,-0.88048065314236867,-5.7743307472679071,7.5527173252630027,-0.0082486515455647558,-5.0915564578794497,0.0057896225978611351,0.33189916458217616,0.0064774002540892621,
3.8480509999999999,7.6763370944273417,-0.88549364405585851,-5.7682099472513126,7.583310948269478,-0.0092782059386161304,-5.0906451132380806,0.0059868266242362944,0.33383124139595621,0.0066522246481231046,
3.8484370000000001,7.7773868744849572,-0.89298408958014153,-5.7476281116535874,7.5833109655502247,-0.013951796906563143,-5.0849387163648707,0.0061923020245856514,0.3338296447914112,0.0066509163922279912,
3.8494969999999999,7.7773868930206458,-0.89799708049363136,-5.741507311636993,7.5639479616266341,0.026544924775058255,-5.0816975723555551,0.0035470418340328652,0.33295608140428856,0.0057589216861436915,
3.8509150000000001,7.77738691126752,-0.90298222145760199,-5.735323591364077,7.5214797205594186,-0.0017882957512481631,-5.0755088243496305,0.0049691360671075269,0.33131263693663676,0.0051971461950585116,
3.8523429999999999,7.7773869295143943,-0.90796736242157261,-5.729139871091161,7.4482090684212263,-0.039789119141593186,-5.0692953110218122,0.0065967631004566433,0.32716174764510375,0.0053221933142207044,
3.8524409999999998,7.8718484439485685,-0.87949915396498957,-5.7370899219070246,7.4482090854327128,-0.044436745715273951,-5.0635302538504456,0.0068011018859571275,0.32716013460825455,0.0053208923264233213,
3.853783,7.8718484621954428,-0.88448429492896019,-5.7309062016341086,7.4247054192715147,-0.069803294864804508,-5.0504992993373339,0.0080529311896760936,0.326960834947709,0.0069549658980317987,
3.8552200000000001,7.871848480442317,-0.88946943589293082,-5.7247224813611925,7.3870314339643501,-0.082890426302960007,-5.0399855555588928,0.0090120200634136883,0.32485128645602479,0.0065953796734010955,
3.8564039999999999,7.8648960560487717,-0.86306927321803628,-5.7274066717621199,7.3870314509758366,-0.087538052876640765,-5.0342204983875263,0.0092163588489141725,0.32484967341917559,0.0065940786856037124,
3.8566600000000002,7.864896074295646,-0.86805441418200691,-5.7212229514892039,7.3597560601243961,-0.0471731909013084,-5.018590730247289,0.0070589085594712862,0.32484119909529913,0.0074996997781016563,
3.8580760000000001,7.8648960925425202,-0.87303955514597753,-5.7150392312162879,7.2885067049498051,-0.013628513312820875,-5.0114287736451093,0.0059726520041608533,0.32135176403181565,0.007139689134329572,
3.8595139999999999,7.8648961107893944,-0.87802469610994816,-5.7088555109433718,7.2286454267373559,0.0047683673393883116,-5.0080403308092292,0.0049611493105003457,0.31832710127517838,0.0068994256905544008,
3.8603619999999998,7.8334516148454902,-0.85594869989535527,-5.7109358695002461,7.2286454429891434,0.00032364769867820799,-5.0024406764457812,0.0051565717294297635,0.31832553450536044,0.0068981815015217015,
3.8609749999999998,7.8334516322774954,-0.86071619866122973,-5.7049295637205644,7.1960996216383251,-0.031986942320448977,-5.0035015040198276,0.0065564399494094198,0.31667551187701765,0.0070527048177626743,
3.8623859999999999,7.8334516497095006,-0.86548369742710418,-5.6989232579408826,7.212269343048753,-0.050539194969897339,-5.0074227735109789,0.007551635017048911,0.31653267374645977,0.006927163718264618,
3.8638150000000002,7.8334516671415058,-0.87025119619297864,-5.6929169521612009,7.296767268719794,-0.00051790456540160013,-5.0090403351910107,0.0049281737934335455,0.32142655342320675,0.0072666694750954689,
3.8642840000000001,7.8041049187112685,-0.84772283071645127,-5.6688001005578439,7.2967672849715814,-0.0049626242061117038,-5.0034406808275627,0.0051235962123629634,0.32142498665338881,0.0072654252860627697,
3.8652700000000002,7.8041049361432737,-0.85249032948232573,-5.6627937947781621,7.361597927979461,0.058509917650273149,-5.0020509402636559,0.002284966469358518,0.32380204997955819,0.006603426276160354,
3.8667020000000001,7.8041049535752789,-0.85725782824820018,-5.6567874889984804,7.4192283648935682,0.11041256621700582,-4.9986609694728648,-0.00039431801107467487,0.32828837048761383,0.0072583406254789927,
3.8681779999999999,7.8041049710072841,-0.86202532701407464,-5.6507811832187986,7.3660033406871355,0.10232153683958706,-4.9962789078788754,0.00066892916308813259,0.32462396710372604,0.0066283008089981959,
3.8682120000000002,7.8164192555886034,-0.90936925345178699,-5.6428005454266943,7.3660033569389229,0.097876817198876948,-4.9906792535154274,0.00086435158201755055,0.3246224003339081,0.0066270566199654966,
3.8695339999999998,7.8164192730206086,-0.91413675221766144,-5.6367942396470125,7.3254075527166584,0.069696391597814697,-4.9861828765067493,0.0016340433733847974,0.32345638912368258,0.0070359540033750846,
3.8710019999999998,7.8164192910611874,-0.91902080817967258,-5.630545536158551,7.2603440068853216,0.012396856214493761,-4.992947964551373,0.0044754562879420774,0.31901654160628035,0.0071967683117850024,
3.8721459999999999,7.8018701544684346,-0.89651561891912512,-5.6274218247678318,7.2603440237044792,0.0078434707755578384,-4.9871223237933844,0.0046756612966282066,0.31901491160212758,0.0071954937044477934,
3.8724409999999998,7.8018701725090134,-0.90139967488113626,-5.6211731212793703,7.2989966954052576,0.0017604500026152119,-5.001306701036409,0.0049730426356051748,0.3207336415007685,0.0066661048663726793,
3.873847,7.8018701905495922,-0.90628373084314739,-5.6149244177909088,7.369715524132415,0.060491839579945902,-4.9986579158878914,0.0026154686770645517,0.32490026260536109,0.0061369749518217749,
3.8752770000000001,7.801870208590171,-0.91116778680515853,-5.6086757143024473,7.4034845118816941,0.10113490921728102,-4.9941749616107876,-0.00018253808324130349,0.32628205629454154,0.0049891607785245654,
3.8760659999999998,7.7882901407554961,-0.88955887029914427,-5.6065102556238493,7.4034845287008517,0.096581523778345099,-4.9883493208527989,1.7666925444825837e-05,0.32628042629038878,0.0049878861711873564,
3.8767100000000001,7.7882901587960749,-0.8944429262611554,-5.6002615521353878,7.3873674935395703,0.049648859064261523,-4.9680279224285853,0.002330650219999471,0.32783636756863194,0.006986862185585062,
3.8781620000000001,7.7882901768366537,-0.89932698222316654,-5.5940128486469263,7.2367053959756671,-0.0099882345800290304,-4.9487269217803744,0.0052219612037148842,0.32001962875919748,0.0072917249683799711,
3.8796020000000002,7.7882901948772325,-0.90421103818517767,-5.5877641451584648,7.0998193429988765,-0.042688987949382862,-4.9229690429456952,0.0065478087611652996,0.31513377943397985,0.0083157597421392553,
3.8800020000000002,7.9003960018365209,-0.82472209050221079,-5.5933415105400011,7.0998193598180341,-0.047242373388318784,-4.9171434021877065,0.0067480137698514289,0.31513214942982709,0.0083144851348020462,
3.881014,7.9003960196501737,-0.82958861131082084,-5.5870144146010405,6.904444927512035,-0.10058045412198455,-4.9157748732749651,0.0099992921505625554,0.30508937601159353,0.0080127105474863732,
3.88246,7.9003960374638265,-0.8344551321194309,-5.58068731866208,6.7919590979531153,-0.055949537212244577,-4.913091827223707,0.0075374259514346346,0.30032604445033501,0.0067804271724298208,
3.8838659999999998,7.9003960552774792,-0.83932165292804095,-5.5743602227231195,6.7358104542444996,0.014755555774378593,-4.9147195233638481,0.003249525033690478,0.29784346816318175,0.0054153076179577903,
3.8839540000000001,7.644945339101481,-0.92348135357913119,-5.5804521987254363,6.7358104708520958,0.010218518287388064,-4.9088207976442213,0.003449016362361476,0.29784181769143375,0.0054140375868325496,
3.8853080000000002,7.6449453569151338,-0.92834787438774125,-5.5741251027864758,6.7252045544284869,0.0057851405337501823,-4.9029534166644524,0.0041794095470702713,0.29699838693456609,0.003964980369882869,
3.8867370000000001,7.6449453747287865,-0.9332143951963513,-5.5677980068475152,6.7454013844857634,0.0094082887354959288,-4.8946424938937163,0.0042930214689526312,0.2994503389650302,0.0046919504057636287,
3.8879100000000002,7.4063690662111101,-1.0068496303750747,-5.5304810987849269,6.7454014010933596,0.0048712512485054003,-4.8887437681740895,0.0044925127976236292,0.29944868849328221,0.004690680374638388,
3.8881549999999998,7.4063690840247629,-1.0117161511836847,-5.5241540028459664,6.7178113597998603,0.00051806739959324216,-4.8825643225034314,0.0048665181150020402,0.29653558275298852,0.0044302664648793854,
3.889605,7.4063691018384157,-1.0165826719922948,-5.5178269069070058,6.7408818638603805,-0.0012241564821412684,-4.8807570997532563,0.0057391417519064942,0.2984490054885619,0.0043451399607656082,
3.8910390000000001,7.4063691191775876,-1.0213223208086499,-5.5115658256632027,6.7509738132574046,0.049351960523492368,-4.8901473987426591,0.0030588757230310755,0.29784335807679868,0.0072401517255438396,
3.8918539999999999,7.4256843702883728,-0.9925619172612854,-5.4886478863233581,6.7509738294226445,0.044933205277048603,-4.8843102182538853,0.0032531712562900816,0.2978417248136806,0.0072389148045989326,
3.8924699999999999,7.4256843876275447,-0.99730156607764053,-5.482386805079555,6.805198892867967,0.091457323490956477,-4.8857256615356386,0.00034179331239341968,0.30081979259371427,0.0071134558474365414,
3.8938860000000002,7.4256844049667166,-1.0020412148939957,-5.4761257238357519,6.8470801712487637,0.099442421669884706,-4.8919325406467511,0.00080674529724467569,0.30194504515698056,0.0059169450163731093,
3.8953470000000001,7.4256844223058884,-1.0067808637103508,-5.4698646425919488,6.9069939301444405,0.11359559641385922,-4.8879807234747528,-0.00033672356802458368,0.30495603803202298,0.0073501758846804153,
3.895797,7.4777122140959271,-0.9074776699479401,-5.4487754332890441,6.9069939463096803,0.10917684116741545,-4.882143542985979,-0.00014242803476557776,0.3049544047689049,0.0073489389637355082,
3.8967770000000002,7.477712231435099,-0.91221731876429524,-5.442514352045241,6.93611997190055,0.075639411024898462,-4.8817126559322794,0.0015574772558057087,0.30626883212827621,0.0074243266560341499,
3.898215,7.4777122487742709,-0.91695696758065037,-5.4362532708014379,6.9555704464885144,0.054264112108857794,-4.8897420715585591,0.002574301273527908,0.30674343472470922,0.0067600289747009931,
3.899635,7.4777122661134428,-0.92169661639700551,-5.4299921895576349,6.9783581392576002,0.082147983791869439,-4.8843738319026597,0.00087298996906930702,0.30812353799682923,0.0071003374247505489,
3.8997359999999999,7.5262871365943678,-0.83197091810323742,-5.4643322809214991,6.97835815542284,0.077729228545425674,-4.8785366514138859,0.0010672855023283129,0.30812190473371115,0.0070991005038056419,
3.9010579999999999,7.5262871544802241,-0.83684156483029493,-5.4577947631417256,6.9691046373213208,0.056618125314144049,-4.8785259846977791,0.001957759909032181,0.30720746626096579,0.0067580802407814049,
3.9025050000000001,7.5262871723660805,-0.84171221155735243,-5.4512572453619521,6.9725830153088273,0.018463332486167758,-4.8655597823682255,0.0036459874550243687,0.30760416627012821,0.0053922516069582821,
3.9036520000000001,7.569240738077947,-0.86852934025340844,-5.4571890616286485,6.9725830319837385,0.013922448422248834,-4.8594648812252528,0.0038456583144962633,0.30760246088692977,0.0053909804990763298,
3.903953,7.5692407559638033,-0.87339998698046595,-5.450651543848875,6.9597883810783898,-0.025068165054419209,-4.8473070233169127,0.0056035402588182331,0.30688229209099221,0.0066675576248028928,
3.90537,7.5692407738496597,-0.87827063370752345,-5.4441140260691014,6.9325955471707976,-0.063027079455544616,-4.8290602714875037,0.0074841741604082471,0.30622752332661574,0.0068971195727736889,
3.9067940000000001,7.569240791735516,-0.88314128043458096,-5.4375765082893279,6.8749276249571087,-0.073173486031019128,-4.8182303341424957,0.0086929315579034206,0.30358621271350594,0.00645923199289443,
3.9076240000000002,7.5408989967449918,-0.9446451686315479,-5.4441128533245848,6.87492764163202,-0.077714370094938048,-4.812135432999523,0.0088926024173753143,0.30358450733030751,0.0064579608850124778,
3.90821,7.5408990146308481,-0.94951581535860541,-5.4375753355448113,6.7998237603128802,-0.047343288648009747,-4.8116094084435774,0.007272175059143432,0.29986971497633097,0.0052256268297186936,
3.9096540000000002,7.5408990325167045,-0.95438646208566291,-5.4310378177650378,6.7500104338209113,-0.011750891795422443,-4.8065108060885224,0.0052291339814547269,0.29739311117488049,0.005491940980869213,
3.9110939999999998,7.5408990499383952,-0.95914158309619546,-5.4245477480474085,6.7425094984844307,-0.029715925740445837,-4.8103945138532138,0.0063481465937328466,0.29616939523339147,0.0047613098937706695,
3.9115280000000001,7.5144531897179281,-1.0119466983885623,-5.3933646478977497,6.7425095147266019,-0.034149105650370846,-4.8043438483449172,0.006543086964570977,0.29616770221385635,0.0047600689349976419,
3.9125049999999999,7.5144532071396188,-1.0167018193990949,-5.3868745781801204,6.8120718177284134,-0.040115647742612857,-4.7935622107311024,0.0070332876543036365,0.29911675552325412,0.0049389948460472968,
3.91398,7.5144532245613096,-1.0214569404096274,-5.3803845084624911,6.9154923863925921,-0.031961781083714537,-4.7966577529978833,0.0064589688413718696,0.30383864147846568,0.0056480232280611987,
3.9154059999999999,7.5144532419830004,-1.02621206142016,-5.3738944387448617,7.0285418015334953,-0.0054881667813289313,-4.7908182136688096,0.0063305128190000465,0.30896086453074745,0.0055382905352374815,
3.91547,7.4440319341317167,-0.97433374553079033,-5.3864148156624454,7.0285418177756664,-0.0099213466912539371,-4.784767548160513,0.0065254531898381769,0.30895917151121233,0.0055370495764644539,
3.91682,7.4440319515534075,-0.97908886654132288,-5.3799247459448161,7.1097538111446914,0.059408887114114114,-4.7850781715750568,0.0021344933813197903,0.31360735946608159,0.0065326155188997446,
3.9182419999999998,7.4440319689750982,-0.98384398755185543,-5.3734346762271867,7.1102903560268107,0.065754633604439061,-4.7939413106289601,0.0027526294735758534,0.31240471184553997,0.0062323323688187587,
3.9193950000000002,7.3694031719695099,-0.90015237307562967,-5.3859724460170542,7.1102903722689819,0.061321453694514055,-4.7878906451206635,0.0029475698444139838,0.31240301882600485,0.0062310914100457311,
3.9196789999999999,7.3694031893912006,-0.90490749408616222,-5.3794823762994248,7.1218325141693484,0.080127145159836904,-4.7936292719043365,0.0016155186985310377,0.31353181789400536,0.0054598194526729715,
3.9211140000000002,7.3694032071532796,-0.90972140943456903,-5.3728035458128307,7.1283057485005292,0.077882558889398226,-4.8050790094419442,0.0017222695993764385,0.31178885431711068,0.0068861532964396757,
3.9225850000000002,7.3694032249153585,-0.91453532478297583,-5.3661247153262366,7.237680617906225,0.044941406318845398,-4.8203692666547386,0.0035384080251416924,0.31753666728759511,0.006605151384288366,
3.9233959999999999,7.5437229528394214,-0.8385456093659962,-5.3521260850133903,7.2376806344657387,0.040453412687691315,-4.8141426202519693,0.0037357642245047398,0.31753492502053893,0.006603895081767122,
3.924013,7.5437229706015003,-0.84335952471440301,-5.3454472545267961,7.3417045723853258,0.065791347391213006,-4.8113440388912503,0.0025653769053263194,0.32225252844312868,0.0060388161973376712,
3.9254169999999999,7.5437229883635792,-0.84817344006280981,-5.338768424040202,7.410075314444259,0.10020935120151721,-4.7985871504712057,0.00051364538081264018,0.32639311281031702,0.0057178412510429768,
3.9268369999999999,7.5437230061256582,-0.85298735541121662,-5.3320895935536079,7.3845793836559741,0.062405573605037019,-4.7817803520673525,0.0022342232642202035,0.32640776861187409,0.0061098336225365226,
3.9273709999999999,7.6467803970970305,-0.87691223972846255,-5.3600502971816582,7.3845794002154879,0.057917579973882936,-4.7755537056645831,0.0024315794635832509,0.32640602634481791,0.0061085773200152786,
3.9283100000000002,7.6467804148591094,-0.88172615507686936,-5.353371466695064,7.2557378257862224,0.0020262806289838634,-4.757959517897639,0.0050502784389712136,0.31976305514410186,0.0057972404015502656,
3.9297209999999998,7.6467804326211883,-0.88654007042527616,-5.3466926362084699,7.1171289407586391,-0.0497831757838611,-4.7382960588254903,0.0071779400673998945,0.31445008418937964,0.0070186917445306373,
3.9311669999999999,7.646780450011935,-0.89128900255813781,-5.3399900816908037,6.9572699367561492,-0.09661055562082449,-4.7317889940537121,0.0092875206448196548,0.30569375766816997,0.0061882172485204761,
3.9312879999999999,7.7408834129635284,-0.95151344181116781,-5.3675709037787032,6.9572699529694706,-0.10103796566535712,-4.7255402298336051,0.0094822185008509325,0.30569200919458633,0.0061869779048785919,
3.9325670000000001,7.7408834303542751,-0.95626237394402946,-5.3608683492610369,6.9027860884124932,-0.089263762505174926,-4.7201929564428742,0.0085997211722765952,0.30339691871442359,0.0052672721874683411,
3.934002,7.7408834477450217,-0.96101130607689111,-5.3541657947433707,6.9012236234392397,-0.060192842667387385,-4.7217758912624328,0.0071723565707250015,0.30269176832620615,0.0058972505645181819,
3.935225,7.6253658627729717,-1.0133812556646387,-5.3222814016701818,6.901223639652561,-0.064620252711920012,-4.7155271270423258,0.0073670544267562792,0.3026900198526225,0.0058960112208762978,
3.935467,7.6253658801637183,-1.0181301877975004,-5.3155788471525156,6.9728292657849833,-0.049997343437089128,-4.7097788171731336,0.0064155380203735433,0.30661795630458422,0.0071108831555798,
3.936858,7.6253658975544649,-1.0228791199303622,-5.3088762926348494,7.0181427752597916,-0.04006084593130211,-4.6961679395308336,0.0059747130771931013,0.30904438214076774,0.0089359078644790403,
3.9382980000000001,7.6253659149452115,-1.0276280520632239,-5.3021737381171832,7.030484366360465,-0.056594430602193997,-4.6928444756684371,0.0073157106288280517,0.30918367133303598,0.0088328854731216863,
3.9391560000000001,7.6179253897091543,-0.97932439108831404,-5.3076632204637875,7.0304843825737864,-0.061021840646726631,-4.6865957114483301,0.0075104084848593294,0.30918192285945234,0.0088316461294798022,
3.9397350000000002,7.617925407099901,-0.98407332322117569,-5.3009606659461213,7.0613490176800076,-0.050546762464807667,-4.6732597195362233,0.0072731104202440064,0.31035751848536297,0.009855113448873758,
3.9411809999999998,7.6179254237892406,-0.9886324631054606,-5.2944190222479008,7.0992611431852648,0.0040440813914796106,-4.675432542346786,0.0043247359620685044,0.31151676232291975,0.010335059362642627,
3.9426230000000002,7.6179254404785803,-0.99319160298974551,-5.2878773785496804,7.1702604070634264,0.022742842973549629,-4.6744806110334469,0.0037613322463626942,0.31478372041764607,0.0090800464664983448,
3.9431020000000001,7.6205098555435189,-0.96151202226606725,-5.2941484254208833,7.1702604226228299,0.018492375467721405,-4.6683818633135461,0.0039482543783424329,0.31478201390872512,0.0090788566535323079,
3.9440490000000001,7.6205098722328586,-0.96607116215035216,-5.2876067817226629,7.2431148052282852,0.047239861548380786,-4.6656187304938914,0.0029675283511961413,0.31734336137783087,0.0059163183237821472,
3.945468,7.6205098889221983,-0.97063030203463707,-5.2810651380244424,7.3309352894386173,0.079722704965076385,-4.6585676074296023,0.00096909558098671935,0.32189654622382052,0.0072515471444904184,
3.9469020000000001,7.620509905611538,-0.97518944191892198,-5.274523494326222,7.3856848152626213,0.060321709811029196,-4.6548940605218645,0.0026958635133319852,0.32428248978940422,0.0059975281865799774,
3.9470429999999999,7.6635897081070805,-0.94553531107891708,-5.2599475111690817,7.3856848308220249,0.056071242305200976,-4.6487953128019637,0.0028827856453117239,0.32428078328048326,0.0059963383736139396,
3.9483169999999999,7.6635897247964202,-0.950094450963202,-5.2534058674708612,7.4147984522136197,0.074712464913489388,-4.6436168226765808,0.0015026013518479773,0.32580312225747354,0.0057627642110841121,
3.9497589999999998,7.6635897414857599,-0.95465359084748691,-5.2468642237726408,7.3990590103668898,0.106463867825346,-4.6341106730871058,-0.00061750977372794025,0.32520461808886075,0.0059632069708863587,
3.9509560000000001,7.7903293101729369,-0.91721081283259187,-5.2306074665390385,7.3990590263782661,0.10210377287705963,-4.6277484348476126,-0.00042576079698018862,0.325202837842197,0.0059619864704338254,
3.9512149999999999,7.7903293273470728,-0.92188754139262541,-5.2237831974271769,7.3666691824430313,0.066431405036552912,-4.6192262056930895,0.0016974705041551943,0.3233626731833546,0.0053568728103016482,
3.9526599999999998,7.7903293445212087,-0.92656426995265895,-5.2169589283153153,7.3446591943156276,0.040917145336658856,-4.6064115002749597,0.0028498331616222459,0.32169536574449653,0.0048197588127428439,
3.954072,7.7903293616953446,-0.93124099851269249,-5.2101346592034536,7.3634795141355367,0.018746153823554743,-4.5920970221294617,0.003414238919481997,0.3233341380481356,0.0065036121444656684,
3.9548809999999999,7.9086412939078183,-0.9610038583364624,-5.1954898472119044,7.3634795301469129,0.014386058875268361,-4.5857347838899685,0.0036059878962297486,0.32333235780147185,0.0065023916440131351,
3.9554800000000001,7.9086413110819542,-0.96568058689649594,-5.1886655781000428,7.3598523969513749,-0.0236214998721954,-4.5719555786668424,0.0056340517891105895,0.32287654742842214,0.0048962205096927391,
3.9569169999999998,7.9086413282560901,-0.97035731545652948,-5.1818413089881812,7.3464329128266082,-0.01147055674241651,-4.5570607847593863,0.0049991373997004922,0.32312960765415366,0.0039983302068027299,
3.958399,7.908641345430226,-0.97503404401656302,-5.1750170398763196,7.2916337245707012,-0.0022617034148926692,-4.5453591468800987,0.0040878674081501719,0.31980881163864805,0.0043699902897927313,
3.9588670000000001,7.8960718845283102,-0.99990467012801987,-5.1495105932967622,7.2916337405820775,-0.0066217983631790501,-4.5389969086406055,0.0042796163848979234,0.3198070313919843,0.004368769789340198,
3.9598249999999999,7.8960719017024461,-1.0045813986880534,-5.1426863241849006,7.276020909410315,-0.0313041268633251,-4.5317483135035559,0.005843309563548873,0.31884665356252068,0.0046968993253835309,
3.9612379999999998,7.8960719181442309,-1.0090611146422275,-5.1360374066070493,7.3014080097796485,-0.061810420946870281,-4.5345602665576372,0.0071478694851578178,0.3194263420182607,0.0056959267221261935,
3.9626540000000001,7.8960719345860158,-1.0135408305964015,-5.1293884890291981,7.3922511139259806,-0.063706724789271377,-4.5330298930254891,0.0071636451728841859,0.32262627883091527,0.0049029730930912905,
3.962771,7.8587814226601145,-0.9738807351232156,-5.1177162231195386,7.39225112925459,-0.067883145689228985,-4.5268311343054508,0.0073473221881208512,0.32262454431628346,0.0049018040076340098,
3.964105,7.8587814391018993,-0.97836045107738978,-5.1110673055416873,7.5469001079750004,-0.058340631377619467,-4.5302535769785264,0.0075063535259979877,0.33024205520865441,0.0046113630066467954,
3.9655279999999999,7.8587814555436841,-0.98284016703156396,-5.1044183879638361,7.683664318537212,0.0065917379931306197,-4.524390643953863,0.0046859936465367871,0.33606989011152383,0.0049578239546982667,
3.9667050000000001,7.8239652911395989,-0.95551134127452575,-5.0938413137617919,7.6836643338658215,0.0024153170931730129,-4.5181918852338248,0.0048696706617734524,0.33606815559689202,0.0049566548692409861,
3.9669569999999998,7.8239653075813838,-0.95999105722869993,-5.0871923961839407,7.7977104950482659,0.049215944616565394,-4.5064277869200922,0.0021935819345635771,0.34299682544207405,0.0047727990058128366,
3.9683839999999999,7.8239653240231686,-0.96447077318287411,-5.0805434786060895,7.7858031921751696,0.034403184339182616,-4.5029574440623534,0.0039985366272712718,0.34094652635622524,0.004543900619488085,
3.9698150000000001,7.8239653404649534,-0.96895048913704829,-5.0738945610282382,7.7907146598829318,0.040715513477164053,-4.4981153262927522,0.0033804229857849095,0.34133579160808908,0.0056396705471192044,
3.970631,8.0525799814555956,-0.94319141074293844,-5.0684289794347128,7.7907146753077052,0.036537169288742295,-4.4918069401302558,0.003564190394110954,0.34133402641021687,0.0056385009232801679,
3.9712589999999999,8.0525799980005281,-0.94767318965633629,-5.0616624731811131,7.7995429558483664,0.022595211646588221,-4.4935406848110713,0.0043848208594632378,0.34027533677207322,0.007058308762153534,
3.9726750000000002,8.0525800145454607,-0.95215496856973414,-5.0548959669275133,7.8960153006865061,0.041670061607184922,-4.5007206765448631,0.003535174161309885,0.34487003756187645,0.0063888701589983887,
3.9741219999999999,8.0525800310903932,-0.95663674748313199,-5.0481294606739135,8.0029598410287903,0.10099572524214062,-4.4937511906330467,0.00095684451948919698,0.35051188131140676,0.0061576396651720593,
3.9745729999999999,8.0822317085631319,-0.94732281707470323,-5.050829600211709,8.0029598564535647,0.096817381053718857,-4.4874428044705503,0.0011406119278152414,0.35051011611353455,0.0061564700413330228,
3.9755410000000002,8.0822317251080644,-0.95180459598810108,-5.0440630939581093,8.0471154382547105,0.14702989588645513,-4.4712044977613417,-0.00093461063328595948,0.35278085032345002,0.0050959851888979085,
3.977001,8.082231741652997,-0.95628637490149893,-5.0372965877045095,8.0206519199797448,0.10467859047444275,-4.4480430295361346,0.00036927579692159985,0.3537021518783065,0.0063240248333251894,
3.9784269999999999,8.0822317581979295,-0.96076815381489677,-5.0305300814509097,7.8658557042334083,0.028050619112492084,-4.4246209820564504,0.0042446490547171038,0.34507801869758853,0.0062713853050241266,
3.9785180000000002,8.1099215811899956,-0.87266703636452791,-5.0340026467391574,7.8658557196581818,0.023872274924070323,-4.418312595893954,0.0044284164630431482,0.34507625349971632,0.0062702156811850901,
3.9798399999999998,8.1099215977349282,-0.87714881527792576,-5.0272361404855577,7.7401082230017337,-0.035201722452094603,-4.3948208083627538,0.0067247377342174435,0.34098347515993643,0.0070506122675074471,
3.9812979999999998,8.1099216139188428,-0.88156148505733101,-5.0204603509154522,7.5717647036192188,-0.05522130077430501,-4.3878569331096937,0.0078238754225471267,0.33135183980408411,0.0069643612992227062,
3.9824739999999998,8.2196368627134895,-0.80226047443340642,-4.9899150635583229,7.5717647187074171,-0.059335214799176923,-4.3815398921491084,0.0080048148951486139,0.33135007216874224,0.0069632097110155569,
3.9827149999999998,8.2196368788974041,-0.80667314421281167,-4.9831392739882174,7.540685277391435,-0.017061939964927816,-4.3758348212700797,0.0061283549070452565,0.33075314643023501,0.0051093586240040373,
3.9841289999999998,8.2196368950813188,-0.81108581399221691,-4.9763634844181119,7.5364403916391902,-0.0030181927548294588,-4.3784026877217883,0.0048905690174039871,0.33023849859730448,0.006434105142645437,
3.9855659999999999,8.2196369112652334,-0.81549848377162215,-4.9695876948480064,7.5843727420734686,0.017682106427458859,-4.3648585378873683,0.0037681552849758008,0.33315015553151212,0.0060903574772279813,
3.9863749999999998,8.0575927947325354,-0.83838775762818685,-4.9753005066583631,7.5843727571616668,0.013568192402586946,-4.3585414969267831,0.0039490947575772884,0.33314838789617024,0.0060892058890208321,
3.9869949999999998,8.0575928109164501,-0.84280042740759209,-4.9685247170882576,7.6063322234880326,-0.012494829746217059,-4.3418752861145098,0.0047930580962023007,0.33506715671043275,0.0067729288130058208,
3.9884810000000002,8.0575928271003647,-0.84721309718699733,-4.9617489275181521,7.5612140510580215,-0.085429764634212396,-4.3361170042598189,0.0092007443299342156,0.33188401894343239,0.0060114400676053118,
3.989887,8.0575928432842794,-0.85162576696640258,-4.9549731379480466,7.5540109009496108,-0.069551757758366001,-4.3230441494740157,0.0081061051355082285,0.33225293169597792,0.0068102210819807616,
3.9903050000000002,7.9062996226593976,-0.85635161083875411,-4.9614134779053263,7.5540109155666029,-0.073541619677298609,-4.3168126948500865,0.0082815942148788992,0.33225118799770603,0.0068091042190850893,
3.9913270000000001,7.9062996383378881,-0.86063121974823342,-4.9547294900206733,7.5514552406159607,-0.03478188248780429,-4.326588768853771,0.006387440106790398,0.33071707183784849,0.00705570973453736,
3.9927700000000002,7.9062996540163786,-0.86491082865771274,-4.9480455021360203,7.6232075637998298,-0.0045988607923374211,-4.3325232430369143,0.0049943667577405336,0.33492318887264655,0.0070003034035301254,
3.9942160000000002,7.9062996696948691,-0.86919043756719205,-4.9413615142513674,7.6659852049738699,0.031082648892241001,-4.3372541351771412,0.003219260624695696,0.33624920756836202,0.0065207214058425108,
3.9942630000000001,7.9092941746800882,-0.94084392904195391,-4.9005164504751262,7.665985219590862,0.0270927869733084,-4.3310226805532119,0.0033947497040663676,0.33624746387009014,0.0065196045429468386,
3.995638,7.9092941903585787,-0.94512353795143322,-4.8938324625904732,7.7212774556816282,0.043882943375877517,-4.3260824019019539,0.0029029385513946889,0.3394618018155301,0.0077779642403509874,
3.9970439999999998,7.9092942060370692,-0.94940314686091254,-4.8871484747058203,7.731858495927705,-0.0019612941073473,-4.3244773132445893,0.0048643947671306621,0.34011881290819029,0.0065725570336326216,
3.9982060000000001,8.0321244854275875,-0.88122747152459324,-4.8462634330900194,7.7318585105446971,-0.0059511560262799027,-4.31824585862066,0.0050398838465013336,0.34011706920991841,0.0065714401707369493,
3.9984709999999999,8.0321245011060771,-0.88550708043407256,-4.8395794452053664,7.7265374595175702,0.0035348808423960026,-4.3181913285355451,0.0050596386188887189,0.33935044928975727,0.0058939867112348943,
3.9999009999999999,8.0321245167845667,-0.88978668934355187,-4.8328954573207135,7.7251042302329029,0.050424969606840828,-4.3165362214140304,0.0024635290268438816,0.34026373192958292,0.0064477835681206932,
4.0013439999999996,8.0321245327931301,-0.89414365922391825,-4.8259711346865037,7.6835701854254239,0.073945411458894744,-4.3138472786546274,0.0013291884696722417,0.33746300141601815,0.0064842460496756741,
4.0021199999999997,8.1467682085145761,-0.83417219228008443,-4.8413018859429977,7.6835702003501423,0.069883426222555681,-4.3073917609246219,0.0015078558633390129,0.33746119501038996,0.0064831089976435854,
4.0027559999999998,8.1467682245231394,-0.83852916216045081,-4.834377563308788,7.6585045014975748,0.062379566603343692,-4.2963318761592912,0.0014613394593208759,0.33742051006912049,0.0060132932837201752,
4.0042169999999997,8.1467682405317028,-0.84288613204081719,-4.8274532406745783,7.5880388142860742,0.027002310636964955,-4.2772626836407328,0.0029782935796295591,0.33363306758923933,0.0075137530600839358,
4.0056349999999998,8.1467682565402662,-0.84724310192118357,-4.8205289180403685,7.5174724299078823,-0.018119472618157495,-4.2478938032638682,0.005539548521400036,0.33180844312029206,0.0076985346081831878,
4.0060320000000003,8.158898732879555,-0.79257188382180199,-4.831474130349803,7.5174724448326007,-0.022181457854496558,-4.2414382855338628,0.0057182159150668075,0.33180663671466387,0.0076973975561510991,
4.0070769999999998,8.1588987488881184,-0.79692885370216837,-4.8245498077155933,7.3907485157626667,-0.040908274560685312,-4.2254828171576575,0.0073049042232906551,0.32538247883151966,0.0066793161709636749,
4.00854,8.1588987648966818,-0.80128582358253475,-4.8176254850813836,7.2901180896318376,-0.018549803023453493,-4.2187335866674038,0.0059110559369411446,0.3212197789703628,0.0065404124760625277,
4.0099260000000001,8.1588987809052451,-0.80564279346290113,-4.8107011624471738,7.2149913996973307,0.0047298217267448123,-4.2153998448378776,0.0038393274580226146,0.31705385701182659,0.0072871662972677732,
4.0099939999999998,8.0383248588269485,-0.87157555471729353,-4.832686785833312,7.2149914146220491,0.00066783649040574791,-4.2089443271078721,0.0040179948516893861,0.3170520506061984,0.0072860292452356845,
4.0113580000000004,8.0383248742166238,-0.87577470821705017,-4.8258955240690291,7.2235215489347695,-0.01071676084203335,-4.2105769020203194,0.0052106686420513981,0.31724440937468529,0.005981291677955353,
4.0127959999999998,8.0383248896062991,-0.8799738617168068,-4.8191042623047462,7.2897244941086008,-0.02486504892059924,-4.2041720421085964,0.0058997163800434188,0.31953081834763025,0.0056993478576341672,
4.0139199999999997,7.9257597723308182,-0.93740158957429331,-4.7602193351014446,7.2897245084563327,-0.028779902589428974,-4.1978405764845297,0.0060719181276487517,0.31952904664195891,0.0056982519914376062,
4.014227,7.9257597877204944,-0.94160074307404995,-4.7534280733371617,7.4092283342300158,-0.053132933959522607,-4.1870361288111368,0.0069802476404591807,0.32544314843358202,0.0058609285017772643,
4.0156450000000001,7.9257598031101706,-0.94579989657380659,-4.7466368115728788,7.5266806080896407,-0.041545594297055809,-4.1760565823990818,0.0065085593926699397,0.33123207123917436,0.0065797962063569053,
4.0170890000000004,7.9257598184998468,-0.94999905007356322,-4.7398455498085958,7.5802004169489949,0.003346512651944078,-4.1669592009748539,0.0045003692270665814,0.33410996806245519,0.0049506131947354929,
4.0178430000000001,7.9569773599915949,-0.95920605171633899,-4.7302072084573368,7.5802004312967268,-0.00056834101688565692,-4.1606277353507872,0.0046725709746719144,0.33410819635678385,0.0049495173285389318,
4.0185630000000003,7.9569773753812711,-0.96340520521609563,-4.7234159466930539,7.5581607106358755,0.02137443462306967,-4.1574264117108095,0.0039663051790987738,0.3330011252497701,0.0049945281668982286,
4.0199819999999997,7.9569773907709473,-0.96760435871585226,-4.716624684928771,7.5069486351091523,0.02867700786888349,-4.1592186858845785,0.0033437665283816034,0.32977112300057621,0.0058849604121920902,
4.0213999999999999,7.9569774065422703,-0.97187468430882507,-4.7095972143333791,7.5078581534195239,0.017283619749141922,-4.1590349729277794,0.0042458793846951734,0.32902279510729598,0.0054939595509719769,
4.0218040000000004,8.0182060372962187,-0.90844121067729722,-4.7010583018697139,7.5078581681230645,0.013302412628298187,-4.1524832907745646,0.0044210059472334189,0.32902096177313211,0.0054928451107659586,
4.0228479999999998,8.0182060530675425,-0.91271153627027002,-4.694030831274322,7.5921679131231938,0.01105390132478442,-4.159954982375222,0.0046066543018429881,0.33202398770574348,0.005170436521791881,
4.0242810000000002,8.0182060688388663,-0.91698186186324282,-4.6870033606789301,7.7378871281649122,0.028535160941167342,-4.1548625419936673,0.0036341841970428681,0.33970687499673674,0.004733875901510822,
4.0256879999999997,8.0182060846101901,-0.92125218745621562,-4.6799758900835382,7.8374039630048937,0.093884486147792989,-4.1423370939865567,0.00061093694880486483,0.34407422772832724,0.0043129041183463997,
4.025709,8.075347796104916,-0.86355919231098111,-4.6727356442326897,7.8374039777084343,0.089903279026949251,-4.1357854118333419,0.00078606351134311047,0.34407239439416337,0.0043117896781403814,
4.0271039999999996,8.0753478118762398,-0.86782951790395391,-4.6657081736372978,7.8654687676346065,0.083704852605504684,-4.1172976517485047,0.00089126420903830393,0.34709874965298815,0.0047102517984320535,
4.0285529999999996,8.0753478276475636,-0.87209984349692671,-4.658680703041906,7.7637522097431351,0.034046567144132886,-4.0982326088197443,0.0039946473237058655,0.34119605933737956,0.0056380705442896448,
4.0296570000000003,8.2780593968384011,-0.84330841408726342,-4.6500643675142754,7.7637522244466757,0.030065360023289151,-4.0916809266665295,0.004169773886244111,0.34119422600321569,0.0056369561040836265,
4.0299940000000003,8.2780594122177629,-0.847502410188961,-4.6430358654392716,7.6746086153675455,0.012631747962361554,-4.0742340269004034,0.0043462628330901724,0.33815212169019687,0.0074159772298921824,
4.0314230000000002,8.2780594275971247,-0.85169640629065857,-4.6360073633642678,7.5561223859699949,-0.026554637455239949,-4.0752187796809123,0.0070556992305635625,0.33096225814308833,0.0070382994735418572,
4.0328540000000004,8.2780594429764864,-0.85589040239235614,-4.6289788612892639,7.5617472802274577,-0.0077251854471930628,-4.0755982999580613,0.0058679044905271443,0.33149980987810485,0.0053461091436543375,
4.0336869999999996,8.1319329505784559,-0.89700985928272281,-4.6216631246024189,7.5617472945655733,-0.011635230894862413,-4.0690456561606148,0.0060399071937257444,0.33149797625871097,0.0053450146233996118,
4.0342799999999999,8.1319329659578177,-0.90120385538442038,-4.6146346225274151,7.6039876446338521,0.042249576487384449,-4.0667803080158,0.0030749256887445003,0.33309067148489951,0.005337088411542644,
4.0357139999999996,8.1319329813371795,-0.90539785148611795,-4.6076061204524112,7.6959009155861748,0.059463258510279074,-4.0598049143367829,0.0024114225129225324,0.33772129504860987,0.0047563295153386894,
4.0371550000000003,8.1319329967165412,-0.90959184758781553,-4.6005776183774074,7.7589762768014534,0.038433725980680761,-4.0504019792955077,0.0035064749092102781,0.34124362036299066,0.0042722870459438265,
4.0376089999999998,7.9955573774892077,-0.94463858151800728,-4.5704493622796534,7.758976291139569,0.034523680533011414,-4.0438493354980611,0.0036784776124088783,0.34124178674359679,0.0042711925256891008,
4.0386150000000001,7.9955573928685686,-0.94883257761970485,-4.5634208602046495,7.7666864837563461,-0.0102304256223365,-4.0425524988496591,0.0062335391029475946,0.34052705550230467,0.0047191165290712987,
4.0400299999999998,7.9955574082479295,-0.95302657372140243,-4.5563923581296457,7.8066501580365397,-0.021467096869457448,-4.0341883980494142,0.006051087696362382,0.34298985540867472,0.0065172563378600151,
4.0414770000000004,7.9955574231321807,-0.95707822563666733,-4.5494773188119426,7.8503501624343324,-0.011537310142281761,-4.0379935556525286,0.0055072927055999825,0.34333607675487371,0.0057702840140946435,
4.0415479999999997,8.1389520505271626,-0.90151536034138846,-4.5324152460190037,7.850350176310859,-0.015314648685922761,-4.0315466927206121,0.0056734639819118037,0.34333427272592548,0.0057692266418452329,
4.0429300000000001,8.1389520654114129,-0.90556701225665337,-4.5255002067013006,7.9624431377759839,0.020682428099524024,-4.0285323525672405,0.0043861547122636324,0.34991268057643016,0.0058448768521333792,
4.0443559999999996,8.1389520802956632,-0.90961866417191828,-4.5185851673835975,8.0112693019186665,0.067333307307069934,-4.0229923256313747,0.0017548284520509227,0.35102875382485804,0.004804100491463203,
4.0454569999999999,8.2684771321907125,-0.88259303752917662,-4.5028811901419585,8.0112693157951931,0.063555968763428936,-4.0165454626994581,0.0019209997283627443,0.35102694979590982,0.0048030431192137924,
4.0457590000000003,8.2684771470749627,-0.88664468944444152,-4.4959661508242554,8.0622314131276909,0.050899456613148555,-4.009193486698357,0.002382434521471338,0.35423904431224895,0.0058786274795606611,
4.0471709999999996,8.268477161959213,-0.89069634135970643,-4.4890511115065523,8.0637311978713893,0.0075969999035329153,-4.0132172403803335,0.0056607641993269009,0.35371136107143653,0.0055865510977898616,
4.0486060000000004,8.2684771768434633,-0.89474799327497134,-4.4821360721888492,8.0836403775985488,0.036671370321865689,-4.0055082099409844,0.0031345274466822322,0.35493768088159705,0.0067099805287107669,
4.0493990000000002,8.3894212188620205,-0.86939067707415818,-4.4917655432557675,8.0836403914750754,0.03289403177822469,-3.9990613470090675,0.0033006987229940539,0.35493587685264882,0.0067089231564613563,
4.0500410000000002,8.3894212337462708,-0.87344232898942309,-4.4848505039380644,8.0704745727224108,0.038835751726246259,-3.9927366510289559,0.0034454362886984901,0.35418782322086229,0.006289420099467629,
4.0514609999999998,8.3894212487852435,-0.8775383345279969,-4.4777353575756669,8.0655089173236547,0.03928543939849452,-3.9881627706457179,0.0037387790587635875,0.35371790542997378,0.0048818292506547512,
4.0529109999999999,8.3894212638242163,-0.88163434006657071,-4.4706202112132694,8.0743678406864081,0.059756074051551422,-3.9698635968754443,0.0020545814388263587,0.3541854889722798,0.004998180156338238,
4.0533390000000002,8.4218378105945657,-0.91243616799122729,-4.4633394750476718,8.0743678547071802,0.055937384805930419,-3.9632301749625021,0.0022225781087330198,0.35418363272714098,0.0049971112089856988,
4.0543690000000003,8.4218378256335384,-0.9165321735298011,-4.4562243286852743,8.0636687656583454,0.007496974939686811,-3.9490090144598176,0.0045340532900841543,0.35427604064167667,0.0070331605602550577,
4.0557949999999998,8.4218378406725112,-0.92062817906837491,-4.4491091823228768,8.0254766560467186,-0.0079893838135629731,-3.9259949539601413,0.0050937068842327564,0.35339532575585614,0.007054722859765444,
4.0571989999999998,8.4218378557114839,-0.92472418460694872,-4.4419940359604793,7.9395448715171781,-0.0060146300330759265,-3.9053245944756512,0.0057297876861338399,0.34916661689925599,0.0059120898362998442,
4.0573009999999998,8.4316241197676955,-0.93372631938218786,-4.4359688636794781,7.9395448855379511,-0.0098333192786969285,-3.8986911725627089,0.0058977843560405006,0.34916476065411717,0.005911020888947305,
4.0586359999999999,8.4316241348066683,-0.93782232492076167,-4.4288537173170806,7.8440769806405077,0.0080203732518364101,-3.8847375109508344,0.0045094650682908598,0.34562360651303603,0.0069932944614344121,
4.0600690000000004,8.431624149845641,-0.94191833045933548,-4.421738570954683,7.7425048762825472,0.018218247941737774,-3.8717936260297221,0.0042048964384645317,0.33962525604525962,0.0068320856592043342,
4.0612079999999997,8.4407562801721454,-0.94884481001836629,-4.3973128618244957,7.7425048897455664,0.0145457286193942,-3.8652957959535041,0.0043664690496430705,0.33962343773118103,0.0068310576284980147,
4.0615259999999997,8.4407562946128607,-0.95278403065594197,-4.3903431540873656,7.7323738471706589,-0.016419457026688938,-3.8692568177191102,0.0057893129513369897,0.33949319411297157,0.0056020364947920072,
4.062932,8.440756309053576,-0.95672325129351765,-4.3833734463502356,7.7584049623486067,-0.019487828799974339,-3.8631939562212914,0.0062122048164274767,0.33947262912746334,0.0045411928616537365,
4.0643710000000004,8.4407563234942913,-0.96066247193109333,-4.3764037386131056,7.8709814403032778,0.001864008740893857,-3.8602165841505349,0.0051929171453609637,0.34548149596008809,0.0049920846641029522,
4.0651849999999996,8.3018644040847249,-0.93827674892259827,-4.3741301642568793,7.870981453766297,-0.0018085105814497175,-3.853718754074317,0.0053544897565395025,0.34547967764600951,0.0049910566333966327,
4.0657889999999997,8.3018644185254402,-0.94221596956017395,-4.3671604565197493,7.9595958283221311,0.021181746237651625,-3.8541945515870384,0.0045292519308551167,0.34967491529718264,0.0069872433742133554,
4.067221,8.3018644329661555,-0.94615519019774963,-4.3601907487826193,8.0128244901359942,0.04528338197172279,-3.8483528327213019,0.0032742671279623902,0.35256320039643513,0.0059189459121800356,
4.0686520000000002,8.3018644474068708,-0.95009441083532531,-4.3532210410454892,8.0152145970450093,0.045027952006859613,-3.8446376718738979,0.0033802243144237555,0.35195277720608698,0.0066275374603929019,
4.0691160000000002,8.1693498041928194,-0.90493995842429742,-4.3519637306251973,8.0152146105080284,0.041355432684516039,-3.83813984179768,0.0035417969256022943,0.35195095889200839,0.0066265094296865824,
4.0700799999999999,8.1693498186335347,-0.9088791790618731,-4.3449940228880672,8.0304289015862338,0.013680573637295752,-3.8418493829943263,0.0048013652366344214,0.35227990659767644,0.0080242098851658981,
4.0715219999999999,8.1693498331155077,-0.91280705342371837,-4.3379160097916953,8.0869164117841912,-0.0073278103177014751,-3.84844724222312,0.0062370913234521038,0.35419849526770736,0.0070329501380587385,
4.0729600000000001,8.1693498475974806,-0.91673492778556365,-4.3308379966953234,8.1962871983336996,0.010561905644088803,-3.858173609422149,0.0047975388801598344,0.35875347782171879,0.0067086258908809803,
4.0730370000000002,8.3302025955328869,-0.87534513528252078,-4.3226855127660233,8.1962872118351839,0.0068999644082984226,-3.8515748067015623,0.004958652618371695,0.35875163124456128,0.0067076008212434545,
4.0743929999999997,8.3302026100148598,-0.87927300964436605,-4.3156074996696514,8.3136601982813456,0.040817793700456378,-3.8472164858890285,0.003572602273460122,0.3655156875360035,0.0072524152891109278,
4.0758049999999999,8.3302026244968328,-0.88320088400621133,-4.3085294865732795,8.3316721838697063,0.065506570370162095,-3.8351083251017122,0.0018391536600820787,0.36611542360782884,0.0061756033010831454,
4.0769520000000004,8.4584325957488566,-0.90881463437194132,-4.3266593751773801,8.3316721973711907,0.061844629134371713,-3.8285095223811254,0.0020002673982939395,0.36611357703067132,0.0061745782314456196,
4.077248,8.4584326102308296,-0.91274250873378659,-4.3195813620810082,8.2828984133730277,0.030448410679480765,-3.8040121544263537,0.0042423031607915166,0.36560683423531315,0.0059378487964458562,
4.0786920000000002,8.4584326247128025,-0.91667038309563187,-4.3125033489846363,8.1161157606939422,-0.0098188960528896689,-3.7823644217440404,0.0056984059400524345,0.35705868913261435,0.0066353614720416187,
4.0801040000000004,8.4584326391947755,-0.92059825745747714,-4.3054253358882644,7.9713503023188954,-0.043035756614268832,-3.7590529213834381,0.0076870777154334829,0.351477861034865,0.0056598682379575141,
4.0808549999999997,8.5649317053951233,-0.9511009994853602,-4.3236259731972364,7.9713503156088183,-0.046659232080775964,-3.7523993049416222,0.007846505834277484,0.35147599910468924,0.0056588539358619913,
4.0815440000000001,8.564931719650172,-0.95498761466273263,-4.3164891657629898,7.8017676319116678,-0.067752704794610874,-3.7487141726817703,0.0088142262974233807,0.34231295594608618,0.0057238294931455684,
4.0829709999999997,8.5649317339052207,-0.95887422984010506,-4.3093523583287432,7.7453357461935086,-0.023256672924029567,-3.7436429005651561,0.0059762940867773996,0.34048816661659409,0.0057362472776760669,
4.0844129999999996,8.5649317481602694,-0.9627608450174775,-4.3022155508944966,7.721420106742535,0.0085907020189931876,-3.738323805759471,0.0041312324267834266,0.33922130279740031,0.0061660478693653332,
4.0848100000000001,8.4612775572465129,-0.98854770605272613,-4.2512748518874703,7.7214201200324579,0.0049672265524860568,-3.7316701893176552,0.0042906605456274277,0.33921944086722455,0.0061650335672698104,
4.0858299999999996,8.4612775715015616,-0.99243432123009856,-4.2441380444532237,7.7327354791575784,0.020214570438965948,-3.7244410734187814,0.0035698152751606291,0.34053876102775738,0.0064054492986686164,
4.0872770000000003,8.4612775857566103,-0.99632093640747099,-4.2370012370189771,7.7119349848326193,-0.012859764313598074,-3.7146316124832475,0.0056003856561564758,0.33968925216547469,0.0064782988531826343,
4.0887149999999997,8.408635140804023,-0.91994821350327682,-4.2396217941838898,7.7119349981225422,-0.016483239780105206,-3.7079779960414316,0.0057598137750004769,0.33968739023529892,0.0064772845510871115,
4.0887349999999998,8.4086351550590717,-0.92383482868064926,-4.2324849867496432,7.6887728807539801,-0.029259023527720765,-3.7081876897098129,0.0062931882125328315,0.33805520793885757,0.0071552515127374997,
4.0901449999999997,8.408635168911843,-0.9276255162541216,-4.2253935644183178,7.7006504236147988,0.012101947655379613,-3.7052561426089046,0.0038464258570627637,0.33911326250291302,0.008293166306415075,
4.0915609999999996,8.4086351827646144,-0.93141620382759394,-4.2183021420869924,7.7217026577937116,0.023581947988999048,-3.7177968533319188,0.0038342672744829244,0.33886990662562416,0.0059615558085549854,
4.0926660000000004,8.3594636412255792,-0.90523086028842537,-4.2217874933967394,7.7217026707085932,0.020047905436076111,-3.7111855492363146,0.0039897670947308802,0.33886805652326807,0.0059605665409882633,
4.0930220000000004,8.3594636550783505,-0.90902154786189771,-4.214696071065414,7.7970631426040793,0.057717629494841993,-3.7084234253757025,0.0023145478516374924,0.34310511603433763,0.0052754456461143236,
4.0944690000000001,8.3594636689311219,-0.91281223543537005,-4.2076046487340886,7.8458674323942423,0.078239159013129195,-3.7056864962384397,0.00068881693417250202,0.34445942192076651,0.0059292186988996239,
4.0958819999999996,8.3594636827838933,-0.91660292300884239,-4.2005132264027631,7.9201972460873886,0.027468617745831744,-3.7091047553991179,0.0041533358109328922,0.34844449321204946,0.0053352232728101339,
4.0965670000000003,8.3506852618221554,-0.89210321251570479,-4.2045644169915199,7.9201972590022702,0.023934575192908807,-3.7024934513035137,0.0043088356311808485,0.34844264310969336,0.0053342340052434118,
4.0973110000000004,8.3506852756749268,-0.89589390008917713,-4.1974729946601945,7.9629980757346779,0.014221882641061489,-3.7086995112120555,0.0050776462908554447,0.34985857615719868,0.0057458780349800521,
4.0987520000000002,8.3506852895276982,-0.89968458766264947,-4.1903815723288691,7.9941240716353494,0.059911256283689304,-3.7181273424279686,0.002492055498667203,0.3516715405654649,0.0066810573781864351,
4.1001820000000002,8.3506853035764497,-0.90350312518564124,-4.1831013892285789,7.998601090602385,0.079397418799968159,-3.7318645231739564,0.0014294283833965863,0.35134359760367806,0.0056153922530010232,
4.1004860000000001,8.4580881235039254,-0.93424316401833563,-4.1753535001910569,7.9986011036999791,0.075837411852778799,-3.7250772381838804,0.0015860775815017306,0.3513416982478908,0.0056143957173412787,
4.1016329999999996,8.4580881375526769,-0.9380617015413274,-4.1680733170907667,8.0176089564797142,0.063273186291667338,-3.7358904502106265,0.0019744682257417235,0.35205815903087456,0.0055509087481115859,
4.1030490000000004,8.4580881516014284,-0.94188023906431917,-4.1607931339904765,8.0506206844080488,0.037250711722493127,-3.7340481383219464,0.0030635301182300101,0.35372653948639726,0.0065556684183805201,
4.1044499999999999,8.5584369775695404,-0.93821234335722359,-4.1540226582269648,8.0506206975056429,0.033690704775303768,-3.7272608533318703,0.0032201793163351543,0.35372464013061,0.0065546718827207756,
4.1044619999999998,8.5584369916182919,-0.94203088088021536,-4.1467424751266746,8.0642480976346462,-0.0063687355617172564,-3.7144505132337158,0.0051520159671648719,0.35488484295970091,0.0062023913509259071,
4.1058909999999997,8.5584370056670434,-0.94584941840320713,-4.1394622920263844,8.025024567918436,-0.032606170834393024,-3.7098971120645956,0.0067392578058393122,0.35281189897735199,0.0055664210000795815,
4.1073259999999996,8.5584370197157948,-0.9496679559261989,-4.1321821089260942,7.9733202020851426,-0.0318685913068915,-3.7055900212096011,0.0069268674257221396,0.35136357680876518,0.0061350545470007989,
4.108352,8.5951613186371052,-0.94513189178715351,-4.1545728209669894,7.9733202151827367,-0.035428598254080859,-3.698802736219525,0.0070835166238272839,0.35136167745297792,0.0061340580113410544,
4.1088040000000001,8.5951613326858567,-0.94895042931014528,-4.1472926378666992,7.8819262483811858,0.012233558585857431,-3.6950363452789223,0.0038839771917999616,0.34632176595232528,0.0057861142635166592,
4.1102090000000002,8.5951613467346082,-0.95276896683313705,-4.140012454766409,7.8354568600919441,0.01894151262178749,-3.6913431210905818,0.0034550653965116519,0.34427872245911845,0.0055432785083923538,
4.1116219999999997,8.5951613601438428,-0.95642246761823602,-4.132910717638965,7.8315849575167409,-0.008499170253297229,-3.688678771156026,0.0057866720455402639,0.34331491418267845,0.0048360233872841015,
4.1123120000000002,8.4993653767696209,-0.93590982200005768,-4.1323602001534372,7.8315849700181159,-0.011905314123352374,-3.6820578506181012,0.0059365577909020664,0.34331306137028728,0.0048350699217787679,
4.1130680000000002,8.4993653901788555,-0.93956332278515664,-4.1252584630259932,7.9091981664117306,0.0013136566949347468,-3.6686668680261256,0.0054336678464620945,0.34647709736187055,0.0052508270101696512,
4.1144999999999996,8.4993654035880901,-0.9432168235702556,-4.1181567258985492,8.0213560931356067,0.010504427680545721,-3.6556140797802774,0.0058781868504546387,0.35230097050638731,0.0063931615997054863,
4.1159119999999998,8.4993654169973247,-0.94687032435535456,-4.1110549887711052,8.1100611783741048,0.049924248245227475,-3.6489030374181821,0.0037614100310989452,0.35621083103341539,0.0068204731695371348,
4.1162570000000001,8.4098982757525977,-0.92903820892383382,-4.1114631332618146,8.1100611908754789,0.046518104375172328,-3.6422821168802573,0.0039112957764607477,0.35620897822102421,0.0068195197040318012,
4.1173529999999996,8.4098982891618324,-0.93269170970893278,-4.1043613961343706,8.1413918609106997,0.076650929532697171,-3.6289268305655167,0.0022797738245084681,0.35897709129683686,0.0070819356775240179,
4.118792,8.409898302571067,-0.93634521049403174,-4.0972596590069266,8.0696011254085711,0.095916141707747871,-3.6201137822176825,0.0018488807498650357,0.35412466472016152,0.0067811559027335438,
4.1201879999999997,8.5605868213764822,-0.91969344524878571,-4.0762133377759762,8.0696011379676449,0.092514806058853108,-3.6133736177949789,0.0019985619062345291,0.35412277853095869,0.0067802037831663836,
4.1202269999999999,8.5605868348476051,-0.9233417886358255,-4.0689836971766651,8.0393497841737069,0.10183193606385611,-3.5998463690572624,0.0015439790006702254,0.35361430437461061,0.0076563909501651236,
4.1216419999999996,8.560586848318728,-0.92699013202286529,-4.061754056577354,7.9953070328974043,0.05217774447099819,-3.5969463767941483,0.0043170033158577703,0.34936636147526523,0.0065428612968381561,
4.1230799999999999,8.5605868617898508,-0.93063847540990507,-4.0545244159780429,8.0816230362562997,0.050847553398247564,-3.5892376601691915,0.0036961294917216103,0.35430272603341145,0.0061173370005596622,
4.1241199999999996,8.4988071569398826,-0.89068517772395084,-4.0480510741513065,8.0816230488153735,0.047446217749352801,-3.5824974957464879,0.0038458106480911036,0.35430083984420863,0.0061163848809925019,
4.1245370000000001,8.4988071704110055,-0.89433352111099063,-4.0408214335519954,8.1601527676548908,0.089453140777871296,-3.567380270108139,0.0025316222666868292,0.35791572348067613,0.0063031092343978322,
4.125953,8.4988071838821284,-0.89798186449803041,-4.0335917929526843,8.2075600504538624,0.11505272889151825,-3.5451114075317443,0.00059073867968415916,0.36131749980727695,0.0057256365426709404,
4.1273759999999999,8.4988071973532513,-0.9016302078850702,-4.0263621523533732,8.1431496615213828,0.07151702939046034,-3.5151296970073327,0.0032097642167300405,0.35927896241482865,0.0054020446404368754,
4.128063,8.4411121818382497,-0.84286056783243746,-4.0211231690696216,8.1431496740804565,0.068115693741565578,-3.508389532584629,0.0033594453730995339,0.35927707622562582,0.0054010925208697151,
4.1288130000000001,8.4411121953093726,-0.84650891121947724,-4.0138935284703106,7.9968366498088566,0.022323107535944957,-3.4801473987404719,0.0049899429613713738,0.35150583369028748,0.005714910211435875,
4.1302479999999999,8.4411122084504235,-0.8500933028705836,-4.0066515101156579,7.8682454577900911,-0.02420396547606124,-3.4494095710686414,0.0071751618080062168,0.34712446961822707,0.0054873702612175156,
4.1316870000000003,8.4411122215914745,-0.85367769452168996,-3.9994094917610052,7.7200620730349749,-0.057552306372188063,-3.4454547805074989,0.0094510994782445561,0.33741201085577216,0.0046844531645711344,
4.1319910000000002,8.5592693361858565,-0.80025059664552722,-3.9684698122464521,7.7200620852863224,-0.060894020078693357,-3.4387030763540101,0.0095981639309230104,0.33741012142280141,0.00468351773469298,
4.1331369999999996,8.5592693493269074,-0.80383498829663358,-3.9612277938917995,7.7396468655149002,-0.02437434348342371,-3.4331809932270416,0.0071313115280332885,0.34035402486707872,0.005161480738097783,
4.1345400000000003,8.5592693624679583,-0.80741937994773993,-3.9539857755371468,7.751753462650977,0.019380318131984924,-3.4324187091210434,0.0050998276165322154,0.33909959392384176,0.0058840388940436077,
4.135948,8.3629333240097417,-0.87410517526526221,-3.9153727054701521,7.7517534749023245,0.016038604425479629,-3.4256670049675546,0.0052468920692106706,0.33909770449087101,0.0058831034641654532,
4.135974,8.3629333371507926,-0.87768956691636857,-3.9081306871154995,7.8660429922133455,0.041569636699506952,-3.4175806304475378,0.0033216478543024812,0.34629385429634379,0.0060576090626140297,
4.1374139999999997,8.3629333502918435,-0.88127395856747492,-3.9008886687608468,7.8909490169494045,-0.0056536824919370399,-3.4064768786640132,0.0061795870316765089,0.34597090052178592,0.0064694812874792357,
4.1388530000000001,8.3629333634328944,-0.88485835021858128,-3.8936466504061942,7.9600274453537807,-0.040217303005567188,-3.4004205115137163,0.0079016348525892642,0.34927534886436401,0.0067330723480728957,
4.139913,8.1795299042292413,-0.92876895831683071,-3.8846353343429256,7.9600274572397032,-0.043455159135007138,-3.3937476621872587,0.0080441357936561955,0.34927348148878906,0.0067321659905469544,
4.1402619999999999,8.1795299169783284,-0.93224195016985967,-3.8774778973164428,8.037173727334622,-0.020282185596631971,-3.3865286081201256,0.0070328677082389449,0.35224356553851099,0.0069724012102157593,
4.1417070000000002,8.1795299297274155,-0.93571494202288863,-3.8703204602899599,8.1464652447870396,0.0027969019667130057,-3.3976660941286063,0.0061771521871214373,0.35591254485818691,0.0055212784081111197,
4.1431430000000002,8.1795299424765027,-0.93918793387591759,-3.863163023263477,8.3032680369795813,0.046754963376220364,-3.398991189415161,0.0037525525625043414,0.36460255053106405,0.0065933906142465809,
4.1438800000000002,8.2803870087479918,-0.97700747823808687,-3.8521263894783848,8.3032680488655046,0.043517107246780415,-3.3923183400887034,0.0038950535035712727,0.3646006831554891,0.0065924842567206396,
4.1446040000000002,8.2803870214970789,-0.98048047009111583,-3.844968952451902,8.3935957548103435,0.075557143975561819,-3.3943991553063877,0.0025705498426123645,0.36660680491441816,0.0058668349370063393,
4.1459970000000004,8.2803870342461661,-0.98395346194414479,-3.8378115154254191,8.5128567378890132,0.054606675966729551,-3.3908353317713544,0.003924598983507166,0.37390777355978111,0.006131329324559784,
4.1474330000000004,8.2803870469952532,-0.98742645379717375,-3.8306540783989362,8.5321340613799617,0.025420995052057901,-3.3961869633861141,0.0059697549030045703,0.37253632596601749,0.0070747524177686531,
4.1477959999999996,8.5344394876386591,-0.9015725799727754,-3.8404731717164835,8.532134073265885,0.022183138922617952,-3.3895141140596565,0.0061122558440715015,0.37253445859044254,0.0070738460602427118,
4.1488690000000004,8.5344395003877462,-0.90504557182580436,-3.8333157346900006,8.6160466365070185,0.044846740979323924,-3.3920200576486139,0.0039057502872408573,0.37817114735237978,0.0077581664358921153,
4.1503100000000002,8.5344395132296675,-0.90853506735262246,-3.8259798516906716,8.6184827336059051,0.073153244837704995,-3.3970798974353746,0.0028731032448824525,0.37659492893395657,0.0074918951087033165,
4.1517210000000002,8.5344395260715888,-0.91202456287944056,-3.8186439686913425,8.6694826818104946,0.082387409662785446,-3.392563701178029,0.0018744262627781105,0.37978863476176933,0.007074895515978139,
4.1517280000000003,8.7716146607932348,-0.85945337352289319,-3.8288178186423125,8.6694826937829657,0.079134167225632268,-3.3857244873994201,0.0020176116933832756,0.37978672082042436,0.0070739848514352922,
4.1531820000000002,8.7716146736351561,-0.86294286904971129,-3.8214819356429834,8.6760209540437003,0.040768147405904766,-3.3718406701167498,0.0039596701063736948,0.37990642815674691,0.0072324688670770028,
4.1546000000000003,8.7716146864770774,-0.86643236457652939,-3.8141460526436544,8.6700871007470539,-0.010444710852281408,-3.3527976689574439,0.006103444170298556,0.37974766590686454,0.0070639025993048787,
4.1556389999999999,8.8888407814989332,-0.81902375896224766,-3.8207325755858963,8.6700871127195249,-0.013697953289434586,-3.3459584551788351,0.0062466296009037209,0.37974575196551957,0.0070629919347620319,
4.156034,8.8888407943408545,-0.82251325448906576,-3.8133966925865672,8.6248065977685897,-0.034091853939247019,-3.3214785728785796,0.0069179671710575784,0.37905299723674551,0.0077293901382243114,
4.157464,8.8888408071827758,-0.82600275001588386,-3.8060608095872381,8.5105213487589815,-0.050110564546279941,-3.3127036276269308,0.0090037787068545077,0.37235460843409968,0.0067310141303668315,
4.1588950000000002,8.8888408200246971,-0.82949224554270196,-3.7987249265879091,8.4427088550877745,-0.016471594566698833,-3.3018187273936768,0.0066177995205612995,0.37110549211266181,0.0080222228298625006,
4.1595820000000003,8.8865577908092366,-0.88309416064915536,-3.7901347738523148,8.4427088670602455,-0.019724837003852011,-3.2949795136150679,0.0067609849511664644,0.37110357817131684,0.0080213121653196547,
4.160342,8.8865578028156591,-0.88637426581477208,-3.7830980199404158,8.3484678080747869,0.00020444178063521931,-3.2920987199859488,0.0056986567017761509,0.36425298715195731,0.0081711475732244333,
4.1617639999999998,8.8865578148220816,-0.8896543709803888,-3.7760612660285169,8.3941883654852454,-0.027217955354890692,-3.2891572690561559,0.0068156068562090395,0.36823301347052401,0.0078743086236500431,
4.1632100000000003,8.8865578268285041,-0.89293447614600552,-3.7690245121166179,8.4118089781883363,-0.04298905211970655,-3.2815170636589057,0.0079234941569098338,0.3668682323338327,0.007849264069197991,
4.1635369999999998,8.8844254963839067,-0.93924343315403658,-3.7082556681565881,8.4118089893818748,-0.046047080777745858,-3.2749567267076021,0.0080580947688474874,0.36686639642288965,0.0078484080499147766,
4.1646219999999996,8.8844255083903292,-0.9425235383196533,-3.7012189142446892,8.527388480032144,-0.031352676554685315,-3.2653897027861558,0.0065467694455973837,0.37454583877318903,0.0069679844126448887,
4.1660779999999997,8.8844255203967517,-0.94580364348527002,-3.6941821603327902,8.5532130268844817,-0.0031071765554155084,-3.2529290378847566,0.0056107597375863339,0.37462627747931498,0.0066789114147151529,
4.1674629999999997,8.9021204920709156,-0.94955580573080722,-3.6617964542424706,8.5532130380780202,-0.0061652052134548163,-3.246368700933453,0.0057453603495239876,0.37462444156837194,0.0066780553954319376,
4.1674920000000002,8.9021205040773381,-0.95283591089642394,-3.6547597003305716,8.5765776028314473,0.031215781424767552,-3.2432892889426022,0.0038061899204595508,0.37650920671159332,0.0056671555840998268,
4.1689480000000003,8.9021205160837606,-0.95611601606204066,-3.6477229464186727,8.5435497382705865,0.055906374027354259,-3.2360188286217686,0.0026319376981682177,0.37529623056362671,0.0071660546746426333,
4.1703570000000001,8.9021205282139615,-0.95939715270726933,-3.6405438483203416,8.5041449261224464,0.060563391296480237,-3.234513924155662,0.0019500217503401031,0.37192571827125986,0.0056264345015632749,
4.1714149999999997,8.9545338250250097,-0.88758485820056421,-3.6103699269899359,8.5041449374313824,0.057504400994208678,-3.2278208803003303,0.0020846717957227531,0.3719238452174024,0.0056255782130855206,
4.1717839999999997,8.9545338371552106,-0.89086599484579287,-3.6031908288916048,8.5456710993115585,0.033739392096973825,-3.2253348430830679,0.0031448920432652861,0.37457311276121363,0.0057528198398741548,
4.1732449999999996,8.9545338492854114,-0.89414713149102154,-3.5960117307932737,8.601290145839366,0.024717979179641879,-3.2239279238911833,0.0040752460483132044,0.37571801625269796,0.0055095946915445582,
4.1746660000000002,8.9545338614156123,-0.89742826813625021,-3.5888326326949427,8.7277066535228958,0.062612391584138782,-3.2169428532396092,0.0017812894587113689,0.38355865555859481,0.0056380841372463695,
4.1753369999999999,9.0034588841955774,-0.83261329084451741,-3.5838190299415311,8.7277066648318318,0.059553401281867223,-3.2102498093842775,0.0019159395040940191,0.38355678250473735,0.0056372278487686152,
4.1760760000000001,9.0034588963257782,-0.83589442748974607,-3.5766399318432001,8.7450017741642867,0.085064054570342065,-3.2005779346496674,0.0019739274297485058,0.38366347253747796,0.0048114975519709348,
4.1775120000000001,9.0034589084559791,-0.83917556413497474,-3.569460833744869,8.7321507522355581,0.10849461591004766,-3.1816324555153659,-0.00036664816458708248,0.38508444371565392,0.0065556373109493006,
4.1789449999999997,9.0034589205861799,-0.8424567007802034,-3.5622817356465379,8.5830520929666694,0.060468871565602475,-3.1651364481760491,0.0023530737225658281,0.3775721002885708,0.0076789351147892428,
4.179265,9.1448451946741685,-0.83979299878354463,-3.5531824224052473,8.5830521042756054,0.057409881263330916,-3.1584434043207175,0.0024877237679484781,0.37757022723471334,0.0076780788263114885,
4.1803869999999996,9.1448452065568144,-0.84303081328507645,-3.5459517503263247,8.4506758054831703,0.022794416633853933,-3.1410403940288711,0.0039797160750909086,0.37198178082598277,0.0066659347348941292,
4.1818160000000004,9.1448452184394604,-0.84626862778660827,-3.5387210782474021,8.3004452179019648,0.0039007282503442826,-3.1218885677422055,0.0048889159712660777,0.36526528165098526,0.0077860392930573282,
4.1832019999999996,8.945753371014348,-0.91255648579825821,-3.530605248769016,8.3004452289801058,0.00088212700582047422,-3.1151474416752696,0.0050217956010844616,0.36526339512758305,0.0077851943104991477,
4.1832440000000002,8.945753382896994,-0.91579430029979003,-3.5233745766900935,8.1816095673002405,-0.031659954239589616,-3.1054114377504671,0.0064955218391905944,0.35924697933801253,0.0074192043171045097,
4.1847159999999999,8.9457533947796399,-0.91903211480132185,-3.5161439046111709,8.1341588908952254,-0.012125912443283707,-3.0901456995514933,0.0059963705453108512,0.35856655529778297,0.0069728803095844109,
4.1861280000000001,8.9457534066622859,-0.92226992930285367,-3.5089132325322483,8.0723730875798285,0.039203054843764323,-3.0812992218329307,0.0028624621559578921,0.35475429819411985,0.0068446740067382378,
4.1871590000000003,8.7597949767724028,-0.98004988124671255,-3.4846722878073129,8.0723730986579696,0.036184453599240517,-3.0745580957659948,0.0029953417857762755,0.35475241167071764,0.0068438290241800573,
4.1875540000000004,8.7597949886550488,-0.98328769574824437,-3.4774416157283903,8.0411845704083955,0.015088973330027823,-3.0678531652718997,0.00391202777749827,0.35519686935232425,0.0070805007519003267,
4.1889770000000004,8.7597950005376948,-0.98652551024977619,-3.4702109436494677,7.9590395584918152,-0.026010601019714009,-3.0654565649661429,0.0057638502103839282,0.34924863535587941,0.0075118048308585707,
4.1904139999999996,8.7597950119355446,-0.9896550193920659,-3.4630761991744454,7.9827403559081525,-0.016329977727264945,-3.0597749672667507,0.0052119835772016501,0.3517295832927908,0.0083495900322892655,
4.1911310000000004,8.6675727617385103,-0.93283764117210222,-3.4605755782450043,7.9827403665343208,-0.01924760632741946,-3.0531232741133989,0.0053404257650937516,0.35172772178405592,0.0083487733145232185,
4.1918519999999999,8.6675727731363601,-0.93596715031439193,-3.453440833769982,7.9999538331840832,-0.023377817407289055,-3.0530068810218376,0.0062901542799131752,0.35025678037438779,0.0072794289286415015,
4.1932809999999998,8.6675727845342099,-0.93909665945668164,-3.4463060892949597,8.1330841842422661,0.018452127935990582,-3.0527451137449897,0.0040607168908801386,0.35767361328043629,0.0067433112024682194,
4.1947200000000002,8.6675727959320596,-0.94222616859897135,-3.4391713448199375,8.231585483944702,0.075199632545852227,-3.051982979714559,0.001727882231526881,0.36202386187531738,0.0076740259954771479,
4.1950260000000004,8.7018626930105132,-0.93925033996295726,-3.4377164590767961,8.2315854945708704,0.072282003945697712,-3.0453312865612072,0.0018563244194189823,0.3620220003665825,0.0076732092777111009,
4.1961250000000003,8.701862704408363,-0.94237984910524697,-3.4305817146017739,8.2960502290142841,0.095893061724057635,-3.0477532401716734,0.00051455755231912328,0.3651578542311848,0.0048133779330746728,
4.1975910000000001,8.7018627158062127,-0.94550935824753668,-3.4234469701267516,8.2962920351804179,0.065326889154061554,-3.0484227746634525,0.0023618175735721997,0.36571716028240975,0.0061494137910175261,
4.1989460000000003,8.7338713511273323,-0.94216722517454821,-3.425305000157278,8.2962920458065863,0.062409260553907039,-3.0417710815101007,0.0024902597614643012,0.36571529877367487,0.0061485970732514791,
4.1990109999999996,8.733871362525182,-0.94529673431683792,-3.4181702556822557,8.2611346856555681,0.057846452836292001,-3.0458323622302834,0.002953857882893401,0.36250163304160488,0.0061302140071836583,
4.200437,8.7338713743975127,-0.94850876182807409,-3.4106920284964941,8.2878800042113934,0.067110016255394103,-3.0492883152404304,0.0022989910386205957,0.36509453746362958,0.0067445457217610947,
4.2018990000000001,8.7338713862698434,-0.95172078933931026,-3.4032138013107325,8.2867841746105473,0.074024403963118712,-3.058075391437038,0.0021585188883696069,0.36261233787006975,0.0058563762787194355,
4.2029009999999998,8.7790094636034688,-0.94640455224983433,-3.3997521840013225,8.2867841856790729,0.071029843824397004,-3.0511034707544011,0.0022903556964102186,0.36261038674106244,0.0058555380258683374,
4.2033110000000002,8.7790094754757995,-0.9496165797610705,-3.3922739568155609,8.3845572128492751,0.093985228028979559,-3.0477908754605125,0.00063384625923487031,0.36999841570426212,0.0063002854266874806,
4.2047610000000004,8.7790094873481301,-0.95282860727230667,-3.3847957296297992,8.3676696645962725,0.068013996606007515,-3.0421029546480716,0.0018125149454434246,0.36698333343610023,0.006032790679375317,
4.2061739999999999,8.7790094992204608,-0.95604063478354284,-3.3773175024440376,8.3795875023965642,0.02884654489220799,-3.0250493571450816,0.0036262711234339409,0.37003380984697476,0.0056813530610792529,
4.2068659999999998,8.8083086852126815,-0.9109119501848657,-3.3749927459163103,8.3795875134650899,0.025851984753486278,-3.0180774364624448,0.003758107931474553,0.37003185871796745,0.0056805148082281548,
4.2075909999999999,8.8083086970850122,-0.91412397769610187,-3.3675145187305486,8.2599330875661714,-0.012798358845178534,-3.0079275238654741,0.0060067817313324938,0.36335349882118673,0.0076350409902400298,
4.2090389999999998,8.8083087089573429,-0.91733600520733805,-3.360036291544787,8.1789539878604582,-0.01670110903115422,-2.9976297454958831,0.006451284073833604,0.35986820412802129,0.0062333061964462378,
4.2104710000000001,8.8083087201282666,-0.92038815337874047,-3.3527757065571215,8.1046516949179885,0.00017898696296165389,-2.9925425520858009,0.0053546463474365294,0.35581332242318586,0.0069993801552436846,
4.2107640000000002,8.9169098085780867,-0.8791772119647262,-3.3456434347899608,8.1046517053325964,-0.0026665183197862258,-2.9857735383361343,0.0054799287901634635,0.35581142806419569,0.0069985836266088239,
4.2119049999999998,8.9169098197490104,-0.88222936013612863,-3.3383828498022954,8.1117067339065834,0.010106020783134986,-2.9845763432219945,0.0056038726877787838,0.35461409565894664,0.0066901700010366921,
4.2133260000000003,8.9169098309199342,-0.88528150830753105,-3.3311222648146299,8.2240505163215971,0.0083513374429693994,-2.9762260387502679,0.0053128779545862084,0.36142377452958296,0.0076074269283017103,
4.2147100000000002,8.8073596968262233,-0.88594381490859531,-3.3311340044925295,8.224050526736205,0.0055058321602215196,-2.9694570250006014,0.0054381603973131425,0.36142188017059279,0.0076066303996668496,
4.2147670000000002,8.8073597079971471,-0.88899596307999773,-3.323873419504864,8.3122613374793719,-0.0015577381945226076,-2.9552577588028504,0.0065896516043329276,0.36305086657456448,0.0060858658078835181,
4.2162009999999999,8.8073597191680708,-0.89204811125140016,-3.3166128345171986,8.4791381582197918,-0.0040276576246848139,-2.9384758876710739,0.0063472652565469056,0.37353778119113523,0.006484445359041217,
4.2176710000000002,8.8073597303389946,-0.89510025942280258,-3.3093522495295331,8.4973246166011407,0.0057691232455874628,-2.9229651467972424,0.0068987798602561622,0.37212603371229008,0.0074112819638546641,
4.2186620000000001,8.6936131252145437,-0.90408014747073384,-3.31031970809688,8.4973246270157485,0.0029236179628395831,-2.9161961330475759,0.0070240623029830963,0.37212413935329991,0.0074104854352198034,
4.2190589999999997,8.6936131363854674,-0.90713229564213627,-3.3030591231092146,8.5502043548261728,0.032895291631758944,-2.9008140591106315,0.0053687855533396138,0.37608338869596847,0.0062617268743260183,
4.2204959999999998,8.6936131474222993,-0.91011636615915825,-3.2958047269992199,8.5231352559502369,0.031578083739571404,-2.8989516827616484,0.0063906548855060408,0.372950289828333,0.0076106262396703301,
4.2219280000000001,8.6936131584591312,-0.91310043667618024,-3.2885503308892252,8.5726805558888639,0.059624313721156876,-2.8905333133723383,0.0046662987643629108,0.37498616105061117,0.0067065933629152294,
4.2226189999999999,8.9126593860626695,-0.91999836724991357,-3.2658593460982908,8.5726805661784571,0.05684227695772659,-2.8837700694880644,0.004788794701776386,0.37498426830126264,0.006705814600712485,
4.2233619999999998,8.9126593970995014,-0.92298243776693556,-3.2586049499882961,8.6567126930143257,0.046377380685819904,-2.8786428166446081,0.0054205070862085453,0.37895209548008346,0.0069332206310476832,
4.2247890000000003,8.9126594081363333,-0.92596650828395755,-3.2513505538783014,8.7594984199372306,0.058398895398061521,-2.8778384427755173,0.0056150364907557541,0.38264482782672121,0.0058432080656725619,
4.2262209999999998,8.9126594191731652,-0.92895057880097953,-3.2440961577683067,8.8667631112470193,0.11925016963332544,-2.8570631023403488,0.002314176652121051,0.38997737860011167,0.0054324057900203273,
4.2265439999999996,8.9546869049530411,-0.90229937603735411,-3.2520268105706203,8.8667631215366125,0.11646813286989516,-2.8502998584560748,0.0024366725895345262,0.38997548585076314,0.0054316270278175829,
4.2276610000000003,8.954686915989873,-0.90528344655437609,-3.2447724144606256,8.8320652160010127,0.10495310521093615,-2.8372591370061992,0.0033020737840074085,0.38642794418834586,0.0059417446964237135,
4.229095,8.9546869270267049,-0.90826751707139808,-3.2375180183506309,8.8155354900272354,0.098706763614646781,-2.8090113998532562,0.0041110491918184989,0.38829793842176735,0.0068173153146769781,
4.230448,8.9715293302346666,-0.87558023573812505,-3.2457077578306044,8.8155355000379512,0.095974732351285189,-2.8022250765074124,0.0042313512034524402,0.38829603919965816,0.0068165505502790465,
4.230524,8.9715293409723689,-0.87851066931533173,-3.2384286062099257,8.6806817787858925,0.046248879493888867,-2.7834423549043223,0.0062792778498083936,0.37916458633027939,0.0069556063548578233,
4.231954,8.9715293517100712,-0.88144110289253841,-3.231149454589247,8.6655076882900772,-0.00085350135201670008,-2.7630948241473359,0.0082051212639901484,0.38015736819861567,0.0067073938841001992,
4.2334019999999999,8.9715293624477734,-0.88437153646974509,-3.2238703029685682,8.6350260549120552,0.0083028080100243373,-2.7472594586021706,0.0076987219693403063,0.37744475982115955,0.0081147864387888478,
4.2343700000000002,9.0278717714823955,-0.85437599780016871,-3.2036859541000959,8.635026064922771,0.0055707767466627485,-2.7404731352563267,0.0078190239809742476,0.37744286059905036,0.0081140216743909171,
4.234826,9.0278717822200978,-0.85730643137737539,-3.1964068024794172,8.6901243378957993,0.026869307041468348,-2.7324315410586135,0.0068005630371630529,0.38098554863283129,0.006615460220764641,
4.2362419999999998,9.0278717929578001,-0.86023686495458207,-3.1891276508587385,8.7057948022229539,0.052002454224014352,-2.7140767657535276,0.0061244093091452718,0.3816443091438893,0.006161065493920816,
4.2376769999999997,9.0278718036955024,-0.86316729853178875,-3.1818484992380598,8.7114378991313899,0.078573420195012622,-2.6926961632573581,0.0043542737885293933,0.38214108750813586,0.0073561783579616357,
4.238321,9.034310676003237,-0.87077989119907373,-3.1677029292386218,8.7114379091421057,0.07584138893165103,-2.6859098399115142,0.0044745758001633346,0.38213918828602667,0.0073554135935637041,
4.239115,9.0343106867409393,-0.87371032477628041,-3.1604237776179431,8.7052673527946194,0.019627846069077977,-2.6681845651264062,0.007828837630992215,0.38190240271803744,0.0082112693842531798,
4.2405540000000004,9.03431069684944,-0.87646540681947627,-3.1534282828905176,8.7152930316041388,-0.030103549503772323,-2.6629811766755216,0.010361670112504058,0.38041877153921683,0.007187059227287981,
4.2420099999999996,9.0343107069579407,-0.87922048886267212,-3.146432788163092,8.8209179514373712,0.00071573516179508634,-2.6586423138564381,0.0086160678640897579,0.38592627946052482,0.0083403542680822503,
4.2422459999999997,9.040321913289123,-0.95642105843659064,-3.1341114710178632,8.8209179608614843,-0.0018528165821116915,-2.652120442674418,0.0087291789374018616,0.38592445423943661,0.0083396352657208305,
4.2434320000000003,9.0403219233976237,-0.9591761404797865,-3.1271159762904377,8.9485076331440663,0.021309574758361156,-2.6630843125682357,0.0078442619596505742,0.39002804115329476,0.0076145556883315752,
4.2448730000000001,9.0403219335061245,-0.96193122252298235,-3.1201204815630121,9.1461924663103709,0.094458350160335755,-2.6615965239692292,0.0044920602118929563,0.40066818734058207,0.006273198108223332,
4.2462119999999999,9.0532408367367339,-1.0298985511611003,-3.1027557867116582,9.1461924757344839,0.091889798416428983,-2.6550746527872091,0.00460517128520506,0.40066636211949386,0.0062724791058619122,
4.246308,9.0532408468452346,-1.0326536332042962,-3.0957602919842326,9.2423302166359083,0.13349991827907809,-2.64938475200446,0.0021794272191050872,0.40476633818200497,0.007556749059225913,
4.2477510000000001,9.0532408569537353,-1.035408715247492,-3.0887647972568071,9.2767113827836862,0.09520249840439117,-2.6391906886944057,0.0042984241178560065,0.40710216639469315,0.0074774774072536325,
4.2491709999999996,9.053240867062236,-1.0381637972906879,-3.0817693025293815,9.2355660119075971,0.065193368515804817,-2.6283179612321788,0.0055188663976085588,0.40439456652375599,0.0077177412995164483,
4.2501090000000001,9.348839424114276,-0.91598629865411374,-3.0858796249645213,9.235566021427875,0.062621931839201977,-2.6216470351941852,0.0056321122236361468,0.40439269958270863,0.0077170214895850107,
4.2505959999999998,9.3488394343259245,-0.91874447513614488,-3.0787242508972623,9.2112701322453692,0.026477166244977882,-2.6274568283079391,0.0072730841266526666,0.40251958251326164,0.0088262092004692799,
4.2520170000000004,9.3488394445375729,-0.92150265161817602,-3.0715688768300033,9.2571381598472353,0.040319341038825493,-2.6325504634720023,0.0068586275548833762,0.40483639091501328,0.0099184313598024501,
4.2534809999999998,9.3488394547492213,-0.92426082810020715,-3.0644135027627444,9.3281585532265616,0.12184458880091453,-2.6329637267895452,0.0026051570665151088,0.40772564083162482,0.0081663149394867515,
4.2541570000000002,9.6253550899181235,-0.94723878344285084,-3.0692990286174089,9.3281585627468395,0.11927315212431169,-2.6262928007515516,0.0027184028925426968,0.40772377389057746,0.0081655951295553138,
4.254899,9.6253551001297719,-0.94999695992488198,-3.0621436545501499,9.3879786345427068,0.14794946640195702,-2.610746618880063,0.0016219408993181925,0.41204961629218773,0.0078535752746003683,
4.2563029999999999,9.6253551103414203,-0.95275513640691312,-3.0549882804828909,9.3344036820707164,0.12140362896018621,-2.5880602040821112,0.0023916977356895426,0.40978854216325072,0.0084959353189635028,
4.257765,9.6253551205530687,-0.95551331288894426,-3.047832906415632,9.230550102196716,0.067743039974696051,-2.5562065071618862,0.0046611218247810202,0.40598480363034944,0.0084810990305073004,
4.2580590000000003,9.6580896449860205,-0.97494921867998796,-3.0547004688882891,9.2305501117169939,0.065171603298093211,-2.5495355811238927,0.0047743676508086082,0.40598293668930208,0.0084803792205758628,
4.2591939999999999,9.6580896551976689,-0.9777073951620191,-3.0475450948210301,9.0566623197031575,-0.0011631369212413006,-2.5237813306945696,0.008296130125191422,0.39826708026988789,0.0092890550962139995,
4.2606190000000002,9.658089664728541,-0.98031600710033517,-3.0406248981052681,8.8840519135589346,-0.019319347391679387,-2.5139483875090383,0.0088545619430213472,0.38955662321278606,0.0082620702986589932,
4.2620240000000003,9.5454971677893496,-1.0267515425702778,-2.9800575243355345,8.8840519224445273,-0.021751345654629682,-2.5074967163559609,0.0089616746647318626,0.38955481761880056,0.0082613895210601231,
4.2620360000000002,9.5454971773202217,-1.029360154508594,-2.9731373276197726,8.7965867227539771,0.0060870330940914624,-2.5032138120958649,0.0072847733477895997,0.38565489110389323,0.0089817705057170898,
4.2634670000000003,9.5454971868510938,-1.0319687664469102,-2.9662171309040106,8.7789802250605486,0.057491108510942524,-2.5059830952245408,0.0046959619676586644,0.38407255223850068,0.0081515355345226932,
4.2649150000000002,9.5454971963819659,-1.0345773783852263,-2.9592969341882487,8.8595958201301741,0.080232880673623358,-2.498772733050167,0.0036583109230996537,0.38912680307834957,0.0077800577659846775,
4.2659760000000002,9.4403627089600199,-0.94311527657117067,-2.9022922811599123,8.8595958290157668,0.077800882410673067,-2.4923210618970897,0.0037654236448101692,0.38912499748436408,0.0077793769883858074,
4.26633,9.440362718490892,-0.94572388850948674,-2.8953720844441504,8.8935210313570447,0.051678457563868962,-2.4832388192941184,0.004995828489326371,0.39030798602119993,0.0075341566424399157,
4.2677560000000003,9.4403627280217641,-0.94833250044780282,-2.8884518877283885,8.9090835988285111,0.025879003231288663,-2.4704032429633696,0.0065419291035997591,0.39218440691064316,0.0071930554914798684,
4.2692019999999999,9.4403627375526362,-0.95094111238611889,-2.8815316910126265,8.8599371156867299,0.010445230663462189,-2.4680614495091295,0.0071243412172235284,0.38912721198056116,0.0077229429510429345,
4.2698549999999997,9.4127936328966388,-0.86904128304656247,-2.9117675741728832,8.8599371245723226,0.0080132324005118966,-2.4616097783560522,0.0072314539389340439,0.38912540638657567,0.0077222621734440644,
4.270645,9.4127936421799561,-0.87157150253437954,-2.904908234754219,8.83716549886217,0.028843543743906391,-2.470953245900942,0.0061635477195468901,0.38807640555263828,0.0070894222369606557,
4.2720520000000004,9.4127936514632733,-0.8741017220221966,-2.8980488953355548,8.847351894361184,0.082383420195609541,-2.4777812020579719,0.003537703855198757,0.38819882132958411,0.0078239418586575037,
4.2735029999999998,9.4127936607465905,-0.87663194151001367,-2.8911895559168905,8.8986646330039019,0.10774583227133927,-2.4900042809982201,0.0018907243701571379,0.39070070326392192,0.0083476373193991441,
4.2738009999999997,9.3652963327515941,-0.89852521387969808,-2.8934438676505536,8.8986646416586996,0.10538691897002769,-2.4836093468548359,0.0019946256640388199,0.39069891354191233,0.0083469770001207682,
4.2749620000000004,9.3652963420349113,-0.90105543336751515,-2.8865845282318894,8.946313355433297,0.089721991737389359,-2.4890195620678135,0.0027957290938559931,0.39308121543075514,0.0079902662273207137,
4.2763989999999996,9.3652963513182286,-0.90358565285533221,-2.8797251888132251,8.9715783697550187,0.079575003693747356,-2.4946583425476612,0.0027320008298173225,0.39491076101974915,0.0087819320176079161,
4.2777640000000003,9.3209305294333706,-0.89068353652311394,-2.8824847093750177,8.9715783784098164,0.077216090392435779,-2.488263408404277,0.0028359021236990046,0.39490897129773955,0.0087812716983295402,
4.277806,9.3209305387166879,-0.893213756010931,-2.8756253699563534,8.948530939520154,0.043826038974983023,-2.499515322027992,0.0046037022480826771,0.39362395027429292,0.0082694666092505212,
4.2792589999999997,9.3209305480000051,-0.89574397549874807,-2.8687660305376892,8.9291937098765857,0.072794708636301178,-2.5113537927573231,0.0026881897181370799,0.3928986522562013,0.0070639457786502236,
4.2806670000000002,9.3209305572833223,-0.89827522646617675,-2.8617540321364743,8.9040650891506115,0.095826055046541889,-2.5247243944076572,0.0015584978821310781,0.39175798137060852,0.0069369206200737476,
4.2816919999999996,9.4119590238074231,-0.88597653092447015,-2.8660995737501742,8.9040650978054092,0.0934661801009984,-2.5181871369179238,0.0016624491325318521,0.39175615180873608,0.0069362600316071089,
4.2820970000000003,9.4119590330907403,-0.88850778189189883,-2.8590875753489593,8.8855647890451763,0.082064477098800936,-2.5220286405512509,0.0023419064795551971,0.39071515783890737,0.0071807169713800486,
4.2835390000000002,9.4119590423740576,-0.89103903285932751,-2.8520755769477444,8.8693572999127142,0.054331602466845402,-2.5121789577964786,0.0031537143730769779,0.39090979327677167,0.0076291775502302,
4.2849640000000004,9.4119590516573748,-0.89357028382675618,-2.8450635785465295,8.8214225581121557,0.005104248372126606,-2.4990915455147293,0.0054069517415540995,0.38848031719954967,0.0078057156280925974,
4.2856059999999996,9.400243664655374,-0.86620605051554644,-2.8723983667116295,8.8214225667669535,0.0027443734265831239,-2.492554288024996,0.0055109029919548731,0.38847848763767723,0.0078050550396259587,
4.2863860000000003,9.4002436739386912,-0.86873730148297512,-2.8653863683104146,8.7554796885441064,-0.027428589985990917,-2.4776085297052841,0.0068275881850842143,0.38740230974316275,0.0097548202390979402,
4.2878480000000003,9.4002436832220084,-0.8712685524504038,-2.8583743699091997,8.5882833793596323,-0.03759423763298745,-2.4707148634097402,0.0074849965391637152,0.37865102892337404,0.010326263844229463,
4.2892590000000004,9.4002436925053257,-0.87379980341783248,-2.8513623715079848,8.4663876124499247,-0.008509100007710213,-2.4679262102382471,0.0061023389310570549,0.37426541073360597,0.0093899115721937498,
4.2895250000000003,9.389307777497562,-0.84705321773593423,-2.8784143823084531,8.4663876211047224,-0.010868974953253695,-2.4613889527485138,0.0062062901814578285,0.37426358117173353,0.0093892509837271119,
4.2906829999999996,9.3893077863063983,-0.84946378558877911,-2.8715808298800849,8.3353812723181466,-0.010100916725116803,-2.4636392744934725,0.0060490531279710873,0.36627889643894163,0.010336386174444276,
4.2921110000000002,9.3893077951152346,-0.85187435344162399,-2.8647472774517166,8.3365566146163665,-0.0070173798969197319,-2.4622227655250293,0.0056714899887554803,0.36721580107157836,0.0095375521787801239,
4.2934609999999997,9.2013518169382458,-0.89633299399945687,-2.8501249633307655,8.3365566228288088,-0.0092647424673091734,-2.4558518724874472,0.0057704930323700067,0.36721401805985643,0.0095369230853642444,
4.293558,9.2013518257470821,-0.89874356185230175,-2.8432914109023972,8.3741962235261127,-0.025716829841302344,-2.4513936316814822,0.0069924093453941714,0.36811058700903282,0.0092742565079813807,
4.2949830000000002,9.2013518345559184,-0.90115412970514663,-2.836457858474029,8.4680741111446114,-0.02960723297002691,-2.4476270645617757,0.0073078420104634931,0.37255481765235249,0.0076388396846051101,
4.2963950000000004,9.2013518433647548,-0.90356469755799151,-2.8296243060456607,8.5562697706976998,-0.010989623142272673,-2.4455401795005223,0.0064616895614343344,0.3769961995732044,0.0076320854686804203,
4.2973980000000003,9.2454940826978174,-0.91101975805433466,-2.8250454143085522,8.5562697789101421,-0.013236985712662117,-2.4391692864629402,0.0065606926050488608,0.37699441656148247,0.0076314563752645417,
4.2978480000000001,9.2454940915066537,-0.91343032590717954,-2.8182118618801839,8.6198857398568283,0.0087101635690971478,-2.4485798258512728,0.0061117986976309919,0.37912499139643252,0.0074410151478928434,
4.2992860000000004,9.24549410031549,-0.91584089376002442,-2.8113783094518157,8.6868466217468132,0.073517076137840087,-2.4479583081757763,0.0029005807172927428,0.38265215359226024,0.0075658824991439019,
4.300745,9.2454941090521228,-0.91819782467305411,-2.8045426940642235,8.7237238768588838,0.092030937679835889,-2.448870825860209,0.0020573183073293961,0.38308857614913239,0.0077323547486792682,
4.3013589999999997,9.2867282671391234,-0.92396417576082557,-2.8010621603785397,8.7237238850040111,0.089833580609515143,-2.4424980095341629,0.0021541262744013442,0.38308679259607886,0.0077317396530566943,
4.3021370000000001,9.2867282758757561,-0.92632110667385525,-2.7942265449909476,8.8037568669340445,0.066022221400050082,-2.4385104166556104,0.0036929626962167051,0.38661585705803564,0.0076235523437926033,
4.3035750000000004,9.2867282846123889,-0.92867803758688494,-2.7873909296033554,8.8928871048713738,0.048892388395506234,-2.4325758275308536,0.004573178145006661,0.39017545920963609,0.0087274345647111121,
4.3050100000000002,9.2867282933490216,-0.93103496849991463,-2.7805553142157633,8.9917254236243167,0.041360741892471298,-2.4301794421080185,0.0052839562819031235,0.39501923857112137,0.0082573499346129623,
4.3052780000000004,9.3853746156519247,-0.84818486249203229,-2.8093079475155651,8.9917254317694439,0.039163384822150552,-2.4238066257819724,0.0053807642489750711,0.39501745501806784,0.0082567348389903893,
4.3064439999999999,9.3853746243885574,-0.85054179340506197,-2.802472332127973,9.0560150244389153,0.070257548624679311,-2.423119876158089,0.0040928409344066028,0.39781443096690744,0.0078038739759594229,
4.3079000000000001,9.3853746331251902,-0.85289872431809166,-2.7956367167403808,9.082832871336155,0.10473409411226012,-2.4182549146597556,0.0024109216748854443,0.39962726192620429,0.0087720679707411764,
4.3092090000000001,9.5525490671667264,-0.85066342969313169,-2.8237262309161801,9.0828328794812823,0.10253673704193937,-2.4118820983337095,0.0025077296419573924,0.39962547837315077,0.0087714528751186033,
4.3093079999999997,9.5525490759033591,-0.85302036060616138,-2.816890615528588,9.050445707233802,0.11840537291170158,-2.4016483139535483,0.0015681649162559792,0.39757130592778117,0.0079727849469546416,
4.3107439999999997,9.55254908444401,-0.85535150452889519,-2.8099745447312734,9.0159737578845753,0.080530779780955491,-2.3814361489306908,0.003268391641816088,0.39666932682417522,0.0078968497427287544,
4.3122340000000001,9.5525490929846608,-0.857682648451629,-2.8030584739339588,8.9395771612219761,0.021554714558525159,-2.3537518636092707,0.005920306444303667,0.39235699495899246,0.0087741189619834209,
4.3131649999999997,9.7086966050064056,-0.85488422703504929,-2.801350886397576,8.9395771691843908,0.019381398594006682,-2.3473040390331215,0.0060160631157972376,0.39235519040123362,0.0087735105960773455,
4.3136169999999998,9.7086966135470565,-0.85721537095778311,-2.7944348156002614,8.898804622835808,-0.034902436080258052,-2.3175223554671938,0.0088548935699856515,0.39167479374139175,0.0078868730414149036,
4.3150269999999997,9.7086966220877073,-0.85954651488051692,-2.7875187448029468,8.8097700106675383,-0.035269062687685565,-2.2900715087283814,0.0088749529685965382,0.38747975030684501,0.007876560912290928,
4.3164720000000001,9.7086966306283582,-0.86187765880325073,-2.7806026740056322,8.7173557082458082,0.0031805750964198076,-2.2663764986411783,0.0063196325157416772,0.38380592360499088,0.0080781512754536707,
4.317145,9.6347106976201253,-0.91599698752608483,-2.7333434411951152,8.7173557162082229,0.0010072591319013301,-2.2599286740650291,0.0064153891872352478,0.38380411904723205,0.0080775429095475953,
4.3179030000000003,9.6347107061607762,-0.91832813144881864,-2.7264273703978006,8.5929658196545304,0.0032978505691886022,-2.2390276163271086,0.0069250666325137693,0.37880853579201007,0.0085568990865969308,
4.3193359999999998,9.634710714701427,-0.92065927537155245,-2.719511299600486,8.4756462045084593,0.019570620864744322,-2.2223696013909007,0.006200347824548362,0.37193835471858289,0.0075931067372932166,
4.3207810000000002,9.6347107228088564,-0.92288211393504438,-2.7127602655410641,8.4515416657536786,-0.0011015102572346849,-2.1981835579117019,0.0073579698771722886,0.37205796239361616,0.0084436049166633775,
4.3210069999999998,9.4630619931746196,-0.88255944701347144,-2.6686661745814737,8.4515416733122031,-0.0031738535773840459,-2.191889596412687,0.0074492856021430411,0.37205620088824898,0.0084430248155468197,
4.322222,9.463062001282049,-0.88478228557696337,-2.6619151405220518,8.4448130805835682,-0.026582999191697876,-2.1838453434825889,0.0084761405684469562,0.36935373235766428,0.0089445821201873388,
4.3236439999999998,9.4630620093894784,-0.88700512414045529,-2.6551641064626299,8.5775134869204113,-0.0067721837088549723,-2.1705407756076371,0.0079705079306286453,0.37708768739107568,0.0086680405007422603,
4.3249690000000003,9.302711176053279,-0.85067821848470693,-2.6180988882948673,8.5775134944789357,-0.0088445270290043333,-2.1642468141086222,0.0080618236555993986,0.3770859258857085,0.0086674603996257024,
4.3250650000000004,9.3027111841607084,-0.85290105704819885,-2.6113478542354454,8.6735984371341885,0.036170282687417919,-2.1610342297619773,0.0061793290475706288,0.38008406350827811,0.0085272348588755955,
4.3264820000000004,9.3027111922681378,-0.85512389561169078,-2.6045968201760235,8.8041691594881222,0.098696873065723015,-2.1549921152801672,0.0027450945296683439,0.38759715518140331,0.0079913270919679119,
4.3279199999999998,9.3027112003755672,-0.8573467341751827,-2.5978457861166016,8.8327803340154176,0.11520697157465105,-2.1495727945696101,0.0025761546597632013,0.38817262623955845,0.0084867447943003244,
4.3288729999999997,9.4166029498166406,-0.8604109077947304,-2.5703352281871266,8.8327803415739421,0.1131346282545017,-2.1432788330705952,0.0026674703847339538,0.38817086473419127,0.0084861646931837665,
4.3294220000000001,9.41660295792407,-0.86263374635822232,-2.5635841941277047,8.8437175454663155,0.12888623068027877,-2.1409762491045283,0.0013122406119923974,0.38886903211109425,0.0087029819997447196,
4.3308309999999999,9.416602966217166,-0.86486277379938536,-2.5566547140954361,8.827795870617404,0.092871102944032724,-2.1377621899747288,0.0035656681791277726,0.38734667334679795,0.0085338988305209366,
4.3322240000000001,9.416602974510262,-0.86709180124054841,-2.5497252340631675,8.8702311164747236,0.079042325279541401,-2.1463173425993807,0.003790856452207724,0.38817621260637791,0.0086453583782003379,
4.3328179999999996,9.4347350649981188,-0.84485842237877173,-2.5241507149262916,8.8702311242063434,0.07696421209399941,-2.1398570166482145,0.0038824345164941471,0.38817440453904006,0.0086447766619447905,
4.3336560000000004,9.4347350732912147,-0.84708744981993478,-2.5172212348940231,8.9830121560797433,0.11126892897918306,-2.1451677884525151,0.0023661649364676183,0.39426497396070398,0.0092786951128892552,
4.3350869999999997,9.4347350815843107,-0.84931647726109782,-2.5102917548617545,9.063485331301969,0.14286727756450207,-2.15775222968057,0.0012360526322348221,0.3966244832396178,0.0076540233674122892,
4.3365299999999998,9.4347350898774067,-0.85154550470226087,-2.5033622748294859,9.1478036679448476,0.17131185227728152,-2.1564381102415253,-0.00085416609843071579,0.40272906256281954,0.0075913173541020534,
4.3367560000000003,9.4516668364458418,-0.83105508992035448,-2.5134114710665645,9.1478036756764673,0.16923373909173953,-2.1499777842903591,-0.00076258803414429289,0.40272725449548169,0.007590735637846506,
4.3379599999999998,9.4516668447389378,-0.83328411736151753,-2.5064819910342959,9.1096125927378271,0.14376499951120525,-2.1456375024196297,0.00058671639065541702,0.39958059878169166,0.0087176496272724831,
4.3394159999999999,9.4516668530320338,-0.83551314480268057,-2.4995525110020274,9.0826872522482347,0.082046830310082045,-2.1364893606565847,0.0035264753014843993,0.3999951706133385,0.007077942116411334,
4.3407179999999999,9.619111480635592,-0.77745742051222566,-2.5407415676484009,9.0826872596721273,0.080016799336144584,-2.1300203799073296,0.003615943085424636,0.39999336010979747,0.0070773738595856445,
4.3408249999999997,9.6191114885986142,-0.77963487397279707,-2.5338028042996257,8.9731036571592675,0.0014355539198237788,-2.1232373155904445,0.0078061659354628898,0.3931753973906969,0.0073836161033769814,
4.3422549999999998,9.6191114965616364,-0.78181232743336848,-2.5268640409508505,8.9487982838987801,-0.0082721091751392153,-2.1168863306594976,0.0078123775377665679,0.39303930774103096,0.0073477594292636521,
4.3436909999999997,9.6191115045246587,-0.78398978089393989,-2.5199252776020753,8.9336642110696083,-0.0035092821223904717,-2.1172598018752571,0.007620035034369959,0.39211641186859575,0.0071859733135830068,
4.3446360000000004,9.7612795770725231,-0.881088136773994,-2.5602113130598037,8.9336642184935009,-0.0055393130963279271,-2.110790821126002,0.0077095028183101957,0.39211460136505472,0.0071854050567573173,
4.3451089999999999,9.7612795850355454,-0.88326559023456541,-2.5532725497110285,8.9483324227938663,0.018508722201058588,-2.1134828569692727,0.0065721214920073153,0.39260224795948517,0.0059770580135679995,
4.3465429999999996,9.7612795929985676,-0.88544304369513682,-2.5463337863622533,8.9589082334040206,0.037955542476721893,-2.1017605509609987,0.0053775962707376035,0.39448485752843898,0.0063693393961879825,
4.3479710000000003,9.7612796009615899,-0.88762049715570823,-2.5393950230134781,8.9083521635865619,0.016912771242861585,-2.0958618585895685,0.0065715734860142408,0.39104895466256617,0.0067350969001358611,
4.3485839999999998,9.6502079633865314,-0.9731035956793177,-2.5302199022903573,8.9083521710104545,0.01488274026892413,-2.0893928778403135,0.0066610412699544775,0.39104714415902514,0.0067345286433101717,
4.3494250000000001,9.6502079713495537,-0.97528104913988911,-2.5232811389415821,8.8815180990770912,-0.027165863597927321,-2.0759925471358125,0.0082263459169588087,0.39105881249068081,0.006189308185523535,
4.3508870000000002,9.6502079787040032,-0.97728933994412059,-2.5167229915695724,8.8432674246800449,-0.052446068191942113,-2.0798116830510671,0.0092461670612141739,0.38701124574021722,0.0066738812631292905,
4.3522850000000002,9.6502079860584526,-0.97929763074835208,-2.5101648441975626,8.9306871633642011,-0.017834388306187769,-2.0801523565199513,0.0073358062744199089,0.39216661671054714,0.0072404567007807478,
4.3525330000000002,9.6239644722249373,-0.94827144422284004,-2.5034750084490467,8.9306871702207253,-0.019706709626062874,-2.0740382224923368,0.0074183314932752074,0.39216490551256805,0.0072399325908609488,
4.3537460000000001,9.6239644795793868,-0.95027973502707153,-2.4969168610770369,9.0140775074663093,0.038200204069014206,-2.0807978629861248,0.0051862699682923199,0.394268842955737,0.0066516481164165487,
4.3551520000000004,9.6239644869338363,-0.95228802583130301,-2.4903587137050271,9.1722621636523218,0.085624870430351024,-2.0864989147579895,0.0030166154615570563,0.40275183602515502,0.0070733350708629848,
4.3564670000000003,9.5970811080459857,-0.87746412532907947,-2.4845372574013815,9.1722621705088461,0.083752549110475916,-2.080384780730375,0.0030991406804123552,0.40275012482717593,0.0070728109609431858,
4.3565829999999997,9.5970811154004352,-0.87947241613331095,-2.4779791100293718,9.2594975751687958,0.13562356124139482,-2.0684677036023804,0.00063611485469159627,0.40661568050273117,0.0080913162213188568,
4.3580019999999999,9.5970811227548847,-0.88148070693754244,-2.471420962657362,9.2911206245169353,0.12136876878296361,-2.0581931273049134,0.00085966763128617063,0.40833076833402493,0.0081543287569897822,
4.3594439999999999,9.5970811301093342,-0.88348899774177392,-2.4648628152853522,9.2515226132937283,0.082967466766027148,-2.0473238467519486,0.0036693495602166857,0.40635960317804887,0.0086632619854832404,
4.3604180000000001,9.7345911991949183,-0.81636654084108673,-2.4893449661373808,9.2515226201983332,0.081105723532705065,-2.0410972003491796,0.0037514165337942471,0.40635786048715383,0.0086627408366317122,
4.3608849999999997,9.7345912066009426,-0.81836348536958803,-2.4826661356507866,9.2103009987568569,0.085788322123444477,-2.0373556153505277,0.0030929756642357341,0.40316733463265564,0.0084143105694291526,
4.3623450000000004,9.7345912140069668,-0.82036042989808933,-2.4759873051641925,9.2496708252172297,0.099243785771530452,-2.0350964480197824,0.0027197202866124539,0.40515334541189402,0.0096684958257953462,
4.3637370000000004,9.734591221412991,-0.82235737442659063,-2.4693084746775984,9.3180174062771979,0.11474525831170461,-2.0409811881372932,0.0017778464543624284,0.40726208419370219,0.0086502914173109992,
4.3644100000000003,9.7268813093899293,-0.85720263972718636,-2.4420184652077395,9.3180174131818028,0.11288351507838253,-2.0347545417345243,0.0018599134279399898,0.40726034150280715,0.008649770268459471,
4.3651799999999996,9.7268813167959536,-0.85919958425568765,-2.4353396347211453,9.4373836841911611,0.13479432020584944,-2.0248755344654041,0.00025697576508247697,0.41450270605022677,0.0079867237640857403,
4.3666130000000001,9.7268813242019778,-0.86119652878418895,-2.4286608042345512,9.4490881044254333,0.12151100050767923,-2.0112568623447515,0.00052613401524093486,0.41476918362357623,0.0079974934184956405,
4.3680320000000004,9.7268813316080021,-0.86319347331269025,-2.4219819737479571,9.4232896503996617,0.058009807386239627,-1.9881151118047846,0.003198444424026739,0.4150371500755623,0.0077577802600793675,
4.3683420000000002,9.7166653991136887,-0.80288266397292452,-2.3967706350452165,9.4232896573042666,0.056148064152917544,-1.9818884654020157,0.0032805113976043005,0.41503540738466727,0.0077572591112278393,
4.3694610000000003,9.7166654065197129,-0.80487960850142581,-2.3900918045586224,9.2987217906409025,-0.011181492109587292,-1.9580637298102546,0.0069981981742309384,0.40857590242299446,0.0085747502369594771,
4.3709699999999998,9.7166654134822004,-0.80678681430369792,-2.3835542867788488,9.1865501022119656,-0.056301631931560125,-1.9394783767719792,0.0084956701922738222,0.40351610525775883,0.0071645209582854629,
4.3722570000000003,9.9104267113290057,-0.75278957006353908,-2.3565973867405483,9.1865501087030648,-0.058079712116690475,-1.9333834756290063,0.0085740572927996486,0.40351439942750328,0.007164023228835254,
4.3723609999999997,9.9104267182914931,-0.75469677586581119,-2.3500598689607748,9.0997020612033381,-0.043026656883687814,-1.9116697386597696,0.0076521578257296536,0.39927010640361676,0.0078915349761796549,
4.3738130000000002,9.9104267252539806,-0.75660398166808329,-2.3435223511810013,9.0641407733491555,-0.038234113382950533,-1.9036727494695438,0.007168591868974253,0.39745432966746258,0.0075929912509634778,
4.3752420000000001,9.9104267322164681,-0.7585111874703554,-2.3369848334012278,9.0762295642616557,-0.040091068713082462,-1.8873700998536345,0.0076708953059180015,0.39877660827847977,0.0072070333079457495,
4.3761919999999996,9.7671915240457103,-0.83378613630802068,-2.2937958809790642,9.0762295707527549,-0.041869148898212812,-1.8812751987106615,0.0077492824064438279,0.39877490244822422,0.0072065355784955406,
4.3766660000000002,9.7671915310081978,-0.83569334211029278,-2.2872583631992907,9.0701238652415803,-0.033649050805660607,-1.8631698223792457,0.0068807492603619467,0.39814826091253924,0.0079162811920996112,
4.3780739999999998,9.7671915379706853,-0.83760054791256489,-2.2807208454195171,9.0730730072815327,-0.063964303520946869,-1.8479243421263423,0.0085014795275439939,0.39931512860985086,0.0074213712890433686,
4.3795109999999999,9.7671915449331728,-0.83950775371483699,-2.2741833276397436,9.0417362737008293,-0.077480800834019259,-1.8402584177513712,0.0098028189729740933,0.3968506134680953,0.0074862515795061447,
4.380153,9.6334099157091018,-0.84662127134292575,-2.2339764762550143,9.0417362797784211,-0.079151176865155951,-1.8343933495798674,0.0098764654895358243,0.39684897195568203,0.0074857839991638144,
4.3809380000000004,9.6334099222280525,-0.84841295142867312,-2.2276854821024683,9.0524134222267296,-0.033588089560184997,-1.8275123984389441,0.0075626589225447662,0.39729122261228189,0.0074906744766104986,
4.3823889999999999,9.6334099287470032,-0.85020463151442049,-2.2213944879499223,9.0955476892574509,0.007330453080697262,-1.8303842050856594,0.0060414007591385391,0.39857658818863406,0.0073145754601756981,
4.3837989999999998,9.6334099352659539,-0.85199631160016787,-2.2151034937973764,9.199975965120915,0.044860055687505798,-1.8298048445519364,0.0047147333739672344,0.40300950170706307,0.0066656092077005662,
4.384074,9.6411491830980314,-0.85770299730232635,-2.1800155887990149,9.1999759711985067,0.0431896796563691,-1.8239397763804326,0.0047883798905289663,0.40300786019464979,0.006665141627358236,
4.3852589999999996,9.6411491896169821,-0.85949467738807372,-2.1737245946464689,9.3257564890544469,0.082053649540325124,-1.8190315261976882,0.002842632840603643,0.40921949629606802,0.0069498458106479026,
4.386673,9.6411491961359328,-0.8612863574738211,-2.167433600493923,9.4200532217516724,0.0915489758248548,-1.8102548008520813,0.0028085842044680617,0.41374344328147183,0.0076141612715930522,
4.3880270000000001,9.7679813497153258,-0.8010503429905611,-2.1781327950990148,9.4200532278292641,0.089878599793718109,-1.8043897326805776,0.0028822307210297935,0.41374180176905856,0.007613693691250722,
4.3880869999999996,9.7679813562342765,-0.80284202307630848,-2.1718418009464688,9.4519727389617341,0.11681903493772554,-1.7897397324112341,0.0016923168392512251,0.41579862457031547,0.0079580151296423096,
4.3895359999999997,9.7679813627532273,-0.80463370316205585,-2.1655508067939229,9.4125741907850351,0.11488090868178638,-1.7883219713879079,0.002355673649175155,0.41324053915681214,0.0077689442817171972,
4.3909700000000003,9.7679813694475293,-0.80644704431965153,-2.1590205093714321,9.3771383566619324,0.11439025511946929,-1.7938139294126565,0.0027304727875589367,0.41139313045377829,0.0076565832227685334,
4.3919550000000003,9.8863765585984478,-0.78471989279774435,-2.1698575396315931,9.3771383629030041,0.11269968455945881,-1.7877257597793081,0.0028050179549074503,0.41139142649686467,0.0076561099894638003,
4.392436,9.8863765652927498,-0.78653323395534003,-2.1633272422091023,9.3833003966097923,0.14150781229669118,-1.7946106467102547,0.00098534482861487179,0.41074511487647275,0.0073644729157402193,
4.3938189999999997,9.8863765719870518,-0.78834657511293571,-2.1567969447866115,9.4687565044214548,0.13059553412770744,-1.8076709018510426,0.0012577106376359881,0.41500017168214776,0.0069195023901493617,
4.395257,9.8863765786813538,-0.79015991627053139,-2.1502666473641208,9.5568171723186808,0.12327411686502991,-1.8046551438095986,0.0014238014964724297,0.41927132968691078,0.0061618603510058328,
4.3958449999999996,9.8832211185227479,-0.77029045113455608,-2.1565440327573628,9.5568171785597524,0.12158354630501943,-1.7985669741762502,0.0014983466638209433,0.41926962572999715,0.0061613871177010997,
4.3966940000000001,9.8832211252170499,-0.77210379229215176,-2.1500137353348721,9.6029303035379634,0.1192390410228269,-1.788776741466729,0.0010842246512920276,0.42282996981397858,0.0069355818614809253,
4.3981260000000004,9.8832211319113519,-0.77391713344974744,-2.1434834379123813,9.550400006650074,0.072733908610569789,-1.7752397049323314,0.0042762227190751897,0.4204262192706702,0.0061115812300079324,
4.3995499999999996,9.8832211386056539,-0.77573047460734312,-2.1369531404898905,9.4421992844840563,0.028744931067981344,-1.7531446492548426,0.0055927739389030002,0.41618440801954959,0.0058717339532216315,
4.3997640000000002,10.055738611640855,-0.77092545680851743,-2.1324761268867376,9.442199290725128,0.027054360507970859,-1.7470564796214942,0.0056673191062515142,0.41618270406263597,0.0058712607199168983,
4.4009869999999998,10.055738618005085,-0.77266246847483777,-2.1260603237011599,9.2722048846912877,-0.029315691430595009,-1.7351409290114761,0.0081781645410179838,0.40791107276083022,0.0071183111831346346,
4.4024229999999998,10.055738624369315,-0.77439948014115811,-2.1196445205155823,9.1423391452534641,-0.049834443033808316,-1.7213267350739543,0.0090936482810007862,0.40190870962936714,0.0058047940196250189,
4.4036970000000002,10.216832044066773,-0.86511205314998685,-2.116035491483701,9.1423391511868086,-0.051453851920644243,-1.7153453079503678,0.0091650637305796031,0.40190703553884183,0.0058043407062684403,
4.4038579999999996,10.216832050431004,-0.86684906481630719,-2.1096196882981233,9.0617898285355771,-0.034832562080625115,-1.7072582753868515,0.0080374624572087609,0.39842632258241711,0.0063400951862716947,
4.4052709999999999,10.216832056795234,-0.86858607648262753,-2.1032038851125456,9.0230418751511152,-0.047540365891196777,-1.7015701131555245,0.0085359073630455681,0.39665528973067082,0.0061604922402320643,
4.4067299999999996,10.216832063159464,-0.87032308814894788,-2.096788081926968,9.0143203380297976,-0.031237421350888861,-1.6912665061649343,0.008072032113499784,0.39738473398391716,0.0057289311925254969,
4.4076370000000002,9.9820218644287575,-0.95029215673933776,-2.0727678079811303,9.0143203439631421,-0.032856830237724788,-1.6852850790413478,0.0081434475630786009,0.39738305989339184,0.0057284778791689183,
4.4081580000000002,9.9820218707929875,-0.9520291684056581,-2.0663520047955526,8.9808492219482634,0.0063779015713997106,-1.6795563768928625,0.0059005777792971777,0.39488984411158129,0.0065271940722082204,
4.4095789999999999,9.9820218771572176,-0.95376618007197844,-2.0599362016099749,8.9802008898402104,-0.017887118765147817,-1.679583147054911,0.0077355645538838115,0.39583195678501421,0.0068374831091744161,
4.4109999999999996,9.9820218829541325,-0.95536084755186623,-2.0538989514419388,8.9706667975584224,-0.0046621350417984393,-1.6875681604039074,0.0071566805952941615,0.39363732195304346,0.0080593783755196057,
4.4115580000000003,9.938106548669289,-0.92239900820735199,-2.0391545302485574,8.9706668029628638,-0.0061488370246061885,-1.6819396567134972,0.007222251174981556,0.39363574663139222,0.0080589622101720042,
4.4124350000000003,9.9381065544662039,-0.92399367568723978,-2.0331172800805213,9.0494497091941675,0.04220850898480101,-1.6833331486506407,0.0042918583304862078,0.39771370770495162,0.0072280441744140035,
4.4138809999999999,9.9381065602631189,-0.92558834316712757,-2.0270800299124851,9.1427309727563184,0.060194027523261487,-1.6971620572229797,0.0042324276921799865,0.40089212072861224,0.0072388254893496502,
4.4153169999999999,9.9381065660600338,-0.92718301064701536,-2.021042779744449,9.2935775128370306,0.10334603810853787,-1.7052537107168471,0.00192847517703577,0.40822942188679578,0.0069108501941850991,
4.4154970000000002,9.8970951322728542,-0.92830234063034933,-2.0077376881007192,9.2935775182414719,0.10185933612573013,-1.6996252070264368,0.001994045756723164,0.40822784656514455,0.0069104340288374975,
4.4167379999999996,9.8970951380697691,-0.92989700811023712,-2.001700437932683,9.4153109956403309,0.14493359568828329,-1.7070656555957837,5.1418812179537289e-05,0.41371796223659663,0.0075883521362929869,
4.4181869999999996,9.8970951438666841,-0.93149167559012491,-1.9956631877646469,9.5087973521690188,0.15892913877596454,-1.7216013110200803,-0.00082921558892375049,0.41745627155129383,0.0071909894822105675,
4.4194259999999996,10.020150015614544,-0.86328553712917955,-2.0138013922846913,9.5087973575734601,0.15744243679315678,-1.7159728073296701,-0.00076364500923635633,0.4174546962296426,0.007190573316862966,
4.4196059999999999,10.020150021411458,-0.86488020460906734,-2.0077641421166552,9.5787697660504332,0.18017427771250644,-1.7182672236592458,-0.0018131064957125137,0.4205778513311208,0.0072293716145855934,
4.4210500000000001,10.020150027259948,-0.86645939989477794,-2.0016309643447188,9.6228736581606675,0.14770109830723713,-1.7340577753264035,-6.7395521558218964e-05,0.42132851965108142,0.0073245041491985033,
4.4224639999999997,10.020150033108438,-0.86803859518048854,-1.9954977865727823,9.7297369867505452,0.14729424139179417,-1.7372857628806202,0.00020285613098178245,0.42646137882101631,0.0059287714349002324,
4.4233580000000003,10.16614845029031,-0.81715972720030727,-2.017119558983274,9.7297369922030672,0.14582196407246759,-1.7315678262766259,0.0002677983499245522,0.42645977846696742,0.0059283593073739512,
4.4238999999999997,10.166148456138799,-0.81873892248601787,-2.0109863812113375,9.8207324663302042,0.15393544685665692,-1.7338850221499413,-0.00066245258405159073,0.43024293158703547,0.0061099425869757399,
4.4253280000000004,10.166148461987289,-0.82031811777172847,-2.0048532034394011,9.9023143607759696,0.1121160900855116,-1.7405950266953976,0.0014974850184979157,0.43469053829915111,0.0065041621718021012,
4.426768,10.166148467835779,-0.82189731305743907,-1.9987200256674647,9.9314658101692928,0.11441043991341682,-1.7320347933587961,0.0010339280676672882,0.43646277927898686,0.0084275966301452856,
4.4272830000000001,10.30246079570569,-0.77324858359496484,-2.0201981682397054,9.9314658156218147,0.11293816259409022,-1.7263168567548017,0.0010988702866100578,0.43646117892493796,0.0084271845026190045,
4.4282029999999999,10.302460801554179,-0.77482777888067544,-2.014064990467769,9.8895422684544876,0.10284764264805192,-1.7171950019866549,0.0010507639982429773,0.43492911987865446,0.0085702916749727433,
4.4296249999999997,10.302460807402669,-0.77640697416638604,-2.0079318126958325,9.7919823008292841,0.026229346509228993,-1.7038339696439202,0.0049559801773356458,0.43068768810224406,0.0073778416495832375,
4.4310900000000002,10.302460812993289,-0.77793253251228134,-2.001853303343323,9.6698860230589183,-0.039196275833287109,-1.6870974801377152,0.0070201938612280551,0.42494722559153769,0.0070647412649233266,
4.4312149999999999,10.447673808649828,-0.80300796439257272,-2.0046717855033958,9.6698860282710299,-0.040618547652545009,-1.6814305106780214,0.0070829381267206361,0.42494563949391295,0.0070643431351997662,
4.4325359999999998,10.447673814240447,-0.80453352273846801,-1.9985932761508864,9.5740188927323722,-0.08079274602570749,-1.6653619509737123,0.0084636037145407531,0.42050280501043713,0.0067438693079844743,
4.4339690000000003,10.447673819831067,-0.8060590810843633,-1.9925147667983771,9.51527544489762,-0.097332396786928371,-1.6489926763510405,0.0097895511968901228,0.41853677085599494,0.0056550455538581746,
4.4351440000000002,10.284878242417665,-0.90810681952439565,-1.9846187812977536,9.5152754501097316,-0.098754668606186272,-1.6433257068913467,0.0098522954623827038,0.4185351847583702,0.0056546474241346142,
4.4353829999999999,10.284878248008285,-0.90963237787029094,-1.9785402719452443,9.444858323822702,-0.064039209017234172,-1.6250879349530087,0.0080276259806247412,0.41609519410813811,0.0057920037562863517,
4.436795,10.284878253598905,-0.91115793621618624,-1.972461762592735,9.340995518606551,-0.063200312963109503,-1.6070910842592321,0.0079362868621252747,0.41219588277340424,0.0069859412929157054,
4.4382289999999998,10.284878259189524,-0.91268349456208153,-1.9663832532402257,9.2047047668082858,-0.056138754131953197,-1.5877678677294271,0.0080043267695383211,0.40635999744014345,0.0069347923267537616,
4.4390790000000004,10.132855408516075,-1.0027718800970578,-1.9327676692458449,9.2047047720203974,-0.057561025951211098,-1.5821008982697333,0.0080670710350309021,0.40635841134251871,0.0069343941970302012,
4.4396750000000003,10.132855414106695,-1.004297438442953,-1.9266891598933356,9.064125106453421,-0.036665353098539605,-1.5648470370266487,0.0066542950026242569,0.39961574490286761,0.0080492016721855943,
4.4410869999999996,10.132855419295037,-1.0057198488276655,-1.9208808981991254,8.9703423303557877,-0.06347943985060614,-1.5571323731441542,0.0088875688085135671,0.39525794501669581,0.0086078422652797262,
4.4425230000000004,10.132855424483379,-1.007142259212378,-1.9150726365049153,8.9435667134466801,-0.012030433124093048,-1.5497019262963261,0.0065097890600715989,0.39354800583071409,0.007461823735200916,
4.4430249999999996,9.9727803567256306,-0.98217752644315326,-1.8767180177998795,8.9435667182837513,-0.013356540520142218,-1.5442869076254393,0.0065682981187967157,0.39354649024395022,0.0074614525243239926,
4.4439590000000004,9.9727803619139728,-0.98359993682786573,-1.8709097561056693,8.9841669203557668,0.054450221106347292,-1.5399662499247335,0.0034155686602841619,0.39561053126540774,0.0071662887580232065,
4.4453959999999997,9.972780367102315,-0.9850223472125782,-1.8651014944114592,9.0438137302014407,0.071724166267508119,-1.5460347128666596,0.0030050687843818365,0.39844834018023451,0.0071636935091852283,
4.4468120000000004,9.9727803722906572,-0.98644475759729067,-1.8592932327172491,9.1115505681977371,0.11756117783788395,-1.5481789826164158,0.00082090295232324162,0.40152912974077637,0.0065604168209827526,
4.4470000000000001,9.9384890174797142,-0.89806798658810438,-1.8233697096705503,9.1115505730348083,0.11623507044183477,-1.5427639639455291,0.00087941201104835807,0.4015276141540125,0.0065600456101058292,
4.4482480000000004,9.9384890226680564,-0.89949039697281685,-1.8175614479763402,9.1606981419618325,0.1395731468759292,-1.5476568535835968,-3.3736918416990601e-05,0.40345022410794734,0.0066123476675417278,
4.4496909999999996,9.9384890278563986,-0.90091280735752932,-1.8117531862821301,9.2079440586433297,0.13492648378234134,-1.5581943237789055,0.00037974761683154856,0.40518229004810657,0.0067416535759548448,
4.4509069999999999,9.9064869990882141,-0.82220448214455666,-1.8193368070328741,9.2079440634611665,0.1336234558478622,-1.5527321845406465,0.00043724607808563059,0.40518076127027353,0.0067412888255972648,
4.4511529999999997,9.9064870042559274,-0.82360213701858531,-1.8134780028376842,9.2700780415234618,0.14573724549227812,-1.5615754030445963,-0.00029380557671753317,0.40738888827965669,0.0074744489087571319,
4.452604,9.9064870094236408,-0.82499979189261397,-1.8076191986424943,9.3594625048480165,0.15378483161603324,-1.5725172888460732,-0.00094735228950944359,0.41138081495177403,0.0068439397815289425,
4.4539910000000003,9.9064870145913542,-0.82639744676664262,-1.8017603944473044,9.4483734203814578,0.13465590055273935,-1.5812524405255464,0.00025130795410218342,0.41521262630293126,0.0063255551957950842,
4.4548350000000001,9.9788011215481909,-0.80126872713721986,-1.8251053449544481,9.4483734251992946,0.1333528726182602,-1.5757903012872874,0.00030880641535626545,0.41521109752509822,0.0063251904454375042,
4.4554210000000003,9.9788011267159042,-0.80266638201124851,-1.8192465407592582,9.5232456729995274,0.12616854910565276,-1.5810558278651379,9.78880604454765e-05,0.41878144438740089,0.0062597012574760226,
4.456855,9.9788011318836176,-0.80406403688527717,-1.8133877365640683,9.5546382879575464,0.086049975713374166,-1.5869077490164332,0.0019476994052494655,0.42087775768895119,0.0067848580655026289,
4.458291,9.978801137051331,-0.80546169175930582,-1.8075289323688783,9.5248797865344699,0.052983827859691086,-1.5970159508034294,0.0032511838730047015,0.41895793453927072,0.0064065744311277819,
4.4587459999999997,10.121651503914135,-0.81200472641127197,-1.8306139860307336,9.5248797913523067,0.051680799925211934,-1.5915538115651704,0.0033086823342587837,0.41895640576143767,0.0064062096807702019,
4.4597100000000003,10.121651509081849,-0.81340238128530062,-1.8247551818355436,9.48551518131028,0.039769171298605507,-1.5893860380514471,0.0029062231853210531,0.41770046735796551,0.006399038814735936,
4.4611640000000001,10.121651514156728,-0.81478765840398704,-1.8187911667199472,9.4164397164950167,-0.02149414881263912,-1.5936258376424657,0.0059302697762704526,0.41397560204647005,0.0068259509068282435,
4.462612,10.121651519231607,-0.81617293552267345,-1.8128271516043508,9.3928776060696375,-0.051180171367685198,-1.5870609783373808,0.0071639310812250338,0.41293703686181177,0.0056320287646095205,
4.4626960000000002,10.255080657390405,-0.82150465560289143,-1.8323311099083592,9.3928776108009266,-0.05247165957137908,-1.5815007513874488,0.0072209282975679474,0.41293548062297664,0.0056316672445157964,
4.4640199999999997,10.255080662465284,-0.82288993272157784,-1.8263670947927628,9.3797152338271772,-0.074763425611597545,-1.5668117710758949,0.0079034397396527314,0.41294075516154788,0.005840674212412052,
4.465484,10.255080667540163,-0.82427520984026426,-1.8204030796771664,9.3413754905686481,-0.10240813253788934,-1.552339386329608,0.0095475184632100828,0.41190713409654672,0.0064205897019388005,
4.466615,10.171185130820362,-0.89807425530397755,-1.8301270107600394,9.3413754952999373,-0.10369962074158322,-1.546779159379676,0.0096045156795529964,0.41190557785771159,0.0064202281818450764,
4.4668749999999999,10.171185135895241,-0.89945953242266397,-1.824162995644443,9.2573833616573076,-0.096910985705697353,-1.5237244519101401,0.0090024670400363216,0.4089671002614671,0.0056169105551783644,
4.4683330000000003,10.17118514097012,-0.90084480954135038,-1.8181989805288465,9.1130535114852407,-0.084360070612336469,-1.503237864997822,0.0084908589425645321,0.40249705018706222,0.0065514340112554871,
4.4697519999999997,10.171185146045,-0.90223008666003679,-1.8122349654132501,8.9533689204145883,-0.067134389474879985,-1.4898441087664478,0.0079563927546237347,0.39525901624207327,0.0070479532034469945,
4.4705490000000001,10.037792081412551,-0.89862545959032969,-1.8225399694347626,8.9533689248381521,-0.068343176274614378,-1.4845012134129676,0.0080097476575775907,0.39525752082627663,0.0070476148335605737,
4.471171,10.037792086157356,-0.89992202946239896,-1.8168090687114395,8.8230576976272754,-0.055123183652780156,-1.4795192021759658,0.0079035887099628173,0.38818061536193627,0.0068250136761372118,
4.4726119999999998,10.037792090902162,-0.90121859933446824,-1.8110781679881165,8.7954604826347254,-0.025960850566608712,-1.480329947995547,0.0066597922395895837,0.38703639247597804,0.0068850578565837119,
4.4740659999999997,10.037792095646967,-0.90251516920653752,-1.8053472672647934,8.8392643963791286,0.037835726177138151,-1.4794838078939621,0.0036720532147987727,0.3888430245245344,0.0071092831562703032,
4.4745419999999996,9.9131152031549554,-0.89887078710482848,-1.7659810048520703,8.8392644008026924,0.036626939377403758,-1.4741409125404819,0.0037254081177526283,0.38884152910873776,0.0071089447863838823,
4.475479,9.9131152078997609,-0.90016735697689776,-1.7602501041287473,8.9262303356538215,0.10416213192971505,-1.4713391523807775,0.00027900142228034271,0.39363867944673869,0.0069574183946401755,
4.4769139999999998,9.9131152126445663,-0.90146392684896703,-1.7545192034054242,8.9775378512047013,0.14148694780135179,-1.4702648638387898,-0.0011401391138317861,0.39646295827044542,0.0065273024758369033,
4.4783400000000002,9.9131152173893717,-0.90276049672103631,-1.7487883026821012,8.976594836552966,0.15076512066637268,-1.4688204943838019,-0.0015627141491968161,0.39620159520017489,0.0063162572981469885,
4.4784730000000001,9.8549936275088541,-0.8455059047123592,-1.7511737881229184,8.9765948409765297,0.14955633386663827,-1.4634775990303217,-0.0015093592462429605,0.39620009978437826,0.0063159189282605676,
4.4797719999999996,9.8549936322536595,-0.84680247458442848,-1.7454428873995953,8.9533024721024628,0.14649350486235893,-1.4666474083374996,-0.0015094185049599452,0.39467492308771601,0.0070290392083400613,
4.4812190000000003,9.8549936369056326,-0.84806087971086008,-1.7397326162685089,8.9612789166582481,0.13890537061522099,-1.4771782363438526,-0.00080908947470955035,0.3938984337460375,0.0076856810430324394,
4.4823899999999997,9.7910610088606767,-0.81552256148970126,-1.742533016505232,8.9612789209952641,0.13773216465207377,-1.4718545738750142,-0.0007572975737274452,0.39389694371020673,0.0076853526331164337,
4.4826439999999996,9.7910610135126497,-0.81678096661613286,-1.7368227453741456,9.04533887573937,0.1668000253946047,-1.4845075075073229,-0.0022871536130495275,0.3975087515753854,0.0071585624855692578,
4.4840739999999997,9.7910610181646227,-0.81803937174256447,-1.7311124742430593,9.1589431997571129,0.20567854441276184,-1.4953779573254959,-0.0039694053414700628,0.40227558543054415,0.0071900147105691129,
4.4855049999999999,9.7910610228165957,-0.81929777686899607,-1.7254022031119729,9.2822350208116529,0.21827896974141414,-1.4987776167349027,-0.0047062885580286175,0.40873827231957555,0.0064530774586823861,
4.4863270000000002,9.7719992256555184,-0.7899906499712559,-1.7272562434528491,9.2822350251486689,0.21710576377826693,-1.4934539542660643,-0.004654496657046512,0.40873678228374477,0.0064527490487663805,
4.4869349999999999,9.7719992303074914,-0.7912490550976875,-1.7215459723217628,9.3330765830018816,0.17634870307139416,-1.4929540895905429,-0.0032854704691690361,0.41147815626122902,0.0065979120120571834,
4.4883740000000003,9.7719992349594644,-0.79250746022411911,-1.7158357011906764,9.3050186765277054,0.10735748383589046,-1.4886370586797066,-0.00020707500582652864,0.41000272579517449,0.0065013057091815336,
4.4898220000000002,9.7719992396114375,-0.79376586535055071,-1.7101254300595901,9.2407494900499074,0.040191606870578947,-1.4860610931785008,0.0024920449198728642,0.40719193367552248,0.0064252387650983438,
4.4902430000000004,9.9722339040726879,-0.73398993120473077,-1.7290207910003423,9.2407494943869235,0.039018400907431743,-1.4807374307096624,0.0025438368208549693,0.4071904436396917,0.0064249103551823382,
4.491231,9.9722339087762357,-0.73526484000495163,-1.7230691536400879,9.1732941346387733,0.002900396392435646,-1.4841948493808319,0.0046285468887428153,0.40308101621483072,0.0060782562556768458,
4.4926640000000004,9.9722339134797835,-0.73653974880517248,-1.7171175162798336,9.1704367113007681,-0.0015804395696685772,-1.4863292844695573,0.0047776414009546575,0.40316411664192586,0.0044400633502007774,
4.4941019999999998,9.9722339181833313,-0.73781465760539333,-1.7111658789195792,9.1849182480410683,-0.0026272602975406269,-1.48547206580034,0.004075240685424978,0.40431809561790794,0.0044403760913018335,
4.4942019999999996,10.12975116886151,-0.82506503849711355,-1.7297914418051052,9.1849182524261668,-0.0038158525684012339,-1.4799233785811929,0.0041277202666974017,0.40431654259413452,0.0044400433743710145,
4.4955160000000003,10.129751173565058,-0.8263399472973344,-1.7238398044448509,9.1642069479609631,-0.042415677778480987,-1.4700130595130032,0.0056589011812063616,0.40423131926804207,0.0042779467928703331,
4.4969530000000004,10.129751178268606,-0.82761485609755525,-1.7178881670845965,9.0834868361025354,-0.085961057444862599,-1.4539259540651517,0.0078380601621098282,0.40089587036091712,0.0037446438084288236,
4.4980969999999996,10.03305912890221,-0.90469129099588341,-1.7250847872690214,9.0834868404876339,-0.087149649715723213,-1.4483772668460047,0.0078905397433822518,0.4008943173371437,0.0037443110914980047,
4.4983940000000002,10.033059133605757,-0.90596619979610427,-1.719133149908767,8.9629495519340434,-0.10931510435407232,-1.4273361455436171,0.0094751344149594154,0.39585966035508952,0.0048321212470211206,
4.4998259999999997,10.033059138309305,-0.90724110859632512,-1.7131815125485126,8.8210549812934307,-0.12114414004673879,-1.4158343929551409,0.010215099017632293,0.38910339470501104,0.0055902534105303128,
4.5012650000000001,10.033059142754983,-0.90846238045673089,-1.7073123935572045,8.7128596102838483,-0.092900842838849973,-1.4091214800809453,0.0090650973822361397,0.383736191444081,0.0057712031614620303,
4.5020360000000004,9.9164235309890554,-0.96406262737262061,-1.6678260403371605,8.7128596144285346,-0.094039429609642067,-1.4036497244003654,0.009115377597758283,0.38373465994481482,0.0057708844423339321,
4.5026859999999997,9.916423535434733,-0.96528389923302638,-1.6619569213458525,8.6745567699085395,-0.024250002789870287,-1.399098785738027,0.0052425485806559874,0.38180292728662024,0.0059753858772898672,
4.5041169999999999,9.9164235398804106,-0.96650517109343215,-1.6560878023545444,8.6842341158099892,0.0026223929556550944,-1.3941175945525621,0.0041494362900276315,0.38254275525310333,0.0064129323971375309,
4.5055909999999999,9.9164235443260882,-0.96772644295383792,-1.6502186833632364,8.7146034494408884,0.02498827898984261,-1.3870631883517524,0.0033796425075293037,0.38410650866909496,0.0064336492227810701,
4.5059610000000001,9.8260878086713621,-0.86474240679654546,-1.6132367795723195,8.7146034535855748,0.023849692219050523,-1.3815914326711725,0.003429922723051447,0.38410497716982878,0.0064333305036529719,
4.5070230000000002,9.8260878131170397,-0.86596367865695123,-1.6073676605810114,8.7430252581636214,0.044184263033252999,-1.3770978733192387,0.0029544714614565897,0.38549824896727736,0.0062813969947065279,
4.5084160000000004,9.8260878175627173,-0.867184950517357,-1.6014985415897034,8.7665016328094403,0.071769796531378272,-1.3794424640457863,0.0023815024198301292,0.38617365942234005,0.0058298086290072297,
4.5098750000000001,9.8260878220083949,-0.86840622237776277,-1.5956294225983954,8.8003914972032362,0.13404366585123245,-1.3854997534695188,-0.00059384150262367002,0.38745792065243201,0.0065601214306347123,
4.5098849999999997,9.7417455230557159,-0.77658620126404732,-1.5968227696435511,8.8003915013479226,0.13290507908044036,-1.3800279977889389,-0.00054356128710152682,0.38745638915316583,0.006559802711506614,
4.5113219999999998,9.7417455272435234,-0.77772598623511857,-1.591183670605681,8.8556392499474441,0.17089953898302709,-1.3949315682545216,-0.0019473522394405679,0.38909073833760432,0.006999801415666247,
4.5127410000000001,9.7417455314313308,-0.77886577120618983,-1.5855445715678109,8.9525983413034034,0.18433934764523724,-1.4054392341713005,-0.0025896034540310031,0.39292386918225808,0.0057487096866537532,
4.5138480000000003,9.7772179155623338,-0.73354769252058072,-1.6126985578201951,8.9525983452076794,0.18327673076878009,-1.400181925154476,-0.0025426698898198849,0.39292239770142068,0.0057484122334114591,
4.5141590000000003,9.7772179197501412,-0.73468747749165197,-1.607059458782325,9.0839764707343154,0.16690417381543388,-1.4088756139229224,-0.0023004770554793941,0.39849285024771247,0.0059241628361927602,
4.5155839999999996,9.7772179239379486,-0.73582726246272323,-1.601420359744455,9.2347569693103981,0.12129480275637512,-1.419227653976485,0.00018157273451015546,0.40536597929466844,0.0063933881279807474,
4.5170199999999996,9.7772179281257561,-0.73696704743379449,-1.5957812607065849,9.359482089667031,0.10743621111739732,-1.429020801508786,0.00038196005387903359,0.41142051768470195,0.0052889791990529305,
4.5177889999999996,9.8103430929466207,-0.7749349643625596,-1.6224889155929012,9.359482093571307,0.10637359424094017,-1.4237634924919615,0.00042889361809015183,0.41141904620386455,0.0052886817458106363,
4.5184600000000001,9.8103430971344281,-0.77607474933363085,-1.6168498165550311,9.4244800741847019,0.11758581519132019,-1.431739454058377,-0.00013698320732483625,0.4135889314553331,0.0046088205254551486,
4.519876,9.8103431013222355,-0.77721453430470211,-1.6112107175171611,9.4708124061317829,0.10663391758402715,-1.4417463622812854,-0.00010002847619033515,0.41587932936949662,0.0052151704302470505,
4.5213159999999997,9.8103431055203583,-0.77834709891849052,-1.6054406205685885,9.4879679985368153,0.062684464953792846,-1.4483896777593466,0.0020546903011131536,0.41554665630624477,0.0057207706690426199,
4.521674,10.018239555015086,-0.8116165367552628,-1.6183631990997163,9.4879680024507067,0.061628579586960414,-1.4430102399250471,0.002101335003209674,0.41554515063892017,0.0057204751001176399,
4.5227469999999999,10.018239559213209,-0.81274910136905121,-1.6125931021511437,9.5607739483605716,-0.00408457379343867,-1.4483910206077144,0.0048367540153472759,0.41844218067860822,0.0046723864787112292,
4.5241790000000002,10.018239563411331,-0.81388166598283962,-1.6068230052025712,9.6667131982941008,-0.058229497739059832,-1.444764741605528,0.0075673449141303584,0.42315449581625247,0.0056153950892394947,
4.5256119999999997,10.079475693848147,-0.85984004272337444,-1.6326968691229824,9.6667132022079922,-0.059285383105892264,-1.4393853037712285,0.0076139896162268784,0.42315299014892788,0.0056150995203145147,
4.52562,10.07947569804627,-0.86097260733716285,-1.6269267721744098,9.7664338942817821,-0.075999717567767189,-1.4324057814206888,0.0082429030999499123,0.42819863547626558,0.0050374933033178766,
4.5270450000000002,10.079475702244393,-0.86210517195095127,-1.6211566752258373,9.809952171652089,-0.083095972026214604,-1.428496443492359,0.009215418584856085,0.43051212440032433,0.00399705321794334,
4.5284820000000003,10.079475706442516,-0.86323773656473968,-1.6153865782772647,9.7907033008182545,-0.065120908662365057,-1.4193213863237404,0.007797322555040672,0.42960898436504347,0.0045157066450402022,
4.5295310000000004,10.136646292489162,-0.8781119628055678,-1.640881197466693,9.7907033047321459,-0.066176794029197489,-1.4139419484894409,0.007843967257137192,0.42960747869771887,0.0045154110761152222,
4.5299459999999998,10.136646296687285,-0.87924452741935621,-1.6351111005181205,9.7403628534779401,-0.06757752493455374,-1.3985620091404669,0.0074016106546323929,0.42782206690439784,0.0054138036655137734,
4.5313970000000001,10.136646300575963,-0.88030488846031663,-1.6295472994919138,9.6587963458771107,-0.12492612815908408,-1.3868175550336856,0.010772791699763171,0.42310485537355208,0.0052529574122625608,
4.5328010000000001,10.136646304464641,-0.88136524950127704,-1.6239834984657071,9.6307303041003465,-0.11118881897525752,-1.3603891474589025,0.01009843848727441,0.42222288443649397,0.0055895828887191495,
4.5334560000000002,10.257424937347601,-0.89414054457048897,-1.616252334602605,9.6307303077257451,-0.11217738924584388,-1.3552020384710206,0.010142117676330682,0.42222143259415734,0.0055893061629882276,
4.5342279999999997,10.257424941236279,-0.89520090561144938,-1.6106885335763983,9.6148943717077575,-0.076245942927991139,-1.3313999079259486,0.0087012766348994307,0.42162907212537198,0.0070195064037613195,
4.5356639999999997,10.257424945124956,-0.89626126665240979,-1.6051247325501916,9.6016213243365307,-0.025750280136576036,-1.3090179465780567,0.0071870306069230375,0.42184326912710057,0.006786258103417599,
4.5371069999999998,10.257424949013634,-0.89732162769337021,-1.5995609315239849,9.5390711751873951,0.045710590267952801,-1.2868996114466256,0.0035967606290126667,0.41970727621149434,0.006673619972234604,
4.5374109999999996,10.215096205064818,-0.9088511524056998,-1.5502966036949637,9.5390711788127938,0.044722019997366448,-1.2817125024587437,0.0036404398180689391,0.41970582436915771,0.006673343246503682,
4.5385,10.215096208953495,-0.90991151344666021,-1.544732802668757,9.4385484407045119,0.086760020561808621,-1.2661644014812927,0.001893191684368878,0.41527302439566299,0.0068729318502882856,
4.539949,10.215096212842173,-0.91097187448762063,-1.5391690016425503,9.3292958086997437,0.09614967686716952,-1.2491780961477776,0.0015485188900332065,0.41026392339140083,0.0064350738016794879,
4.5413690000000004,10.175554957173818,-0.90797571396180576,-1.4928419936007797,9.3292958119981826,0.095244769644774907,-1.2442862119391467,0.0015885093137778571,0.41026255417550767,0.0064348204953451772,
4.5413940000000004,10.175554960711793,-0.90894633627653698,-1.4875948568154047,9.2633354969361452,0.11060173778497515,-1.2333215877744426,0.0011512569798432727,0.40620972647760806,0.0058814485035134064,
4.5428040000000003,10.175554964249768,-0.9099169585912682,-1.4823477200300297,9.2887495903134667,0.13697172619165188,-1.2265763432274155,0.00033818869642750378,0.40735267562253658,0.005329168033649077,
4.5442260000000001,10.175554967787743,-0.91088758090599942,-1.4771005832446547,9.361230844898536,0.17369146647374054,-1.223229223691878,-0.0014293292808884191,0.41031856415320278,0.0049577204958599196,
4.5452620000000001,10.020812328676151,-0.83908133552362973,-1.4514511162705279,9.3612308481969748,0.17278655925134592,-1.2183373394832471,-0.0013893388571437685,0.41031719493730962,0.0049574671895256089,
4.5456599999999998,10.020812332214126,-0.84005195783836095,-1.4462039794851529,9.4706229657334404,0.22190580001028473,-1.2116867096032304,-0.0040932544283765089,0.4164198103508947,0.0052606436972220914,
4.5470940000000004,10.020812335752101,-0.84102258015309217,-1.4409568426997779,9.5223405751073447,0.19649947592259265,-1.2068717561691782,-0.0032707249847420653,0.41906052191053528,0.0051373562538722375,
4.54854,10.020812339290076,-0.84199320246782339,-1.4357097059144028,9.523114130600268,0.1652280859759587,-1.1977392271149894,-0.0016109512122778158,0.41894332703552284,0.0049815428617995547,
4.5491929999999998,10.165618603705028,-0.76285953336166346,-1.4009620530320206,9.5231141338987069,0.16432317875356409,-1.1928473429063584,-0.0015709607885331651,0.41894195781962967,0.004981289555465244,
4.549963,10.165618607243003,-0.76383015567639467,-1.3957149162466456,9.499014244576875,0.12974000729884769,-1.1876645653140836,-0.00039460173916438233,0.41741869599273396,0.0061547707721851946,
4.5513890000000004,10.16561861071909,-0.76476467620471189,-1.3905131645641911,9.5040335660001336,0.07465567633895076,-1.1942335521442584,0.0028033920886018329,0.41639221711741109,0.0065255274283038756,
4.5528230000000001,10.165618614195177,-0.76569919673302911,-1.3853114128817365,9.5813224129416952,0.075941557133545251,-1.2039655853742153,0.0022782464439206548,0.41983021141955951,0.0060291447167306316,
4.5531560000000004,10.300905615413631,-0.69665069109085298,-1.3796731253771433,9.5813224161824362,0.075070307459273677,-1.1991160135117962,0.002316757040360203,0.41982885404541698,0.0060289008319886423,
4.5542680000000004,10.300905618889718,-0.6975852116191702,-1.3744713736946887,9.6912439066771778,0.078597275087670948,-1.2058846192544233,0.0017481312387029829,0.42436733135327831,0.0062187949990319116,
4.5556950000000001,10.300905622365805,-0.69851973214748742,-1.3692696220122342,9.8173275189763896,0.0643231439228764,-1.2095326046211652,0.0023519445531491423,0.43100514384456595,0.0057364677923618743,
4.5570490000000001,10.276012877382621,-0.77471366631368843,-1.378182119409491,9.8173275222171306,0.063451894248604826,-1.2046830327587461,0.0023904551495886905,0.43100378647042342,0.005736223907619885,
4.5571450000000002,10.276012880858708,-0.77564818684200565,-1.3729803677270365,9.8734571662333384,0.034679054439912482,-1.2001247914306519,0.0033463849176261686,0.43388048457976935,0.0052264667981056882,
4.5585750000000003,10.276012884334795,-0.77658270737032287,-1.367778616044582,9.8554246143084647,-0.023364076689712403,-1.1943554747286327,0.0063336207140382485,0.43347643796555846,0.0056855777568694966,
4.5600019999999999,10.276012887810882,-0.77751722789864008,-1.3625768643621274,9.7763847374319948,-0.071495202031663707,-1.19504683626191,0.0083684983868237833,0.42937769437074802,0.0055909860154153565,
4.5609960000000003,10.417266064383341,-0.81071530959860327,-1.3550043824774221,9.7763847406054207,-0.072356835263614513,-1.1901020616205142,0.0084065920114744595,0.42937631034401247,0.0055907448225596531,
4.5614689999999998,10.417266067787224,-0.81163951533080236,-1.3497005143133964,9.7108522508940425,-0.090210854778540711,-1.1952861626610225,0.009258304635064463,0.42574188533796548,0.0049808935042773379,
4.5628869999999999,10.417266071191108,-0.81256372106300145,-1.3443966461493708,9.7190521317999998,-0.060368454339332758,-1.2036717102479626,0.0077936717875708656,0.42594488075917092,0.0050533973239230484,
4.5642940000000003,10.417266074594991,-0.81348792679520054,-1.3390927779853452,9.7576029418613661,-0.022846589338543055,-1.2104061547051801,0.0060309636441788113,0.42806534984393096,0.0054390998055874095,
4.5649100000000002,10.54912760705745,-0.84263451813258228,-1.3325493678807334,9.7576029450347921,-0.023708222570493865,-1.2054613800637843,0.0060690572688294874,0.42806396581719541,0.0054388586127317061,
4.5657240000000003,10.549127610461333,-0.84355872386478137,-1.3272454997167078,9.7904096295299965,0.018211555039093018,-1.2000376691982113,0.0044042903596388135,0.43002992222462672,0.0044501922661731074,
4.5671549999999996,10.549127613865217,-0.84448292959698046,-1.3219416315526822,9.7808403722305428,0.038433365895623357,-1.1836816214420036,0.0035112927036971765,0.43062376099445282,0.0048809229172832687,
4.5686099999999996,10.5491276172691,-0.84540713532917955,-1.3166377633886566,9.6964588326636889,0.023097808058851053,-1.1671243131251239,0.0042430078012087157,0.42695205576511713,0.0062955842960521948,
4.5688409999999999,10.535710581134564,-0.83414092869272483,-1.3381440435794458,9.6964588358371149,0.022236174826900244,-1.1621795384837281,0.0042811014258593919,0.42695067173838158,0.0062953431031964914,
4.5700180000000001,10.535710584538448,-0.83506513442492392,-1.3328401754154202,9.577761168291989,0.012759587786256172,-1.1431649299035269,0.0050590611507188958,0.4217513337492535,0.0058018538694514007,
4.5714490000000003,10.53571058770509,-0.8359357032173077,-1.3276951551116163,9.4490621288213301,0.058434766281851416,-1.1291149208014213,0.0027458604619267522,0.41542981823230368,0.0058156114756479299,
4.5728119999999999,10.400494230430093,-0.85124103678557139,-1.3687169106019985,9.4490621317735783,0.057623138549969297,-1.124318239371767,0.0027817508500787187,0.41542847565085106,0.0058153842805939004,
4.5728920000000004,10.400494233596735,-0.85211160557795518,-1.3635718902981946,9.3698716053466367,0.10934497980217525,-1.1153405425098852,0.00036674114644014632,0.41179349377079094,0.0059714142540216487,
4.5743220000000004,10.400494236763377,-0.85298217437033896,-1.3584268699943907,9.3299633298395257,0.13726034217586028,-1.1115083687215883,-0.00042112972598686038,0.4105145451826317,0.0062645008469098748,
4.575736,10.400494239930019,-0.85385274316272275,-1.3532818496905867,9.303077771844448,0.17846630943008246,-1.0962977829013074,-0.0029916406756083196,0.40969449034408129,0.0067898198609734322,
4.5767410000000002,10.274248910383941,-0.86714205404943012,-1.3125794030051714,9.3030777747966962,0.17765468169820034,-1.0915011014716531,-0.002955750287456353,0.40969314776262866,0.0067895926659194026,
4.5772139999999997,10.274248913550583,-0.86801262284181391,-1.3074343827013675,9.2570561757752774,0.1632246171593385,-1.0767926850609273,-0.0020137825285704682,0.40873551702871558,0.0061348398663123929,
4.5786259999999999,10.274248916717225,-0.86888319163419769,-1.3022893623975635,9.1569735793702041,0.10891458731219592,-1.0660191318937917,0.0008163885383651562,0.4035050075254924,0.0062816561211985538,
4.5800400000000003,10.274248919883867,-0.86975376042658148,-1.2971443420937596,9.0791569364474434,0.096673082856198259,-1.0548874707491263,0.00080561180656044085,0.4005632171189592,0.006474195071211452,
4.5806579999999997,10.207959744279584,-0.79701158835025232,-1.282947500036095,9.0791569391785139,0.095922038710937685,-1.0503061976274597,0.00083883093145009256,0.40056193482596791,0.006473984835029983,
4.5814750000000002,10.207959747208987,-0.79781717392709084,-1.2780335311653408,9.0236170581095863,0.079749131992605263,-1.0525384239269302,0.0018953760877478375,0.39694056662174509,0.005741975240819935,
4.5829259999999996,10.207959750138389,-0.79862275950392936,-1.2731195622945866,9.0427921862968432,0.080583377619451488,-1.0534902170618374,0.0018649100671649529,0.39797050549362084,0.0047335001159979169,
4.5843600000000002,10.207959753067792,-0.79942834508076788,-1.2682055934238323,9.0823687832062454,0.071271580426199382,-1.0543490162310474,0.0020000295528629446,0.39953595017773758,0.0049558256557377129,
4.5846419999999997,10.066939023251004,-0.82633150386148801,-1.2552721548716048,9.0823687859373159,0.070520536280938809,-1.0497677431093808,0.0020332486777525963,0.39953466788474629,0.0049556154195562439,
4.585788,10.066939026180407,-0.82713708943832653,-1.2503581860008506,9.1543112835207605,0.03626611954792025,-1.0522420789910267,0.003702458360028612,0.40322179564752908,0.0049766452803993748,
4.5871950000000004,10.066939029109809,-0.82794267501516505,-1.2454442171300963,9.1925108176199117,0.0018281925092847109,-1.0517761804958674,0.0049886154822872527,0.40527218644203455,0.0047359518220938465,
4.5886100000000001,9.9352060345682371,-0.85165414927466954,-1.2484196729249293,9.1925108203509822,0.0010771483640241344,-1.0471949073742008,0.0050218346071769044,0.40527090414904327,0.0047357415859123776,
4.5886469999999999,9.9352060374976396,-0.85245973485150806,-1.243505704054175,9.1950526022265286,-0.050137291452828442,-1.0546824975001998,0.0070448704536344043,0.40468525997647731,0.004902735642622098,
4.5900840000000001,9.9352060404270421,-0.85326532042834657,-1.2385917351834208,9.2181850033553534,-0.079037455362506573,-1.0658834209248653,0.0084273972227942116,0.4055685936265791,0.0056556583864286478,
4.59152,9.9352060433770735,-0.85406059120906697,-1.2335839016679901,9.269394908362667,-0.054398197597319703,-1.0758744526325883,0.0072068848077091394,0.40679389621041678,0.0056823451010874952,
4.5925050000000001,10.014844688762622,-0.89901746871931443,-1.2273280014727628,9.2693949111129701,-0.055139625300259509,-1.0712056698858017,0.0072396865423506301,0.40679258942213792,0.0056821375567876042,
4.5929419999999999,10.014844691712653,-0.89981273950003482,-1.2223201679573321,9.3752684892713187,-0.047488748319803605,-1.0828449097581661,0.007000385834562345,0.41167907087133487,0.0053126336896729765,
4.5943649999999998,10.014844694662685,-0.90060801028075521,-1.2173123344419015,9.4743897705560887,-0.05923724316435585,-1.0974637178844562,0.0077772556235600728,0.415709371170015,0.0055483456253477923,
4.5957990000000004,10.014844697612716,-0.9014032810614756,-1.2123045009264708,9.5851198293226911,-0.033469919383994323,-1.1010049863848106,0.0065125068308648443,0.42138381512817452,0.0053967659772741674,
4.5964320000000001,10.157602742156348,-0.88237739148936434,-1.2069813189961607,9.5851198320729942,-0.03421134708693413,-1.096336203638024,0.006545308565506335,0.42138250833989566,0.0053965584329742763,
4.5972609999999996,10.157602745106379,-0.88317266227008473,-1.20197348548073,9.63248959140663,-0.028042638324878081,-1.1010105944234054,0.0067653674396658857,0.42348684346490317,0.0059432766200726095,
4.5986599999999997,10.15760274805641,-0.88396793305080512,-1.1969656519652994,9.6299190710303435,-0.010310291276338271,-1.1035016821048842,0.0059432751335912228,0.42360900344292152,0.0062801577791225605,
4.6000909999999999,10.157602751006442,-0.88476320383152551,-1.1919578184498687,9.5924929978012496,0.024750377117999649,-1.1045417808560491,0.0045121253550651887,0.42132714724899084,0.0061970951093538963,
4.6003540000000003,10.290873404915182,-0.86759320970188825,-1.2274994618255162,9.5924930004553879,0.024029143943933802,-1.0998595350900133,0.0045440413065430197,0.42132583668785478,0.0061968932180127452,
4.6015499999999996,10.290873407762065,-0.8683668194107601,-1.2224771875955198,9.5725078639820982,0.051647451382535944,-1.1017095251888605,0.0035097858975229965,0.41960073329150044,0.0057297797106724427,
4.6029790000000004,10.290873410608949,-0.86914042911963196,-1.2174549133655235,9.6133867283139818,0.080192321048024318,-1.0957691190224517,0.001739902154433525,0.42201616944859138,0.0064354680912255147,
4.6042940000000003,10.299481003215583,-0.85049338255792628,-1.2309950493670163,9.61338673096812,0.079471087873958471,-1.0910868732564158,0.0017718181059113564,0.42201485888745532,0.0064352661998843637,
4.604406,10.299481006062466,-0.85126699226679814,-1.22597277513702,9.6430345475069235,0.078642406354864039,-1.0847966317591899,0.0022500221594797371,0.4232528592049884,0.0067634613304150435,
4.6058300000000001,10.29948100890935,-0.85204060197567,-1.2209505009070236,9.6646798440248602,0.097143211699411383,-1.0712473431723815,0.0015645701113933459,0.42510443557399963,0.0056824530655119766,
4.6072709999999999,10.299481011756233,-0.85281421168454186,-1.2159282266770273,9.6312874586600028,0.13107021496258681,-1.0509992704328412,-0.00019447584343723233,0.42371049941453692,0.0055165609388967314,
4.6082590000000003,10.270524617518351,-0.82898705161032005,-1.229541422735313,9.631287461314141,0.13034898178852097,-1.0463170246668054,-0.00016255989195940095,0.42370918885340086,0.0055163590475555803,
4.6087369999999996,10.270524620365235,-0.82976066131919191,-1.2245191485053166,9.5657312822483878,0.13039672291443882,-1.0288004003478768,-3.5790077096010424e-05,0.42118330969435924,0.006126889826951136,
4.6101609999999997,10.270524623212118,-0.83053427102806376,-1.2194968742753203,9.4703368100628822,0.11468488012595965,-1.0093391188449534,0.00081597359720785847,0.41651039841608106,0.0059851079808666873,
4.6115620000000002,10.27052462586302,-0.83125836971556777,-1.214637573823993,9.4047908436101277,0.11247374640500793,-0.98586042272440255,0.00088930001395558787,0.41287115176670636,0.0048056059113497293,
4.6121359999999996,10.32472754572248,-0.80984602600605526,-1.1878443516495121,9.4047908460815535,0.11179867215408229,-0.98133011674703663,0.00091918137979410148,0.4128698837292949,0.0048054169410551113,
4.6129920000000002,10.324727548373382,-0.81057012469355927,-1.1829850511981848,9.3966848979737243,0.097534797159922484,-0.95855791203387308,0.0012827528817786953,0.41293243161959725,0.0052152871277230898,
4.6144319999999999,10.324727551024283,-0.81129422338106327,-1.1781257507468574,9.3997999792167963,0.050130468315947994,-0.93682711207053226,0.0036616151443933506,0.41320690788131431,0.0062875496861606308,
4.6158640000000002,10.324727553675185,-0.81201832206856728,-1.1732664502955301,9.4060663595933338,0.044782528855307473,-0.91429846750653088,0.0039370716558451832,0.41408534198791935,0.0060961161015429576,
4.6160969999999999,10.200164175188378,-0.82637727759484081,-1.1464950766429183,9.4060663620647595,0.044107454604381841,-0.90976816152916495,0.003966953021683697,0.41408407395050789,0.0060959271312483396,
4.6173159999999998,10.20016417783928,-0.82710137628234481,-1.141635776191591,9.3682971208427084,0.045615587352401961,-0.89003431735587113,0.0038849225263332529,0.41252914624573311,0.0062945361153152416,
4.6187250000000004,10.200164180490182,-0.82782547496984882,-1.1367764757402636,9.3074272704957632,0.028011396881284716,-0.87539727661601596,0.0044871550920990398,0.40979787328515521,0.0067826180251224066,
4.62005,10.091757373199185,-0.82507221080404691,-1.1116001581503752,9.307427272967189,0.027336322630359084,-0.87086697063865004,0.0045170364579375536,0.40979660524774375,0.0067824290548277886,
4.6202009999999998,10.091757375623162,-0.82573545219445321,-1.1069966646427816,9.250566954561485,0.0067784596639565431,-0.86304986861121291,0.0053935128019638621,0.40667980307198204,0.0071372314327864577,
4.6216330000000001,10.09175737804714,-0.82639869358485951,-1.102393171135188,9.2404417429041281,0.006785493764806313,-0.85733191395268749,0.0052673227173836469,0.40576684226012999,0.0063374731987134673,
4.6230460000000004,10.091757380471117,-0.82706193497526581,-1.0977896776275944,9.2795406713082897,0.00080174745497669196,-0.85021301360076762,0.005215336480150717,0.40724292359077613,0.0053670305103620339,
4.6239889999999999,10.071812113239114,-0.82434038981626101,-1.0597632869739062,9.2795406735681532,0.00018341021374411806,-0.84592119539295951,0.0052427141874380858,0.40724172230276645,0.0053668574221864031,
4.6244719999999999,10.071812115663091,-0.82500363120666731,-1.0551597934663126,9.349520450992868,-0.0096829799564668497,-0.84573556015334228,0.0060466754873434456,0.41056673252235271,0.0056758001143815927,
4.6259170000000003,10.071812118087069,-0.82566687259707361,-1.050556299958719,9.4230217122405637,0.018827724936753307,-0.83634194882094737,0.0045822401810774929,0.41455610210570787,0.0057897088687625968,
4.6273759999999999,10.071812120511046,-0.82633011398747991,-1.0459528064511254,9.4363715579985534,0.04751196798906307,-0.83365033197732263,0.0034277554015813365,0.41535511286467192,0.0052118782908472565,
4.6278829999999997,10.113167072103797,-0.83256717586249285,-1.0314101726235165,9.4363715602584168,0.046893630747830498,-0.82935851376951453,0.0034551331088687053,0.41535391157666224,0.0052117052026716256,
4.6287710000000004,10.113167074527775,-0.83323041725289915,-1.0268066791159229,9.4042044967243807,0.057650473191835055,-0.83147459679158697,0.0032538489751169188,0.41344346745119648,0.0054256973523758968,
4.6302139999999996,10.113167076993012,-0.83389469012291717,-1.022048463666555,9.3739066397845203,0.083306285168206151,-0.83463740508321738,0.0019488653492713505,0.41197150313094721,0.0058865947045337007,
4.6316259999999998,10.113167079458249,-0.83455896299293519,-1.0172902482171871,9.367825163176061,0.088896676411216749,-0.84182725019691451,0.0020649039270808191,0.41061886468987935,0.0057281303491696555,
4.6318060000000001,10.168754668039179,-0.81487164241054333,-1.0038563960856708,9.3678251654743914,0.088277377525752099,-0.83739118535429313,0.0020923316955021097,0.4106176230253189,0.0057279569918036706,
4.6330600000000004,10.168754670504416,-0.81553591528056135,-0.99909818063630274,9.4235721193763435,0.1013678814186716,-0.84067939997079077,0.0015405778825632278,0.4136970698788367,0.0057391674404223183,
4.634493,10.168754672969653,-0.81620018815057938,-0.99433996518693468,9.4831337470464643,0.11215224314993412,-0.84887346831194299,0.0013058658475841379,0.41568927246624349,0.0061074668526678762,
4.6357270000000002,10.139447379773863,-0.79857662066192392,-0.99901391065350087,9.4831337493447947,0.11153294426446947,-0.84443740346932161,0.0013332936160054285,0.41568803080168304,0.0061072934953018913,
4.6359050000000002,10.1394473822391,-0.79924089353194194,-0.99425569520413282,9.5680493783922937,0.13561154016949878,-0.85324717358722479,0.00041370406230061745,0.42026729789779371,0.0056563226993532681,
4.6373480000000002,10.139447384704336,-0.79990516640195997,-0.98949747975476476,9.6049895059178034,0.15807144183864272,-0.8589214207277539,-0.00070604643307999114,0.42210420043410124,0.0061267178613673258,
4.6387840000000002,10.139447387169573,-0.80056943927197799,-0.98473926430539671,9.6050931251074729,0.16575003162399859,-0.86502344372960249,-0.0014131941727738679,0.42207315350342722,0.0068278414572308056,
4.639659,10.248957314349543,-0.77905235916666049,-1.0095582591619949,9.6050931274058033,0.16513073273853393,-0.86058737888698111,-0.0013857664043525773,0.42207191183886678,0.0068276680998648207,
4.6402279999999996,10.248957316742576,-0.77970219132211294,-1.0047371234563054,9.5736893349696626,0.14132393319339792,-0.86358481166510714,-0.00049693008989499783,0.42068275962888552,0.006739607606031814,
4.641642,10.248957319135609,-0.78035202347756538,-0.99991598775061574,9.5320884976784832,0.10323368448725229,-0.86542884816157151,0.0013986478817971297,0.41804337334009817,0.0059745277533011423,
4.6431050000000003,10.248957321528643,-0.78100185563301783,-0.99509485204492609,9.5426398030075372,0.074572035146658999,-0.86356270216807896,0.0024996428226799925,0.41852148599047589,0.0059913044952023022,
4.6435779999999998,10.351198236828454,-0.81569399506952223,-1.019396385144399,9.5426398052385526,0.073966199280443595,-0.85906797702730031,0.0025264827715417528,0.41852022790247639,0.0059911349064756519,
4.6445160000000003,10.351198239221487,-0.81634382722497467,-1.0145752494387095,9.5812372971650852,0.046982615364682324,-0.85800623648322483,0.004319623856918896,0.42017506135971178,0.0064550749101533085,
4.6459440000000001,10.351198241614521,-0.81699365938042712,-1.0097541137330199,9.6355321980211848,0.048708325251460294,-0.86011427288069819,0.003992996855016492,0.42329136164507847,0.0064040366604768036,
4.6473620000000002,10.351198244007554,-0.81764349153587956,-1.0049329780273304,9.6486830532173133,0.052385424390341502,-0.85954990558616851,0.0039140931169903016,0.42367979550441548,0.0058232599386458849,
4.6474960000000003,10.305698507019907,-0.84821798714562102,-1.0185205426119353,9.6486830554483287,0.051779588524126105,-0.85505518044538986,0.0039409330658520623,0.42367853741641598,0.0058230903499192346,
4.6488100000000001,10.30569850941294,-0.84886781930107347,-1.0136994069062457,9.6509758793081737,0.03262763289905507,-0.85577614575120298,0.0044520766784890637,0.42357803946156386,0.0066893084833992266,
4.6502559999999997,10.305698511537788,-0.84945266824098042,-1.009204218757894,9.6601848076995047,-0.00040694863856308855,-0.84810919154969633,0.0060793582333913592,0.42382017889684115,0.0079082597315134149,
4.6514490000000004,10.375334354425263,-0.8368903668878297,-1.0223968087279207,9.6601848096804925,-0.00095220091815677473,-0.84391834598625737,0.006103522106708976,0.42381900586135668,0.0079081071016608943,
4.6516989999999998,10.375334356550111,-0.83747521582773665,-1.017901620579569,9.689215028928567,-0.0397307405264644,-0.83343897128422217,0.008104465525619841,0.42492602591156764,0.0063553049185595869,
4.6531169999999999,10.375334358674959,-0.83806006476764361,-1.0134064324312173,9.7198014792236016,-0.058867779338170688,-0.82324572820414543,0.0090629653492733525,0.42645476336204302,0.0056845947286129376,
4.6545389999999998,10.375334360799807,-0.83864491370755057,-1.0089112442828656,9.7420597559699917,-0.037550952962383158,-0.80916292142073853,0.0081066381439251108,0.42784484772861386,0.0053675387278812802,
4.6553630000000004,10.44034171656293,-0.88321033071049582,-1.0221134931658833,9.7420597579509796,-0.038096205241976842,-0.80497207585729957,0.0081308020172427276,0.42784367469312939,0.0053673860980287596,
4.6559689999999998,10.440341718687778,-0.88379517965040277,-1.0176183050175316,9.7293599393845369,-0.012143248913750179,-0.79308704444086775,0.0066211574448922948,0.4279625336861495,0.0056558017069230125,
4.6574090000000004,10.440341720812626,-0.88438002859030973,-1.0131231168691799,9.658266540567416,-0.007320443342415074,-0.78180210230669978,0.006908061653377184,0.42487952129984718,0.0059414845528538238,
4.6588430000000001,10.440341722937474,-0.88496487753021669,-1.0086279287208282,9.5600390608764663,0.022173569065297424,-0.76064120520861933,0.0051158513335853089,0.42051446015373095,0.0061918753251549311,
4.659287,10.503106263498809,-0.92432902994298705,-0.98481400256221141,9.5600390628574541,0.02162831678570374,-0.75645035964518037,0.0051400152069029257,0.42051328711824648,0.0061917226953024105,
4.6602779999999999,10.50310626547925,-0.92487365117803277,-0.98048488263136435,9.46076037004811,0.014855949016879148,-0.74184869412405796,0.0058372319471512047,0.41545513810434304,0.006969737331576918,
4.6617249999999997,10.503106267459691,-0.9254182724130785,-0.97615576270051729,9.4263003750889727,0.0050282731169447384,-0.72713106655154147,0.0067253684798716865,0.41395566573965714,0.0068438623069384547,
4.6631689999999999,10.503106269440131,-0.92596289364812423,-0.97182664276967023,9.4216668608355008,0.047686554167080737,-0.7099795091737453,0.0045255630238715035,0.41425610353271813,0.0074680382054663841,
4.6632680000000004,10.358943014604128,-0.88752904479872663,-0.94924864939752862,9.4216668626818585,0.047178806012538398,-0.70594348833167253,0.004548072089827891,0.41425497383063381,0.0074678960739634195,
4.6645700000000003,10.358943016584568,-0.88807366603377236,-0.94491952946668156,9.4102142171509033,0.075223106253515276,-0.69667417059756331,0.0032242697021665247,0.41376543290216206,0.0066156808948810543,
4.6659930000000003,10.358943018565009,-0.88861828726881809,-0.9405904095358345,9.3985354782392978,0.10313546217909229,-0.68587237792302824,0.0023706451079807968,0.41399164025065815,0.0055066386804228469,
4.6671849999999999,10.224369415757586,-0.82642256583328633,-0.9193841629226811,9.3985354800856555,0.10262771402454995,-0.68183635708095547,0.0023931541739371843,0.41399051054857383,0.0055064965489198823,
4.667427,10.224369417738027,-0.82696718706833205,-0.91505504299183404,9.3377914224927565,0.12087656736813866,-0.67696798614361164,0.0013045434029128294,0.4109625054126938,0.0071899930014640021,
4.6688660000000004,10.224369419718467,-0.82751180830337778,-0.91072592306098699,9.2817491975846451,0.11432915882736387,-0.66882986481091933,0.0017356784256329384,0.40873059156217328,0.0071653377869076969,
4.6703080000000003,10.224369421657649,-0.82803579994618715,-0.90640711792625817,9.2377121696146158,0.10518538009924669,-0.66436048263395509,0.0019760001394247247,0.40569654010295886,0.0067334216364644045,
4.6710890000000003,10.218816369813418,-0.77266808246340601,-0.8918532143246648,9.2377121714225066,0.10469686482934588,-0.6603340782342032,0.0019976643818618591,0.40569541309106855,0.0067332848887287789,
4.6717230000000001,10.218816371752599,-0.77319207410621538,-0.88753440918993598,9.2571248897937934,0.087634783306797831,-0.65644742298744774,0.0030177314261487058,0.40631116343596446,0.0065836916501341176,
4.673165,10.21881637369178,-0.77371606574902474,-0.88321560405520716,9.326548895650971,0.071781082297096899,-0.65503251083788117,0.0038560878714550577,0.40942559593288463,0.0065132037439772769,
4.6745929999999998,10.218816375630961,-0.7742400573918341,-0.87889679892047834,9.4235873397191465,0.079467465733697507,-0.65698161041505854,0.0033369094672621724,0.41364366339451292,0.0068260200643945621,
4.6750230000000004,10.163038009081385,-0.79453518506817145,-0.87887065509904161,9.4235873415270373,0.078978950463796702,-0.65295520601530666,0.0033585737096993068,0.41364253638262261,0.0068258833166589365,
4.6760289999999998,10.163038011020566,-0.79505917671098081,-0.87455184996431279,9.5171480969857072,0.07237409815339288,-0.65938531887245166,0.0039997397649744991,0.41852488082936556,0.0065027676235035643,
4.677486,10.163038012959747,-0.79558316835379017,-0.87023304482958397,9.5615287401903739,0.060362254466216528,-0.66752254852889048,0.0043922906501324254,0.41978781974768903,0.0063561625006932762,
4.6788999999999996,10.163038014898929,-0.79610715999659953,-0.86591423969485515,9.6038296726035899,0.045004121257060395,-0.67210532499007558,0.004786707523458297,0.42177196425692776,0.0072113451165734064,
4.6789699999999996,10.110938845295538,-0.81287979177098246,-0.86645764323854846,9.6038296744114806,0.04451560598715959,-0.6680789205903237,0.0048083717658954318,0.42177083724503744,0.0072112083688377808,
4.68032,10.110938847234719,-0.81340378341379183,-0.86213883810381964,9.6419596932078342,0.013886953160688789,-0.67776494951388333,0.0062996424141145129,0.42249205351907898,0.0074966566127562476,
4.6817650000000004,10.110938849112012,-0.81390714546436438,-0.85785097735744575,9.7235669806482132,-0.0015995001158978853,-0.68428450439290811,0.0071202354461877152,0.42601083854136951,0.0054620381900422378,
4.6828950000000003,10.236309651210544,-0.82865966126592117,-0.86947841557970906,9.7235669823984061,-0.0020687825011566274,-0.68028694932011891,0.0071410538189573512,0.42600971960259415,0.0054619068260749991,
4.6831969999999998,10.236309653087837,-0.82916302331649372,-0.86519055483333518,9.8143797734820737,-0.0042681323700419615,-0.68836210169863832,0.0069833253062121748,0.4299554665307983,0.0052759828686815011,
4.6846329999999998,10.23630965496513,-0.82966638536706627,-0.8609026940869613,9.9106345700732152,-0.0009396873352074636,-0.6949345137739158,0.0069982217079236448,0.43477286284182987,0.0058043925329299357,
4.686064,10.236309656842423,-0.83016974741763883,-0.85661483334058741,9.9533325631720739,0.031175218377901218,-0.69512911569773739,0.005266097806302608,0.43706885530582656,0.0057611818867804102,
4.6868270000000001,10.399862809055367,-0.84471009955217979,-0.8484668865290812,9.9533325649222668,0.030705935992642475,-0.69113156062494818,0.005286916179072244,0.43706773636705121,0.0057610505228131714,
4.6875169999999997,10.39986281093266,-0.84521346160275235,-0.84417902578270732,9.9366253379418747,0.031822822539597874,-0.69299984778935397,0.0056849185847243095,0.43662283163464255,0.0062463846227231133,
4.6889250000000002,10.399862812809953,-0.8457168236533249,-0.83989116503633343,9.8796190444414282,0.043549403782631821,-0.6921694860650317,0.0050737720044294506,0.43369566545704358,0.0070542242421412285,
4.6903540000000001,10.399862814553154,-0.84619336723399019,-0.83567035046472837,9.8289718841487677,0.060459371661848234,-0.68794742284999888,0.0043740557640813181,0.43123482415787501,0.0069901359318040252,
4.6907480000000001,10.552559406337904,-0.83712912154402552,-0.85536113681104531,9.8289718857739459,0.060015092026623494,-0.68401237465229536,0.0043937731462905484,0.43123372271084875,0.0069900115667384079,
4.6917799999999996,10.552559408081105,-0.83760566512469081,-0.85114032223944025,9.8120130047056904,0.064956455013972708,-0.68219480710964397,0.0041383027785644412,0.43010891948226071,0.0069188261439072996,
4.6932260000000001,10.552559409824307,-0.8380822087053561,-0.84691950766783519,9.8270741571644376,0.086167429583859645,-0.67483438604511248,0.0031537528511356642,0.43127272995796095,0.0065206038128538873,
4.6946570000000003,10.552559411567508,-0.83855875228602139,-0.84269869309623013,9.836835439641316,0.11632100514741185,-0.66782663592346347,0.0016628782265813934,0.43185878833386915,0.0061485761226806723,
4.6947570000000001,10.498400544103665,-0.83033396173470164,-0.84918691546700142,9.8368354412664942,0.11587672551218711,-0.66389158772575996,0.0016825956087906234,0.4318576868868429,0.006148451757615055,
4.6960689999999996,10.498400545846867,-0.83081050531536693,-0.84496610089539637,9.8288657499169467,0.13568404214843341,-0.65323086870413083,0.00063053935258247868,0.43244374374170175,0.0061833394220694371,
4.6975059999999997,10.498400547590068,-0.83128704889603222,-0.84074528632379131,9.7622273924711074,0.14734145611418209,-0.6414832654974908,0.00062064815950582338,0.42986232157509513,0.0070124097428312538,
4.6986739999999996,10.522301500124128,-0.77408101608395219,-0.82905100783992514,9.7622273940962856,0.14689717647895734,-0.63754821729978728,0.0006403655417150534,0.42986122012806888,0.0070122853777656365,
4.6989780000000003,10.522301501867329,-0.77455755966461748,-0.82483019326832008,9.6531858694158164,0.15342849266277281,-0.62392562400225415,-0.00016599273203287454,0.42515712739760053,0.0069248573621123431,
4.7003979999999999,10.522301503486752,-0.77500419033653944,-0.82072696737246353,9.5331173063589283,0.15409485407769324,-0.60808855214548529,0.00023500169509800613,0.41952649319968327,0.0066189764589288406,
4.7018219999999999,10.522301505106174,-0.77545082100846141,-0.81662374147660699,9.4392518720900913,0.14516206596789305,-0.59610204805790457,0.00010490652805023249,0.41486210111635174,0.0067478377891201438,
4.7026029999999999,10.544615472928134,-0.72450868820206116,-0.80609958134001491,9.4392518735998721,0.14474567401539906,-0.59227662730265906,0.00012339371156911818,0.41486103035172162,0.0067477212305204126,
4.7032369999999997,10.544615474547557,-0.72495531887398312,-0.80199635544415837,9.3891250171873804,0.1297794934618311,-0.57753447657045531,0.00091682861850191381,0.41368449380714317,0.006891466374245551,
4.704682,10.54461547616698,-0.72540194954590509,-0.79789312954830183,9.3199698648618448,0.12217478931237814,-0.56307348172178184,0.0010110450356872113,0.41060992254115475,0.00656438833739602,
4.7061149999999996,10.544615477786403,-0.72584858021782706,-0.79378990365244528,9.2401645947029731,0.10754468814669416,-0.55373865278697232,0.0014085870440972541,0.40806184070413842,0.0054716832993043337,
4.7065530000000004,10.358269891059789,-0.73161930232291861,-0.77061750639632243,9.2401645962127539,0.10712829619420017,-0.54991323203172682,0.0014270742276161397,0.40806076993950829,0.0054715667407046024,
4.707573,10.358269892679212,-0.73206593299484057,-0.76651428050046588,9.1117138661364248,0.076540882371900418,-0.54225951033495856,0.0031189857967117585,0.40204773015837481,0.0068979241784429017,
4.7089730000000003,10.358269894298635,-0.73251256366676254,-0.76241105460460934,8.9974497351142766,0.083042963553910568,-0.53699129187645278,0.0022224742013527629,0.39733900328491289,0.0071500942497317276,
4.7104439999999999,10.358269895845854,-0.73293959622605975,-0.75834289901555507,8.8900672125491091,0.060483187665602726,-0.53636713238001288,0.0032724804992157576,0.39189784112809001,0.0075684889571856441,
4.7104480000000004,10.192009504784254,-0.76505195526879,-0.73676549049556828,8.8900672139915748,0.060085066953518368,-0.53257440752865837,0.0032901638188597734,0.39189677951290575,0.007568377513166559,
4.7118479999999998,10.192009506331473,-0.76547898782808721,-0.73269733490651401,8.8368667472183535,0.033000712537698443,-0.53369899421579492,0.0045272807490634856,0.38907426838093306,0.006918187200511846,
4.7132800000000001,10.192009507878693,-0.76590602038738442,-0.72862917931745974,8.8399373305654976,0.022807507623271262,-0.53044625540524692,0.0044856170426920477,0.38945406680640915,0.0076890170999961462,
4.7143680000000003,10.036792832241662,-0.79430929890218738,-0.70678196874066579,8.8399373320079633,0.022409386911186907,-0.52665353055389241,0.0045033003623360631,0.38945300519122489,0.0076889056559770611,
4.7146939999999997,10.036792833788882,-0.79473633146148459,-0.70271381315161152,8.8732130527498168,-0.0044211776705242803,-0.52911499458363387,0.006392733419821983,0.39084620793428909,0.0079930685025020182,
4.7161439999999999,10.036792835336101,-0.7951633640207818,-0.69864565756255725,8.9165246744942728,-0.0043604888383646772,-0.53632919508000365,0.006695898838011036,0.39374750573732331,0.0072611272107479165,
4.7175750000000001,10.03679283688332,-0.79559039658007902,-0.69457750197350299,8.904154630685742,0.015255372967908545,-0.54613296490732877,0.0052006170516607289,0.39228453166115729,0.0068636367793908967,
4.7183469999999996,9.9739779024741164,-0.81800060145643982,-0.70381772168301937,8.9041546321282077,0.014857252255824188,-0.54234024005597425,0.0052183003713047443,0.39228347004597303,0.0068635253353718116,
4.7190079999999996,9.9739779040213357,-0.81842763401573704,-0.6997495660939651,8.9083385854048576,0.019417656711451431,-0.55590051364353255,0.0050858002183124191,0.39274368685056527,0.0070454225039713542,
4.7204519999999999,9.9739779055582396,-0.81884022586046867,-0.69565892424937292,8.9165231222049979,0.025345188120312809,-0.57365888747935967,0.0044660167137768976,0.39172743748926853,0.0076310224762096328,
4.7218609999999996,9.9739779070951435,-0.81925281770520031,-0.69156828240478074,8.9891240706389262,0.019919259868444523,-0.58431213910372293,0.0049346084621413513,0.39494622461240092,0.0064561255409865768,
4.7222200000000001,9.9509089591229269,-0.79300362404477043,-0.7009099603471266,8.9891240720717764,0.019534602175609418,-0.58049845040810888,0.0049517019117753212,0.39494515712849038,0.0064560178656036882,
4.7233010000000002,9.9509089606598309,-0.79341621588950206,-0.69681931850253442,9.078075403975145,0.019338747575038579,-0.5960053818269565,0.0051468897211904467,0.39842690424758309,0.0068873644139122812,
4.7247370000000002,9.9509089621967348,-0.7938288077342337,-0.69272867665794224,9.2008414243213661,0.030894136334351202,-0.60739911179347428,0.0047030146030566568,0.40400232871807518,0.0068734058467250078,
4.7261550000000003,9.9293654000406075,-0.77042641471223661,-0.73286537209498892,9.2008414257542164,0.030509478641516097,-0.60358542309786023,0.0047201080526906268,0.40400126123416463,0.0068732981713421192,
4.7261680000000004,9.9293654015775115,-0.77083900655696824,-0.72877473025039674,9.3146338469794934,0.049804316247402822,-0.61747693652069091,0.004004397299482973,0.40931236191945503,0.0067414330632683296,
4.7275900000000002,9.9293654031144154,-0.77125159840169988,-0.72468408840580456,9.3758904293945591,0.075638930910261762,-0.63312504312034457,0.0030910370491921938,0.41188084326430896,0.0080111114813663665,
4.7290330000000003,9.9293654046513193,-0.77166419024643151,-0.72059344656121238,9.4063665908275418,0.10559984700450697,-0.64327377015179077,0.001219575137920861,0.41287829758170713,0.0079371861441929412,
4.7300870000000002,10.091174362484331,-0.76902811868084797,-0.74702505472482617,9.4063665922603921,0.10521518931167187,-0.63946008145617672,0.0012366685875548314,0.41287723009779659,0.0079370784688100517,
4.7304779999999997,10.091174363979977,-0.76942833277023781,-0.7428869648180898,9.4331932195956103,0.092459161846217414,-0.65213165547372254,0.0022671786534809381,0.4130775248332989,0.0074217355131131462,
4.7318879999999996,10.091174365475624,-0.76982854685962765,-0.73874887491135344,9.512143136065113,0.070354165137342009,-0.65854474771309379,0.0033008470094583109,0.4163077283217354,0.0072047975308070361,
4.7333179999999997,10.09117436697127,-0.77022876094901749,-0.73461078500461707,9.6181706184263227,0.064204915658755371,-0.6565630553944839,0.0033914016181944267,0.42109022580782735,0.0069431859186993112,
4.734019,10.14789826557284,-0.77849738071239782,-0.76038340892865863,9.618170619820706,0.063831797696705189,-0.65270513106419381,0.0034079908937022221,0.42108914593956814,0.0069430814735776634,
4.7347869999999999,10.147898267068486,-0.77889759480178766,-0.75624531902192227,9.7146768970521933,0.058125409209887596,-0.65045126127783348,0.0038931837844885372,0.42579377610612329,0.0057663869455717408,
4.7361880000000003,10.147898268564132,-0.7792978088911775,-0.7521072291151859,9.7531563340515124,0.067240223135875368,-0.63982151582063385,0.0033859389822033913,0.42812281447152872,0.0055032345145890798,
4.7376469999999999,10.147898270059779,-0.77969802298056734,-0.74796913920844954,9.7165133158777692,0.062603494204938909,-0.63010037374278405,0.0036947337877369004,0.42658096996425304,0.0066339584956361559,
4.7379790000000002,10.200890416624093,-0.78690895807612338,-0.7808269736132134,9.7165133172721525,0.062230376242888727,-0.62624244941249396,0.0037113230632446958,0.42657989009599384,0.0066338540505145082,
4.7390530000000002,10.200890418119739,-0.78730917216551322,-0.77668888370647704,9.644666642767028,0.059886584775435243,-0.61232130112155103,0.0035754973136731911,0.42324735322007667,0.0068768998616184291,
4.7405010000000001,10.200890419481292,-0.78768050482577157,-0.7726827200420936,9.5700377994334715,0.031745817229058892,-0.59848477319020299,0.0047634485336820881,0.41900191987453894,0.0068058414015676741,
4.7418760000000004,10.258904659836103,-0.78374808108597649,-0.76407481366676056,9.5700378007028419,0.031399625305507384,-0.59474984315719692,0.0047788490984487821,0.41900087442997053,0.0068057444937241725,
4.7419500000000001,10.258904661197656,-0.78411941374623484,-0.76006865000237711,9.556208077487117,-0.0035651209552469698,-0.58423039301516888,0.0064827850642727135,0.41807538999607796,0.0074332717051531312,
4.7433459999999998,10.258904662559209,-0.78449074640649319,-0.75606248633799367,9.6002215341833885,-0.0045408942999513834,-0.56690410761209875,0.006269409088246824,0.42003306580087801,0.0076685108121699536,
4.744777,10.258904663920761,-0.78486207906675154,-0.75205632267361022,9.6772944385206365,0.0061379473866149002,-0.55298099106526977,0.0060753391235889992,0.42366531167289806,0.0074468153735050774,
4.7458109999999998,10.318792838265146,-0.82749045569033364,-0.74435173028380641,9.6772944397900069,0.0057917554630633923,-0.5492460610322637,0.0060907396883556932,0.42366426622832964,0.0074467184656615759,
4.7462140000000002,10.318792839626699,-0.82786178835059199,-0.74034556661942297,9.7443972876182805,0.01994875172857543,-0.53498036546461203,0.0053746523802293156,0.42769826445004017,0.0069789070688015152,
4.7476529999999997,10.318792840988252,-0.82823312101085034,-0.73633940295503952,9.7365160560358159,0.034810555396148982,-0.5150383005417396,0.0044769951543300896,0.42736256069025119,0.0069258240353521896,
4.749091,10.318792842349804,-0.82860445367110869,-0.73233323929065608,9.6915285283757164,0.027226987580956367,-0.49748873681900052,0.0048643875958204177,0.4254988781802872,0.0071465686122753318,
4.7498110000000002,10.334126640263946,-0.86638947287428691,-0.70449193974991098,9.6915285296450868,0.026880795657404859,-0.49375380678599445,0.0048797881605871117,0.42549783273571878,0.0071464717044318303,
4.7505110000000004,10.334126641481092,-0.86672160930929609,-0.70076922668285824,9.6189720395742668,0.013864142432714274,-0.47656624243816859,0.0060087046537293017,0.42139068026525539,0.0068421137807518836,
4.7519390000000001,10.334126642698237,-0.86705374574430527,-0.6970465136158055,9.6032169392787949,0.015790376987549204,-0.46037837420343963,0.0056726171354959387,0.4200477974136923,0.0060569976495565654,
4.7533839999999996,10.334126643915383,-0.86738588217931445,-0.69332380054875276,9.6491188694445285,0.026499721879074546,-0.44626185791860323,0.0052427480190043382,0.42232459265462918,0.0062366355798810702,
4.7537149999999997,10.301938542920565,-0.86226292095666246,-0.65938965629132029,9.6491188705792688,0.026190072436342134,-0.44279118772057491,0.0052565300388486844,0.42232362117708516,0.0062365489011988618,
4.7548209999999997,10.301938544137711,-0.86259505739167164,-0.65566694322426755,9.7106544343512198,0.076197170558904959,-0.42805334996548261,0.0028466099837534541,0.42536375112886188,0.0062628436650884441,
4.7562379999999997,10.301938545354856,-0.86292719382668082,-0.65194423015721481,9.748143090796372,0.11685269956128708,-0.40883550242340683,0.0012358877832395413,0.42808248573005492,0.0057373065392043099,
4.7575510000000003,10.308846938818675,-0.81483675278484236,-0.61985302219944538,9.7481430919311123,0.11654305011855466,-0.4053648322253785,0.0012496698030838877,0.4280815142525109,0.0057372198605221015,
4.7576919999999996,10.308846940035821,-0.81516888921985153,-0.61613030913239264,9.7074593852100737,0.10718592570417389,-0.3946958288173924,0.0020437259823822183,0.42604120341594132,0.0074645626711348466,
4.759112,10.308846941252966,-0.81550102565486071,-0.6124075960653399,9.6488373178140332,0.11586600220756621,-0.38095396699946205,0.0015330755310123067,0.42344729176523005,0.0080068709171315297,
4.7605510000000004,10.308846942377279,-0.81580840657918563,-0.6088074227761725,9.5897273494233701,0.097177406257015916,-0.37701662663366614,0.0026184906672636525,0.41990508893915968,0.0075767272326233565,
4.7615059999999998,10.396473352625641,-0.77293196995353464,-0.58007687197855762,9.5897273504715628,0.096890836275853875,-0.37366019977040987,0.0026312533124533666,0.41990414943738186,0.0075766470144641536,
4.7619720000000001,10.396473353749954,-0.77323935087785955,-0.57647669868939022,9.60385252052696,0.099662726404443125,-0.37689436057416636,0.0025023984925797694,0.4204760942802836,0.0074802068277269257,
4.7633999999999999,10.396473354874267,-0.77354673180218447,-0.57287652540022282,9.6477254787727453,0.13338204360477199,-0.37470507661565311,0.00040148944859371826,0.42275992364083265,0.0072369154594820869,
4.7648520000000003,10.39647335599858,-0.77385411272650939,-0.56927635211105543,9.6972108768883221,0.14611554084195802,-0.37748272597390276,3.4303527622968496e-05,0.42498367384597446,0.0060782689471457468,
4.7654120000000004,10.319627089943188,-0.78377323317507819,-0.56461665914256776,9.6972108779365147,0.14582897086079596,-0.37412629911064649,4.7066172812682715e-05,0.42498273434419664,0.0060781887289865439,
4.7662750000000003,10.319627091067501,-0.78408061409940311,-0.56101648585340036,9.7271005600987195,0.1317789837249497,-0.37013984989590437,0.0007625195466866195,0.42741493752540738,0.005787484255118127,
4.767709,10.319627092191814,-0.78438799502372802,-0.55741631256423296,9.6875084833368312,0.10829331269961395,-0.36879321664329257,0.001616099682575441,0.42510414455875939,0.0065247417826896229,
4.7691660000000002,10.319627093316127,-0.78469537594805294,-0.55381613927506557,9.6465321244374724,0.066519793047791126,-0.37204854434930162,0.003573559077247697,0.42390843511155107,0.006647761573740159,
4.7693329999999996,10.247868894470196,-0.7952791818529299,-0.54983332673671681,9.6465321254856651,0.066233223066629085,-0.36869211748604536,0.0035863217224374111,0.42390749560977325,0.0066476813555809561,
4.7705739999999999,10.24786889555325,-0.79557212206268957,-0.54624924452949397,9.5871699941585025,0.04817590349389618,-0.37643777832396308,0.0042803283534056484,0.41982501229949259,0.0069646994754579972,
4.7720019999999996,10.247868896636303,-0.79586506227244924,-0.54266516232227113,9.6096136644614596,0.047200242798333111,-0.38748410704356601,0.0038231941699256693,0.42115999177362007,0.0075600120000275861,
4.7732999999999999,10.285639869400494,-0.80519433214372904,-0.53761251211130723,9.6096136654711852,0.04692713583641997,-0.38414268183033029,0.0038353649888081785,0.42115905646949059,0.0075599355505061487,
4.7734490000000003,10.285639870483548,-0.80548727235348871,-0.53402842990408439,9.6575090073613516,0.045001303654347173,-0.39585786411974666,0.0041155390937525011,0.42282528289663085,0.0081510625342996676,
4.7748590000000002,10.285639871566602,-0.80578021256324839,-0.53044434769686155,9.7406759305873027,0.052272297519340427,-0.40452386945535279,0.0034980616670382183,0.42728377835570747,0.0073300445630617699,
4.7762950000000002,10.285639872649655,-0.80607315277300806,-0.52686026548963871,9.7834966473506988,0.037113781852124855,-0.41064072873566515,0.0042262030408667106,0.4299736412431307,0.0074330141382955173,
4.7771850000000002,10.334673245277653,-0.80457816730284903,-0.5534300115651678,9.7834966483604244,0.036840674890211714,-0.40729930352242943,0.0042383738597492199,0.42997270593900122,0.00743293768877408,
4.777736,10.334673246360707,-0.80487110751260871,-0.54984592935794496,9.7633053738753137,0.014260205827378889,-0.41135331922658286,0.0053900811012485969,0.42873861380555323,0.0073136687960020834,
4.779172,10.33467324744376,-0.80516404772236838,-0.54626184715072212,9.7253268972828248,0.0056706609922747963,-0.41571973621099917,0.0058175795858472689,0.427389371869421,0.0067639012798717535,
4.7805939999999998,10.334673248444295,-0.80543738981950297,-0.54277699328215723,9.6780231131927241,0.0037876403001361894,-0.42486428344888416,0.0060633722858336328,0.42399337118404096,0.0065103684145028252,
4.7811130000000004,10.380465476812358,-0.83623254175401529,-0.56874566301157736,9.6780231141255193,0.00353280457863303,-0.42161536841077529,0.0060747359873202867,0.4239924617724451,0.006510297079562557,
4.782025,10.380465477812892,-0.83650588385114988,-0.56526080914301247,9.7074107496587363,0.014308642143520039,-0.42452276023438257,0.0054577095568832798,0.42553637531239003,0.0055900116958619381,
4.7834640000000004,10.380465478813427,-0.83677922594828447,-0.56177595527444757,9.7565407861057913,0.024384647571841209,-0.43067049812794828,0.0052319259671327716,0.42731332422063711,0.0062594577144924829,
4.7849339999999998,10.380465479813962,-0.83705256804541905,-0.55829110140588267,9.8270111044849209,0.041903146795990054,-0.4304517668767327,0.0045245809977180231,0.43116489300138677,0.0059807626791124743,
4.7850429999999999,10.36014983201852,-0.86430709210679346,-0.57362087453347543,9.8270111054177161,0.041648311074486896,-0.42720285183862383,0.0045359446992046769,0.43116398358979091,0.0059806913441722061,
4.7863449999999998,10.360149833019054,-0.86458043420392805,-0.57013602066491054,9.863591927909134,0.06081155574562503,-0.42346780757119662,0.003560498916167892,0.43318026045653335,0.0058905355048572078,
4.7877770000000002,10.360149834019589,-0.86485377630106264,-0.56665116679634564,9.8506234205860288,0.060819321057889932,-0.42253589447352313,0.0036960850587343459,0.4328420338830114,0.0074413739599758586,
4.7889609999999996,10.458144942763926,-0.84304575760262113,-0.57333044477725759,9.850623421518824,0.060564485336386774,-0.41928697943541426,0.0037074487602209993,0.43284112447141554,0.0074413026250355905,
4.7892169999999998,10.458144943764461,-0.84331909969975571,-0.56984559090869269,9.8054663514016962,0.085057856663183634,-0.41246519396359022,0.0025258978998535034,0.43078427661853913,0.0076981111637709054,
4.7906370000000003,10.458144944692792,-0.8435707807250421,-0.56650287493063789,9.7481158489597508,0.09930964334428502,-0.40398190814046259,0.0020217548145436814,0.42780824980467724,0.0078356127917767956,
4.7920600000000002,10.458144945621124,-0.84382246175032849,-0.56316015895258309,9.716088639880752,0.10451438344499875,-0.39219917055481396,0.0017612069881992004,0.42597035086891022,0.008865410285166804,
4.7928670000000002,10.549629528373879,-0.88397916300036417,-0.5701260567752906,9.7160886407462321,0.1042797422523692,-0.3890827700918868,0.0017716769662572051,0.42596947854850187,0.0088653446031837068,
4.7934929999999998,10.54962952930221,-0.88423084402565055,-0.5667833407972358,9.7218009961272465,0.10296843206180267,-0.37328866482901574,0.001868440294022227,0.42673685748561507,0.0090950097317917793,
4.7949409999999997,10.549629530230542,-0.88448252505093694,-0.563440624819181,9.7163972543374211,0.086420523270382826,-0.3610286908027272,0.0029441103230169394,0.42632027701445058,0.0085119205898264213,
4.7963690000000003,10.549629531158873,-0.88473420607622333,-0.5600979088411262,9.7124392098799923,0.10052079810764515,-0.34795645365256433,0.0020346316064400543,0.42689553006295844,0.008097561693060416,
4.7968029999999997,10.469940728003419,-0.85154202357303188,-0.55398959101973311,9.7124392107454725,0.10028615691501561,-0.34484005318963717,0.002045101584498059,0.42689465774255009,0.0080974960110773188,
4.7978100000000001,10.46994072893175,-0.85179370459831827,-0.55064687504167831,9.6681819690103517,0.10315043877377492,-0.33462727020829308,0.0016877480705919986,0.42492994078145807,0.0089860581357965735,
4.7992109999999997,10.469940729860081,-0.85204538562360466,-0.54730415906362351,9.6195631550051051,0.10667646533091617,-0.32545642560142396,0.0015423501871958381,0.4226735761418165,0.0080627773465742937,
4.8007,10.46994073069558,-0.85227746853626618,-0.54407397751121922,9.5731422807340341,0.092453926609471854,-0.31185422825771497,0.001971265684668131,0.42066170404078274,0.0079504533120007617,
4.800726,10.457807113723286,-0.84097761252057956,-0.51801710391350231,9.5731422815129665,0.092237556657252112,-0.30884274318050864,0.0019809278705646845,0.42066086108501444,0.0079503927445993584,
4.8020909999999999,10.457807114558785,-0.84120969543324109,-0.51478692236109802,9.5494694893297059,0.064091280059321548,-0.29273201767847046,0.0033377642540738306,0.41881607204470639,0.0082456945143100126,
4.8035319999999997,10.457807115394283,-0.84144177834590261,-0.51155674080869373,9.5752625055324359,0.026682780521068684,-0.27498928058531341,0.004632332398978917,0.42067206319810518,0.0082288745869291864,
4.8046550000000003,10.446475391270504,-0.87193035964300025,-0.48692221755594306,9.5752625063113683,0.02646641056884895,-0.27197779550810708,0.004641994584875471,0.42067122024233689,0.0082288140195277831,
4.8049400000000002,10.446475392106002,-0.87216244255566178,-0.48369203600353877,9.5867425661057322,-0.0026001835684967764,-0.25816258502261902,0.0063555654648965558,0.42058785797517645,0.0080091482354499102,
4.8063960000000003,10.446475392941501,-0.8723945254683233,-0.48046185445113448,9.6142136337242494,0.024381809394885941,-0.24367825210130167,0.0046806930819187631,0.42347508610749812,0.0078492099989499742,
4.8078060000000002,10.446475393777,-0.87262660838098483,-0.4772316728987302,9.5510390050761522,0.039255105677034149,-0.22896270756076484,0.0039485861795293068,0.42018876528407145,0.0085251998483254054,
4.8085680000000002,10.420842856228528,-0.89960895554443598,-0.4424663284141942,9.5510390058550847,0.039038735724814415,-0.22595122248355848,0.0039582483654258607,0.42018792232830315,0.0085251392809240021,
4.8092610000000002,10.420842857064027,-0.89984103845709751,-0.43923614686178991,9.4778542823224825,0.023364915732024569,-0.21933518025371659,0.00490905773531773,0.41720334619818361,0.007451139393923582,
4.8107179999999996,10.420842857899526,-0.90006486953286435,-0.43597409258938014,9.3854941650573096,0.014707211853560359,-0.206511822571769,0.0049412682753189295,0.41239981357811123,0.0079670497343674682,
4.8121359999999997,10.420842858735025,-0.9002887006086312,-0.43271203831697036,9.3533316274073499,-0.007445062097461156,-0.20105755400411035,0.0059877751500505422,0.41018396135904128,0.008029123148586375,
4.8124719999999996,10.318176942306323,-0.87877220865215144,-0.39033375647998964,9.3533316281862824,-0.0076537388958241026,-0.19801635412013249,0.0059971012320680344,0.41018311008535568,0.0080290647346910708,
4.8135510000000004,10.318176943141822,-0.87899603972791829,-0.38707170220757986,9.392261618871288,-0.018095482476928552,-0.19567257150592443,0.0067546532496997949,0.41243187662865416,0.0077389586374951641,
4.8149839999999999,10.318176943977321,-0.87921987080368513,-0.38380964793517008,9.4379356261705247,0.021367500342982897,-0.19314171902131996,0.0047866695506377796,0.41402223274985595,0.0076127381473171689,
4.8163910000000003,10.318176944812819,-0.87944370187945198,-0.38054759366276031,9.4948396435836298,0.062198618711296186,-0.18986513923839873,0.0026107782019677965,0.41856462164157665,0.0077524969499194133,
4.8164129999999998,10.22227074892532,-0.86025282632377287,-0.36728030459544386,9.4948396443625622,0.061989941912933236,-0.18682393935442088,0.0026201042839852882,0.41856377036789105,0.0077524385360241083,
4.8178580000000002,10.222270749760819,-0.86047665739953971,-0.36401825032303409,9.4424313054900413,0.069335818310518493,-0.1860476088730558,0.0025981927077628388,0.4154754502328607,0.0084338521446754265,
4.8192940000000002,10.222270750596318,-0.86070048847530656,-0.36075619605062431,9.3791232837496352,0.070187027451254755,-0.18253682646244301,0.0023165204379471589,0.41326800102633071,0.0075573654636172443,
4.8203259999999997,10.27374774851072,-0.84978150679957076,-0.35901074625108215,9.3791232844708681,0.069991813672140885,-0.17956217235932562,0.0023252518899802032,0.41326716837793998,0.0075573108183607509,
4.8207380000000004,10.273747749284331,-0.84999089716077214,-0.35582007036781094,9.2806849590115803,0.031354662801648912,-0.1804923367778023,0.0046082439567939693,0.40763510273043219,0.0081252538820306766,
4.8221749999999997,10.273747750057941,-0.85020028752197352,-0.35262939448453973,9.2526665634961507,0.038601791920319102,-0.18495649077113288,0.0041074853528013698,0.40585694744579948,0.008578859929550306,
4.8235729999999997,10.273747750831552,-0.8504096778831749,-0.34943871860126852,9.292258782702735,0.069986516100999888,-0.18966797823372156,0.002653348778924165,0.40789268298045889,0.0085597578436342487,
4.8242529999999997,10.142597841532426,-0.87852271345191724,-0.34818864780822417,9.2922587834239678,0.069791302321886017,-0.18669332413060416,0.0026620802309572093,0.40789185033206815,0.0085597031983777553,
4.8250299999999999,10.142597842306037,-0.87873210381311861,-0.34499797192495296,9.3479176151688215,0.09054729192291916,-0.19897095204428877,0.0021983987113246917,0.40993922665802762,0.0078541073354162824,
4.8264670000000001,10.142597843079647,-0.87894149417431999,-0.34180729604168175,9.4240201452070256,0.12096205575942881,-0.20014247401815699,0.00032089977162762348,0.41464830290333143,0.007457227332308268,
4.8278850000000002,10.142597843853258,-0.87915088453552137,-0.33861662015841054,9.4216968710631246,0.10510923674894315,-0.20422104039981687,0.0011086065768427368,0.41407384617394699,0.0081982402882620903,
4.8281859999999996,10.020104774990822,-0.90404692281778942,-0.34161434104226052,9.4216968717843574,0.10491402296982928,-0.20124638629669947,0.0011173380288757812,0.41407301352555625,0.0081981856430055969,
4.8293020000000002,10.020104775764432,-0.9042563131789908,-0.33842366515898931,9.4058372666752721,0.068295119580135066,-0.20515786493628427,0.0030677640120578983,0.4137611013878511,0.0074873953868575599,
4.8307370000000001,10.020104776476153,-0.90444919986640293,-0.33534201667068841,9.3615316141586966,0.044846348876871764,-0.21149789656889731,0.0040234073578019752,0.41088632727932095,0.0076138180124611914,
4.8321160000000001,10.125875779064362,-0.85339255226118049,-0.35001493016281454,9.3615316148222316,0.044666521405471296,-0.20862488826111161,0.0040314578405855452,0.41088552308159665,0.0076137676742200353,
4.8321620000000003,10.125875779776083,-0.85358543894859262,-0.34693328167451365,9.3690148753233871,0.041932914938745847,-0.21783480094976992,0.003997287285520585,0.41062045634814448,0.0078785023881799872,
4.8336040000000002,10.125875780487803,-0.85377832563600475,-0.34385163318621276,9.4277811945555285,0.04582857333516499,-0.22653224789050791,0.0038013512598861956,0.41350773487193171,0.0078432646216645557,
4.8350210000000002,10.125875781199523,-0.85397121232341688,-0.34076998469791187,9.501846971034583,0.050106290120576033,-0.23634528509824923,0.0033790890338815972,0.41642990246727779,0.0071738130141287063,
4.8360469999999998,10.14729753437498,-0.8496983276024318,-0.35520649949200866,9.501846971698118,0.049926462649175565,-0.23347227679046353,0.0033871395166651672,0.41642909826955349,0.0071737626758875501,
4.8364940000000001,10.1472975350867,-0.84989121428984393,-0.35212485100370777,9.5757141356148257,0.045461262411663018,-0.23410215385833572,0.0035871683185000201,0.42094521462133944,0.0071393472226331028,
4.8379380000000003,10.147297535798421,-0.85008410097725606,-0.34904320251540688,9.5734526433530718,0.034653607697811048,-0.2336357947236759,0.0042753908337991508,0.42039567461113442,0.0079963512015058091,
4.83934,10.147297536510141,-0.85027698766466819,-0.34596155402710599,9.552370382426604,0.018296130287987711,-0.23230801114233379,0.0049311664408426747,0.41978267066748054,0.0073146067709802184,
4.8399780000000003,10.167303194578682,-0.8464081963280421,-0.36879497116854559,9.552370383051672,0.018126880903140265,-0.22945971709131274,0.0049387512140809438,0.41978187338620598,0.0073145593938120403,
4.8407520000000002,10.167303195249143,-0.84658973673972404,-0.36573983170626873,9.5024909596665221,-0.00099591588998552971,-0.23346864505499759,0.0061576793793324406,0.41644397475654377,0.0074260550332503642,
4.8421810000000001,10.167303195919605,-0.84677127715140599,-0.36268469224399186,9.513015641582502,0.02032551066422672,-0.23430890211837674,0.0048261542872029802,0.41663725877549507,0.0077907178033191828,
4.8436329999999996,10.167303196590066,-0.84695281756308793,-0.35962955278171499,9.5681831614715058,0.038666649145982307,-0.23455326178482799,0.0040623422812188651,0.41923639147598496,0.0077297305461845748,
4.8439019999999999,10.172191770871786,-0.86361706599966004,-0.36550776819445646,9.5681831620965738,0.038497399761134858,-0.23170496773380694,0.0040699270544571342,0.4192355941947104,0.0077296831690163966,
4.8450610000000003,10.172191771542247,-0.86379860641134198,-0.36245262873217959,9.6316873610369154,0.044866688015332092,-0.2314958889800604,0.0043315312359441345,0.4219688418987213,0.0074485397898347338,
4.8465059999999998,10.172191772212708,-0.86398014682302393,-0.35939748926990273,9.6857580184687695,0.076681451602637424,-0.22113387689610645,0.0026012185578161064,0.42555752081339443,0.0076189472551397392,
4.8478380000000003,10.263485730952263,-0.84244081509993418,-0.36528686589573445,9.6857580190938375,0.076512202217789982,-0.2182855828450854,0.0026088033310543751,0.42555672353211987,0.0076188998779715611,
4.8479390000000002,10.263485731622724,-0.84262235551161613,-0.36223172643345758,9.66717301908316,0.077778206265479891,-0.21293500688211486,0.0028583174887530515,0.42409950236189692,0.0083367388607396356,
4.8493620000000002,10.263485732293185,-0.84280389592329807,-0.35917658697118071,9.6431429672259625,0.082117694121890183,-0.20614032843258603,0.0026865015978641909,0.42345976963550008,0.0074729691036142564,
4.850816,10.263485732912073,-0.842973058579638,-0.35618013869881693,9.5865766584435477,0.095661252186430387,-0.19660510858164029,0.0018657603579440539,0.42025853852436523,0.0080890419903468947,
4.8517599999999996,10.34872888680249,-0.82378430572673644,-0.35712814618503402,9.586576659020535,0.095503542532368035,-0.19381153208742505,0.0018728355746235382,0.42025775655779202,0.0080889978434404812,
4.8522069999999999,10.348728887421379,-0.82395346838307637,-0.35413169791267024,9.5631382844541211,0.10145614256875633,-0.1876269246993168,0.0017592157605433758,0.41906530752393717,0.0083803283462901522,
4.8536820000000001,10.348728888040267,-0.8241226310394163,-0.35113524964030646,9.5633670346853368,0.11567502326891003,-0.17460386897975735,0.0013906415956579251,0.41937732125517191,0.0080047214023905178,
4.8550829999999996,10.348728888659155,-0.82429179369575623,-0.34813880136794267,9.5643388657412345,0.13149040039252688,-0.16450831156430637,0.00060881492178619539,0.4194910251916078,0.0077784673085896008,
4.8556980000000003,10.291177053662576,-0.80289288773717937,-0.34094501844667796,9.5643388663182218,0.13133269073846454,-0.16171473507009113,0.00061589013846567969,0.41949024322503459,0.0077784231616831864,
4.856528,10.291177054281464,-0.8030620503935193,-0.33794857017431418,9.5476022280015851,0.13193555730157711,-0.14843206271050963,0.00092378256628352067,0.41956618540635338,0.0079173489707672073,
4.8579800000000004,10.291177054900352,-0.80323121304985923,-0.33495212190195039,9.4854355204945708,0.14518040827759504,-0.1367036479346122,6.0957596222835798e-05,0.41630367025272519,0.0082324783841991357,
4.8593780000000004,10.29117705551924,-0.80340037570619915,-0.33195567362958661,9.4356113946022884,0.1376391390705913,-0.12827288291352482,0.00021979898858430068,0.41435105655026816,0.0076320097223265618,
4.8597229999999998,10.230365156608203,-0.78915222104848537,-0.32546684644604684,9.4356113951792757,0.13748142941652897,-0.12547930641930957,0.00022687420526378493,0.41435027458369494,0.0076319655754201474,
4.8608159999999998,10.230365157165203,-0.78931106890870717,-0.32251217309796215,9.3943873451349074,0.10962052439650201,-0.1202770682320868,0.0016613126079738233,0.41155115094346706,0.0072375742122897952,
4.8622550000000002,10.230365157722202,-0.78946991676892897,-0.31955749974987746,9.4160106425295602,0.11000091760432901,-0.1108759505306359,0.001092035711463101,0.41313574468245556,0.0077490899909059083,
4.8636590000000002,10.214246579936056,-0.77678485942495912,-0.29108152972939594,9.4160106430488479,0.10985282439258742,-0.10812132062782022,0.0010986866594698645,0.41313497361547408,0.007749048535885256,
4.8636910000000002,10.214246580493056,-0.77694370728518092,-0.28812685638131125,9.4394568265786667,0.088043932109540105,-0.099390889404987234,0.0025475749065920379,0.41398929751726476,0.007202131927693459,
4.8651109999999997,10.214246581050055,-0.77710255514540272,-0.28517218303322656,9.4672237771541585,0.085669515927664697,-0.094144324730430357,0.0026292302929405106,0.41603391228715808,0.0068866948617352054,
4.8665649999999996,10.214246581607055,-0.77726140300562452,-0.28221750968514187,9.4353649576366809,0.083670939286588933,-0.086722276176074697,0.0025321440603972775,0.41483127146220772,0.0081038274151414291,
4.8674970000000002,10.22696443132822,-0.78505915219114131,-0.26704361962734113,9.4353649581559687,0.083522846074847348,-0.08396764627325902,0.0025387950084040413,0.41483050039522623,0.0081037859601207768,
4.8679959999999998,10.22696443188522,-0.78521800005136311,-0.26408894627925644,9.3824932698784345,0.06197539757872722,-0.084232697505885426,0.0034638367956950156,0.41229143511770117,0.0078043960565635359,
4.8694179999999996,10.22696443244222,-0.78537684791158491,-0.26113427293117175,9.3291023817306904,0.047749415137628717,-0.083879468023936463,0.0037916161169904133,0.40954404670223526,0.0074516075655256158,
4.8708879999999999,10.226964432999219,-0.78552744393491214,-0.25817248237376544,9.3157280237497897,0.0092921544791020327,-0.087948011303263809,0.0055600180913290363,0.40798444559822361,0.0072686420144558242,
4.8713420000000003,10.221883832372036,-0.80712613325703508,-0.24405441892203361,9.3157280242690774,0.0091517544212170662,-0.085186746055246718,0.0055663316800788794,0.40798367267384311,0.007268602712941271,
4.8722770000000004,10.221883832929036,-0.80727672928036232,-0.24109262836462728,9.3824005940194652,-0.0002385630783721341,-0.088151469131936402,0.0058986592145255801,0.41102393709413004,0.0071075025000928195,
4.8737159999999999,10.221883833486036,-0.80742732530368955,-0.23813083780722094,9.4794281494233452,0.013215004810941346,-0.092460598203881986,0.0053764314540167809,0.41492804805341427,0.0067452488351947377,
4.8751360000000004,10.221883834043036,-0.80757792132701678,-0.23516904724981461,9.6027872697352308,0.011349615595133013,-0.10078808358062433,0.0055577044940644865,0.42136321748015421,0.0061706770142425605,
4.8752789999999999,10.136035783831927,-0.82672210168638494,-0.23379282926626316,9.6027872702545185,0.011209215537248046,-0.098026818332607235,0.0055640180828143296,0.42136244455577371,0.0061706377127280073,
4.8765609999999997,10.136035784388927,-0.82687269770971217,-0.23083103870885682,9.6559314523571018,0.026836217361824937,-0.10242146957542227,0.0049650790159273114,0.42392289004605721,0.006575187796163594,
4.8779940000000002,10.136035784945927,-0.8270232937330394,-0.22786924815145049,9.6639500846919688,0.043147566393802225,-0.10742121340834798,0.0036956146647707687,0.42397486678991569,0.006484780199624075,
4.8792229999999996,10.303510013021954,-0.82009838692729198,-0.23582758005124144,9.6639500852112565,0.043007166335917259,-0.10465994816033089,0.0037019282535206122,0.4239740938655352,0.0064847408981095218,
4.8794329999999997,10.303510013578954,-0.82024898295061921,-0.2328657894938351,9.6519727661908892,0.016552174290651308,-0.11277265767745946,0.0056403236010985,0.42311799210150025,0.0068135815332744012,
4.8808759999999998,10.303510014084379,-0.82037894938170952,-0.23015681458928811,9.6647909425428384,0.013118546071063001,-0.12284845687252241,0.0053386805628771314,0.42234806368059863,0.0069700940313849602,
4.8823109999999996,10.303510014589804,-0.82050891581279983,-0.22744783968474111,9.745380258207792,0.015541266649101054,-0.12693718484535349,0.0053840246217019012,0.4267216110141353,0.0067414148077004684,
4.8831490000000004,10.459913107167118,-0.84545462587727815,-0.23566666105781273,9.7453802586789973,0.015420099475858148,-0.12441161859862114,0.0053894810894601188,0.42672090406568719,0.0067413808899537781,
4.8837219999999997,10.459913107672543,-0.84558459230836847,-0.23295768615326573,9.8182405874255885,0.024403200317641018,-0.13493717814021849,0.005185915761372022,0.42937239451753495,0.0067303221080739174,
4.8852070000000003,10.459913108177968,-0.84571455873945878,-0.23024871124871873,9.8920771706451802,0.050863657246108793,-0.13659773273771775,0.0036996200715599618,0.43405833964138785,0.0069901847236876905,
4.8866329999999998,10.459913108683393,-0.84584452517054909,-0.22753973634417174,9.8769577761399532,0.047394132094583569,-0.13883371443549347,0.004005438280099893,0.43303416108992226,0.0087223624431762795,
4.8870589999999998,10.450036225134429,-0.86794242436560876,-0.24969265236729804,9.8769577766111585,0.047272964921340664,-0.13630814818876111,0.0040108947478581106,0.43303345414147415,0.0087223285254295901,
4.888064,10.450036225639854,-0.86807239079669907,-0.24698367746275104,9.8447691209976629,0.048362777831538556,-0.13441115823043234,0.0041513150842966712,0.43234766090708238,0.0089835487025721923,
4.8894650000000004,10.450036226145279,-0.86820235722778938,-0.24427470255820405,9.7643546911102295,0.037543499726313712,-0.13214426567777668,0.0045422362247166392,0.42777371523737823,0.0083563244341663279,
4.8909310000000001,10.450036226568185,-0.86831685146470239,-0.24174468936630941,9.7229743288728443,0.0070299905372226343,-0.13497075460754404,0.0060969942743465556,0.42545287392800324,0.0074809340767125936,
4.8909880000000001,10.482961007255888,-0.85189269432939141,-0.25422490627247124,9.7229743292671191,0.0069232480274608816,-0.13261203363507892,0.006101808441435091,0.42545221368034142,0.0074809041967940238,
4.8923310000000004,10.482961007678794,-0.85200718856630442,-0.25169489308057663,9.7450462065478245,0.020661216181387058,-0.12981968669454078,0.0050636146507846563,0.42669461611014381,0.0077422028855913998,
4.8937850000000003,10.4829610081017,-0.85212168280321743,-0.24916487988868199,9.7821650897875561,0.031176753512586156,-0.12497214677047198,0.0043872297847626605,0.42848752169504251,0.0069328710314004241,
4.8949109999999996,10.513707872595672,-0.84691494279579682,-0.26132034414643185,9.7821650901818309,0.031070011002824402,-0.12261342579800687,0.0043920439518511959,0.42848686144738068,0.0069328411514818543,
4.895194,10.513707873018578,-0.84702943703270983,-0.25879033095453724,9.812985396588374,0.01124857355998839,-0.12076017553744614,0.0058150147804411053,0.43093587657321042,0.005859323841286436,
4.8966310000000002,10.513707873441485,-0.84714393126962284,-0.25626031776264263,9.7725457856882194,0.026825213678530649,-0.11325901189114303,0.0047540607871713724,0.42917887606916383,0.0072638915541759419,
4.898072,10.513707873864391,-0.84725842550653585,-0.25373030457074802,9.7086941575196288,0.022109167981512596,-0.10600490165375107,0.004818076652797345,0.42665596475861522,0.0072814062832515548,
4.8988350000000001,10.521501394179168,-0.84259683202889968,-0.24964894812147181,9.7086941579139037,0.022002425471750842,-0.10364618068128595,0.0048228908198858804,0.4266553045109534,0.0072813764033329851,
4.8995090000000001,10.521501394602074,-0.84271132626581269,-0.24711893492957718,9.6275729067234508,-0.0082321771773445213,-0.10346344679509507,0.0067022510797210061,0.4224170499106471,0.0075246008578979413,
4.9009520000000002,10.521501394963092,-0.84281550570660757,-0.24471940390857894,9.5906905070171362,0.00076626288745360559,-0.099197869385316842,0.0058319447118422418,0.42028735581843824,0.0082198325878438429,
4.9023700000000003,10.52150139532411,-0.84291968514740245,-0.2423198728875807,9.6094853164630329,0.006334104200974403,-0.093395224332332757,0.0055965614800474912,0.42123156258194372,0.0079952745535599046,
4.9027799999999999,10.42479073020797,-0.84625952824720974,-0.23728974241004139,9.6094853167996082,0.0062369781335334194,-0.091158151355226757,0.0056009468800259522,0.42123093638406423,0.0079952473655270969,
4.9037959999999998,10.424790730568988,-0.84636370768800462,-0.23489021138904315,9.6638533967853384,-0.0031325571714405634,-0.088584168957659665,0.0064329269265849722,0.42336029352456372,0.0074322245198642362,
4.9052429999999996,10.424790730930006,-0.8464678871287995,-0.23249068036804491,9.736580387388063,0.010020461935420888,-0.081952052212682328,0.0056987001804514074,0.4274549492393192,0.006925534481504683,
4.9066510000000001,10.424790731291024,-0.84657206656959438,-0.23009114934704666,9.7554297575862883,0.02627003293720738,-0.079871579711317225,0.0050554063045340101,0.42873147902297387,0.0071883024601835125,
4.9067230000000004,10.334456044564909,-0.85676370392981993,-0.22559593217433069,9.7554297579228635,0.026172906869766397,-0.077634506734211225,0.005059791704512471,0.42873085282509438,0.0071882752721507048,
4.9080950000000003,10.334456044925927,-0.85686788337061481,-0.22319640115333245,9.7298617961975555,0.052717579786141944,-0.074564376246713568,0.0038778713422183116,0.42732628744950524,0.0067726352628518938,
4.9095199999999997,10.334456045286945,-0.8569720628114097,-0.22079687013233421,9.6872066085749591,0.061305605056533985,-0.077361077169850204,0.0036642390966628064,0.42514387076288573,0.0070837095514424868,
4.9106449999999997,10.422772383074276,-0.86598406216620538,-0.20852555179702642,9.6872066089019189,0.061219057075646198,-0.075222091904417171,0.0036681547960404912,0.42514327202178681,0.0070836853244810889,
4.9109759999999998,10.422772383424979,-0.86607689533126986,-0.20623123169643476,9.6735272791419344,0.076275605673789895,-0.075885010385519674,0.0029558527092748035,0.42342189196099783,0.0077654726429265521,
4.9123979999999996,10.422772383775682,-0.86616972849633433,-0.2039369115958431,9.7273168874278522,0.092438487213608589,-0.070811805949819409,0.0020247862633244055,0.42644664231610896,0.0076700235387925364,
4.9138200000000003,10.422772384126384,-0.86626256166139881,-0.20164259149525143,9.7820114472188084,0.086628392734756407,-0.074007931690497283,0.0025429918552910681,0.42838871694498987,0.0077676054544196758,
4.9145779999999997,10.374908694652675,-0.84680638135094266,-0.18517568537129356,9.7820114475457682,0.086541844753868613,-0.071868946425064251,0.0025469075546687529,0.42838811820389094,0.0077675812274582779,
4.9152469999999999,10.374908695003377,-0.84689921451600714,-0.1828813652707019,9.8510642037065512,0.10243289186005529,-0.070473474870904371,0.0019695156408856009,0.43237035507148619,0.0071779399488370674,
4.916677,10.37490869535408,-0.84699204768107161,-0.18058704517011023,9.8646805841525289,0.13783072781162603,-0.070695685991068929,9.3944387441734396e-05,0.43301219134606783,0.0083707871952869873,
4.9181220000000003,10.374908695704782,-0.84708488084613609,-0.17829272506951857,9.8484239954664883,0.14702956920335103,-0.073040615281436225,0.00016948184146623949,0.43242606774899195,0.0082094659369807543,
4.9185270000000001,10.330198925825092,-0.86124811606811613,-0.18969692311295067,9.8484239957934481,0.14694302122246325,-0.070901630016003192,0.00017339754084392449,0.43242546900789303,0.0082094417100193554,
4.9195599999999997,10.330198926175795,-0.86134094923318061,-0.187402603012359,9.8051053596790556,0.16188491918496004,-0.07093563361686149,-0.00065724395264908511,0.43023748022990677,0.0076317939095399403,
4.9209899999999998,10.330198926505869,-0.86142965647979808,-0.18512519917740133,9.7739288507637614,0.15372175690602227,-0.067841142564232543,-0.00036065445851927118,0.42801000698427105,0.0079663277821881151,
4.9224139999999998,10.330198926835942,-0.86151836372641555,-0.18284779534244366,9.8020594757537012,0.13813980002297785,-0.063172389465507919,0.00041870667659041285,0.4296931356788406,0.0079373469078850723,
4.9224430000000003,10.401692758728306,-0.80521363425233983,-0.19071082878544077,9.8020594760614266,0.13805709861901819,-0.061049175165481126,0.00042245265803753502,0.42969254135158491,0.0079373237576777691,
4.9238559999999998,10.401692759058379,-0.8053023414989573,-0.1884334249504831,9.8283893481672493,0.12519551606327367,-0.057017431595268689,0.0010017035135904428,0.43067240529134321,0.0077764216860393507,
4.9252700000000003,10.401692759388453,-0.80539104874557477,-0.18615602111552543,9.8580489497560038,0.11842222730633377,-0.056707796928822884,0.001429225128748626,0.43291954314015801,0.0068783426572756748,
4.9263779999999997,10.424842853010652,-0.80728514795412853,-0.17772280570961374,9.8580489500637292,0.11833952590237411,-0.054584582628796091,0.0014329711101957483,0.43291894881290233,0.0068783195070683725,
4.9267019999999997,10.424842853340726,-0.807373855200746,-0.17544540187465607,9.8307133403859623,0.13913925015739242,-0.053568730166102453,0.00040378843742636052,0.43158083185587492,0.0081767774532484003,
4.9281560000000004,10.4248428536708,-0.80746256244736347,-0.1731679980396984,9.7897122401074501,0.15605084304252426,-0.054508992575279844,-0.00057195862330225509,0.43005182558611516,0.0077603926032535457,
4.9295790000000004,10.424842854000874,-0.80755126969398094,-0.17089059420474073,9.7344031038603553,0.13432517536702898,-0.055388722147055841,0.00054697289091786721,0.42731509498704334,0.0078815951900378135,
4.9302869999999999,10.446452979801027,-0.85058532992918856,-0.16322791599641967,9.7344031041200001,0.13425209040539027,-0.053363884051971636,0.00055029137109425521,0.42731452819563615,0.0078815747317157493,
4.9309979999999998,10.446452980079526,-0.85066372237968757,-0.16105603252575212,9.6944985762435074,0.10627398200207308,-0.04958581057691426,0.0016045243180240582,0.42522090063038365,0.008535049285258469,
4.9324519999999996,10.446452980358025,-0.85074211483018658,-0.15888414905508458,9.6993722610986381,0.083672473523934351,-0.040445421150239608,0.0023878508668284952,0.42561203518433766,0.0074725201627376357,
4.9338749999999996,10.446452980636524,-0.85082050728068559,-0.15671226558441703,9.7162225434665324,0.046328046617091848,-0.035342909829012295,0.0044823827309881086,0.42627462871569888,0.0067609239671950344,
4.9342329999999999,10.394473760628692,-0.82017506874958324,-0.17064627196555246,9.7162225437261771,0.046254961655453133,-0.03331807173392809,0.0044857012111644964,0.42627406192429168,0.0067609035088729711,
4.9353040000000004,10.394473760907191,-0.82025346120008225,-0.16847438849488491,9.7340861606068643,0.055844749205654104,-0.027951408828630578,0.00386788618420099,0.42822795654955331,0.0068972835225884028,
4.9367320000000001,10.39447376118569,-0.82033185365058126,-0.16630250502421737,9.679962820884759,0.088390218866118642,-0.019481121885622107,0.0021080431446228259,0.42592732752316997,0.0070499133751098899,
4.9381630000000003,10.394473761464189,-0.82041024610108026,-0.16413062155354982,9.5934203119214558,0.087583379737668901,-0.015233127079318171,0.0022411234832225872,0.42207817946439713,0.0061958575100718493,
4.9381779999999997,10.422227008247905,-0.85638787154683993,-0.17134347289671056,9.5934203121811006,0.087510294776030187,-0.013208288984233967,0.0022444419633989754,0.42207761267298993,0.0061958370517497859,
4.9396060000000004,10.422227008526404,-0.85646626399733894,-0.16917158942604302,9.4924595503527591,0.069462567435781497,-0.007692934897761617,0.0032809916329607077,0.41728469952855674,0.0072432207401554949,
4.9410429999999996,10.422227008784274,-0.85653949904977877,-0.16704653512975251,9.4244427329954519,0.057027104493287691,-0.0021730077899179646,0.0035104945728794325,0.41347549272883161,0.0081192120316631068,
4.9420770000000003,10.448128815971256,-0.88842651516801385,-0.14732697161228336,9.4244427332358622,0.056958827752809534,-0.00019182834297054368,0.0035135996031880634,0.41347493815772723,0.0081191929192834019,
4.9425059999999998,10.448128816229126,-0.88849975022045369,-0.14520191731599286,9.4192876254180042,0.036723975286805322,0.0031381537315866193,0.0045697080311928951,0.41365446730501315,0.007826076074391378,
4.9438979999999999,10.448128816486996,-0.88857298527289352,-0.14307686301970235,9.4347811225978155,0.037777189316239752,-0.0014321076253740799,0.0047497984585227393,0.41402332083128901,0.0077823892516477242,
4.9453319999999996,10.448128816744866,-0.88864622032533336,-0.14095180872341184,9.4830331451125396,0.087172656813264193,0.0013035539389666057,0.0021976994553121756,0.4172476877012623,0.007813317703713971,
4.9459809999999997,10.293520891275886,-0.90590016626260961,-0.13841987715905377,9.4830331453529499,0.087104380072786036,0.0032847333859140266,0.0022008044856208064,0.41724713313015793,0.007813298591334266,
4.9467660000000002,10.293520891533756,-0.90597340131504944,-0.13629482286276326,9.4736608357984409,0.10680775826731786,0.0043481655059250703,0.0012941693254625627,0.41718588355456926,0.0086847084472404315,
4.9482109999999997,10.293520891791626,-0.90604663636748928,-0.13416976856647275,9.4153233244284475,0.090734757569251034,0.0072868954711732123,0.0021536722414424447,0.41483206570597297,0.0081434131133442632,
4.9496460000000004,10.293520892049496,-0.90611987141992911,-0.13204471427018225,9.3200306248516362,0.061440560423403089,0.014683878548337817,0.0032985701857680058,0.41016317456340523,0.0077091082496548637,
4.9499320000000004,10.317482162439335,-0.8348626568653581,-0.12990269055250231,9.3200306250920466,0.061372283682924932,0.016665057995285237,0.0033016752160766366,0.41016261999230086,0.007709089137275158,
4.9510829999999997,10.31748216270752,-0.83493176599935059,-0.12774865167911942,9.2394777326114639,0.021593087982137889,0.019136626359577733,0.00523104842062909,0.40591096016813571,0.0083015269297781087,
4.952521,10.317482162975706,-0.83500087513334309,-0.12559461280573653,9.2276065104817881,0.017678076672228659,0.01766151361401868,0.0051671922295305596,0.40538801215060261,0.0080958034146577842,
4.9538510000000002,10.33985399475436,-0.7717368371885972,-0.13241091890347206,9.2276065107318157,0.017613646508678811,0.019669715263887763,0.0051701298695884142,0.40538745001573018,0.008095785379030605,
4.953938,10.339853995022546,-0.7718059463225897,-0.13025688003008917,9.2528652742848116,0.022412293885206533,0.012666731444471165,0.0049952872915668281,0.4063519023054169,0.0072868089687969954,
4.9553609999999999,10.339853995290731,-0.77187505545658219,-0.12810284115670628,9.3003699173442254,0.048623995010142154,0.0070664307072772969,0.0035651417637985079,0.40920567081401221,0.0071172712728003167,
4.9567889999999997,10.339853995558917,-0.77194416459057469,-0.12594880228332339,9.3008512851241676,0.066476944895308976,0.008535574736750217,0.0025199411803675724,0.40972938455049479,0.0080416899243522556,
4.9578150000000001,10.25795970352134,-0.81066965404265878,-0.12677356620725125,9.3008512853741951,0.066412514731759131,0.0105437763866193,0.0025228788204254269,0.40972882241562236,0.0080416718887250764,
4.9582249999999997,10.257959703789526,-0.81073876317665128,-0.12461952733386836,9.2566980564499293,0.024137195278382442,0.0063240139421834457,0.0046972747395253572,0.40760129174362786,0.0078460318969911947,
4.9596619999999998,10.257959704057711,-0.81080787231064377,-0.12246548846048547,9.1975383797599015,-0.021750312866357219,0.0081401085832182116,0.0070657087351315984,0.40475427960147387,0.008400019804226614,
4.9610859999999999,10.257959704294951,-0.81087285552618904,-0.12030897403603419,9.155732940912241,-0.039199968949544153,0.0048483600205444389,0.0076033770260845604,0.40201154223616409,0.0091361763836619869,
4.9617250000000004,10.184845215842481,-0.84950261018833728,-0.12137772200940156,9.1557329411334187,-0.039260552536165692,0.0068588696165705369,0.007606145931591173,0.4020109794539734,0.0091361594247894272,
4.9625219999999999,10.18484521607972,-0.84956759340388255,-0.11922120758495028,9.1744225031575812,-0.04709403269928196,0.0010548710219346648,0.0081871361594439279,0.40287536550150815,0.00784208793372085,
4.9639490000000004,10.18484521631696,-0.84963257661942782,-0.117064693160499,9.2208897986657572,-0.026406044307545434,-0.0064991924944337092,0.0070977391279913949,0.40455743988129655,0.0071870791714171729,
4.9654280000000002,10.1848452165542,-0.84969755983497308,-0.11490817873604772,9.2885700584918958,-0.0015184239453286466,-0.0089653121007577871,0.0056954235752633836,0.40844458740962619,0.0071337361127818263,
4.9656659999999997,10.116558669040684,-0.8839793461615042,-0.11799716910504821,9.2885700587130735,-0.0015790075319501867,-0.0069548025047316891,0.0056981924807699962,0.40844402462743551,0.0071337191539092657,
4.9668549999999998,10.116558669277923,-0.88404432937704946,-0.11584065468059693,9.3027901290155661,-0.0043739998951284453,-0.0047372932752546958,0.0060481573091016507,0.40928108588199091,0.0069303004168490044,
4.968267,10.116558669515163,-0.88410931259259473,-0.11368414025614565,9.2753320874105327,-0.025649561608321922,-0.0014944809812964318,0.0070508061667152412,0.4078282300611869,0.0064827561174011531,
4.9697230000000001,10.116558669752402,-0.88417429580814,-0.11152762583169437,9.2297005426570262,-0.04934884348640213,0.00079240937032367678,0.0086480839907939096,0.40538820782852986,0.0069312932624147946,
4.9697560000000003,10.17444342549871,-0.86178063198538257,-0.13263698416269676,9.229700542878204,-0.049409427073023669,0.0028029189663497747,0.0086508528963005222,0.40538764504633917,0.006931276303542234,
4.9711749999999997,10.174443425715321,-0.86183942632325694,-0.13058011066874817,9.2105959352642603,-0.035935469399285339,0.0034698339871676457,0.0078644180738928378,0.40360475092386988,0.0074467678378434638,
4.9725770000000002,10.174443425931932,-0.86189822066113131,-0.12852323717479958,9.247852837621009,-0.0087784006098622705,0.00052032987024411888,0.0065909657080731035,0.40588986894996515,0.007162850835874055,
4.9735860000000001,10.100773108978006,-0.89563079120690214,-0.14895514993857534,9.2478528378229541,-0.0088332143310913495,0.0024379446334505269,0.006593476270550261,0.40588933217051631,0.0071628354921321148,
4.9740089999999997,10.100773109194616,-0.89568958554477651,-0.14689827644462675,9.2847193673070905,0.031857332841106673,-0.00047201412604188329,0.0048311367376979129,0.40720530549954703,0.0072692039239000191,
4.9754420000000001,10.100773109411227,-0.89574837988265088,-0.14484140295067816,9.3178069655828519,0.07619631390034981,0.0062331831467860848,0.0027230490778711752,0.40997605720725799,0.0073248052243595997,
4.9768480000000004,10.100773109627838,-0.89580717422052525,-0.14278452945672956,9.2763081470714397,0.07690190419205617,0.011749831611770793,0.0028657427893222878,0.40796690031966787,0.0082992041342608916,
4.9775039999999997,10.03200344319195,-0.92571574985812166,-0.13939768696367852,9.2763081472733848,0.076847090470827092,0.0136674463749772,0.0028682533517994458,0.40796636354021903,0.0082991887905189514,
4.9782869999999999,10.032003443408561,-0.92577454419599603,-0.13734081346972993,9.2069094255564963,0.058632395245930738,0.02172071342734741,0.0038476444164688524,0.40496593534177333,0.007945078977873896,
4.9797089999999997,10.032003443625172,-0.9258333385338704,-0.13528393997578134,9.1127224607032424,0.050900398914615022,0.026948919169630881,0.0042835729529573843,0.40002166682722895,0.0077488869443615169,
4.9811769999999997,10.032003443810838,-0.92588697547368548,-0.13322077445620059,9.0762723588213525,0.060222562380087538,0.026270464186658224,0.0040377973999621009,0.39757503338187045,0.0083193657435524457,
4.9814150000000001,10.033478540258459,-0.85588675496500022,-0.12395252429587118,9.0762723589944478,0.060172556880019018,0.02819394497968037,0.0040400972064031735,0.39757449495910674,0.008319351745753387,
4.982602,10.033478540444126,-0.8559403919048153,-0.12188935877629044,9.1185165692706214,0.097447217493360938,0.027351335877270542,0.0020562372126109664,0.3992559300319859,0.0070582899050093137,
4.9840179999999998,10.033478540629792,-0.85599402884463038,-0.11982619325670969,9.208004039958789,0.11722031015247417,0.0247764273271526,0.0012819502052746675,0.40307760109491597,0.0062707281572416222,
4.9853259999999997,10.03628443775815,-0.81536348051039986,-0.11114602433380971,9.2080040401318843,0.11717030465240565,0.026699908120174747,0.0012842500117157397,0.40307706267215226,0.0062707141594425635,
4.9854419999999999,10.036284437943817,-0.81541711745021495,-0.10908285881422897,9.3156627819869549,0.13073525665357166,0.03017079962175357,0.00065004510918976446,0.40885933868709268,0.0065701778737669103,
4.9868829999999997,10.036284438129483,-0.81547075439003003,-0.10701969329464822,9.3549864348779863,0.13508362089246048,0.040540768327875232,0.0003404168051084451,0.41086621039005627,0.007161885288406113,
4.9883040000000003,10.03628443831515,-0.81552439132984511,-0.10495652777506748,9.3339436940672567,0.10085201824093762,0.046995236890083419,0.0021254590884491179,0.40972093993752096,0.0067884974569148828,
4.9892409999999998,10.038904037371529,-0.77944309664012756,-0.11517640183143948,9.333943694240352,0.1008020127408691,0.048918717683105566,0.0021277588948901902,0.40972040151475725,0.006788483459115824,
4.9897400000000003,10.038904037557195,-0.77949673357994265,-0.11311323631185874,9.2915774055507416,0.08473217245726361,0.053334616716471488,0.0029536346408303776,0.40715463975573363,0.0069947115294872264,
4.9911820000000002,10.038904037753177,-0.779543150162475,-0.11119705663696366,9.2896286248636102,0.099057803263221458,0.052675700457670734,0.0020149008803327503,0.40603468053717734,0.0077298562235066691,
4.992591,10.038904037949159,-0.77958956674500735,-0.10928087696206859,9.3600540910018832,0.10108587256294803,0.048358095479513981,0.002302200227793965,0.40955043652584461,0.0075933946323908904,
4.9931739999999998,10.037388884203928,-0.8007321738499299,-0.090925372555960754,9.3600540911845957,0.10104259857250404,0.050144541969463607,0.0023041970752731562,0.40954993646283044,0.0075933825189091449,
4.9940309999999997,10.03738888439991,-0.80077859043246225,-0.08900919288106568,9.4463532499922955,0.11970263498486332,0.048133455975450601,0.0012388580330209534,0.41298004770354735,0.0072853090472289692,
4.9954679999999998,10.037388884595892,-0.80082500701499459,-0.087093013206170605,9.5388752496347475,0.1298935031260397,0.052712146918590705,0.00054153200533653488,0.41819591830613811,0.007665109131393389,
4.9969130000000002,10.037388884791874,-0.80087142359752694,-0.085176833531275531,9.5577502141156216,0.1139231339133856,0.057494295329006032,0.0017446939166209465,0.41892997703133744,0.0084318290258563484,
4.9970790000000003,10.051666184332838,-0.77717900215367319,-0.067880612429607176,9.5577502142983342,0.11387985992294161,0.059280741818955658,0.0017466907641001375,0.41892947696832328,0.0084318169123746029,
4.9983339999999998,10.05166618452882,-0.77722541873620554,-0.065964432754712102,9.5414893989371823,0.10712254209726804,0.068318400540708035,0.0019307296745666568,0.41840751114902974,0.0083207091885575228,
4.9997670000000003,10.051666184724802,-0.77727183531873789,-0.064048253079817027,9.4907577696467342,0.081397447598500011,0.072456036216349856,0.0032897492500451719,0.41546503531712636,0.0085722845210912824,
5.001017,10.1867568946129,-0.75621389843257314,-0.070302338948499674,9.4907577698005969,0.081357058540752258,0.074266139154408842,0.0032916207392199043,0.41546452863081451,0.0085722732151758928,
5.0012239999999997,10.186756894777936,-0.75625722057626998,-0.068360784875153596,9.4729611543772041,0.088931492525517977,0.077157852649600928,0.0030167798741951011,0.41391516871916345,0.0086149493685751064,
5.0026469999999996,10.186756894942972,-0.75630054271996683,-0.066419230801807519,9.5183574742048691,0.12054883280218125,0.083011346406248118,0.0011213475523703536,0.41601901462748059,0.0080055947650717503,
5.0040620000000002,10.186756895108008,-0.75634386486366367,-0.064477676728461442,9.5888665251376661,0.10755328694825612,0.082799816147963001,0.0021503984646861372,0.41902151849261576,0.007330081598635102,
5.0049390000000002,10.133443909527729,-0.78170196003850201,-0.061589534342015244,9.5888665252915288,0.10751289789050837,0.084609919086021987,0.0021522699538608697,0.41902101180630391,0.0073300702927197132,
5.0054959999999999,10.133443909692765,-0.78174528218219885,-0.059647980268669167,9.6683172854416153,0.11240985589222494,0.090622870083556378,0.001921964577256514,0.42341954778026536,0.0074958218906250353,
5.0069280000000003,10.133443909857801,-0.7817886043258957,-0.057706426195323089,9.6819475971862534,0.13058259281834964,0.099056082945338519,0.00065531256581498418,0.42410045643068189,0.0077834000580972529,
5.0083909999999996,10.133443910022837,-0.78183192646959254,-0.055764872121977012,9.6664079582527194,0.11593826629906274,0.1029499301679012,0.0015981057868199836,0.42338986248486243,0.0071076152530106908,
5.0088650000000001,10.08365924853382,-0.76321811493838132,-0.053258209178566579,9.6664079584065821,0.11589787724131499,0.10476003310596019,0.0015999772759947163,0.42338935579855058,0.007107603947095302,
5.0098029999999998,10.083659248698856,-0.76326143708207816,-0.051316655105220502,9.6372583517646753,0.11946246629439262,0.11027926834228602,0.0015662610500520886,0.42179300680785925,0.0075327944698709926,
5.0112420000000002,10.083659248822634,-0.76329753886849216,-0.049543747948408497,9.629172065922015,0.13637354539502253,0.11829835518824318,0.00015020878711073204,0.4208758014735659,0.0080474368117000889,
5.0126949999999999,10.083659248946413,-0.76333364065490616,-0.047770840791596492,9.6587114520984851,0.11061176292589728,0.12726913269646348,0.0017322663698148585,0.42278893023586595,0.0079018406426402781,
5.0127969999999999,10.188097934566974,-0.74678559121142263,-0.033925377923777929,9.6587114522138826,0.11057810537777424,0.12892200680257609,0.0017338338015720691,0.42278846756014637,0.0079018312210448177,
5.0141099999999996,10.188097934690752,-0.74682169299783663,-0.032152470766965924,9.6738793498330473,0.096894176944746696,0.13656767211787882,0.0023069927132436515,0.42309915497741118,0.0079997985425138713,
5.0155399999999997,10.188097934814531,-0.74685779478425063,-0.030379563610153919,9.6853176686456646,0.086977905636362679,0.14677318972617839,0.0025542601586115961,0.4247785377978805,0.0082630131499819588,
5.0167029999999997,10.220290209490319,-0.74586633377432165,-0.0096444670158299661,9.685317668761062,0.08694424808823964,0.14842606383229101,0.0025558275903688069,0.42477807512216093,0.0082630037283864984,
5.0169550000000003,10.220290209614097,-0.74590243556073565,-0.0078715598590179611,9.6402711279113582,0.077494857420616001,0.15006824855731318,0.0032723596140719004,0.42232979027879047,0.0084277120802042672,
5.0183929999999997,10.220290209737875,-0.74593853734714965,-0.0060986527022059561,9.6081146167281943,0.091152594898272432,0.14915533892243651,0.0022855581405443882,0.42099284551155669,0.0073931648263874427,
5.0198289999999997,10.220290209861654,-0.74597463913356366,-0.0043257455453939511,9.5864027969904484,0.079894991037127286,0.14949388298765792,0.0027542502487100298,0.41925780808714613,0.0074531719301702357,
5.0206590000000002,10.25036740813902,-0.75556355973388911,0.015233356239400538,9.5864027970866132,0.079865180065932559,0.15110646420044607,0.0027556466286976868,0.41925735668957048,0.0074531635853288709,
5.0212630000000003,10.250367408242168,-0.75559553560185577,0.016963044400476905,9.627388882469246,0.059578376213064166,0.14971997516024832,0.0035428247337872514,0.42097281846242079,0.0071334152180017527,
5.0227120000000003,10.250367408345316,-0.75562751146982243,0.018692732561553273,9.7121127869045765,0.03978415165960561,0.15386710183199906,0.0044901461195668308,0.42490991927285704,0.0067512611214428763,
5.0241400000000001,10.250367408448463,-0.75565948733778909,0.02042242072262964,9.7990423932832194,0.010558531663318459,0.15613891374819816,0.0058969697694574198,0.42882268730694023,0.0063541204815924825,
5.0245860000000002,10.205196180073923,-0.76416076784327347,0.012887914180125248,9.7990423933793842,0.010528720692123726,0.15775149496098631,0.0058983661494450773,0.42882223590936458,0.0063541121367511177,
5.0255580000000002,10.205196180177071,-0.76419274371124013,0.014617602341201616,9.858095906695322,0.00031799764602712458,0.15822733396642752,0.0061014118584343229,0.4326647668513629,0.0071066968911873722,
5.0269959999999996,10.205196180280218,-0.76422471957920679,0.016347290502277984,9.8382360430515519,0.012380492765552351,0.15633306459675786,0.0055733573771438016,0.43098597627780738,0.008050921812744246,
5.0284269999999998,10.205196180383366,-0.76425669544717345,0.018076978663354351,9.8095500582935315,0.025869460413231429,0.15262201455814842,0.0048661606954233452,0.43019921324809657,0.0073669328906000647,
5.0285140000000004,10.349657415331214,-0.80808771347574693,0.031411022502716886,9.8095500583896964,0.025839649442036698,0.15423459577093657,0.0048675570754110027,0.43019876185052092,0.0073669245457586999,
5.0298749999999997,10.349657415434361,-0.80811968934371359,0.033140710663793253,9.7629275477476245,0.012585000638031628,0.15134136049787891,0.0052166599265242985,0.42668546797693951,0.0079765302532884483,
5.0312929999999998,10.349657415547824,-0.80814753929323302,0.034701442464451997,9.8077412263297514,-0.015189899930278005,0.14784384739342976,0.0066607822936226909,0.42876100885052471,0.0075077051270301919,
5.032438,10.484545991339978,-0.83360270782834056,0.047145506041611579,9.8077412264355317,-0.01521586432454443,0.14929891128100189,0.0066620012455673814,0.42876060154640855,0.0075076978589413536,
5.032724,10.484545991453441,-0.83363055777785999,0.048706237842270322,9.8879924528295327,-0.028491139879526121,0.14656700976505854,0.0072831947032158681,0.4320326345631279,0.0069383121329183754,
5.03416,10.484545991566904,-0.83365840772737942,0.050266969642929066,9.9989159701477277,-0.021347241090243975,0.14521040046252298,0.007084757154277724,0.43742381267553904,0.0062339800822634045,
5.0355730000000003,10.484545991680367,-0.83368625767689886,0.051827701443587809,10.070599883643062,-0.001405346460250121,0.14086084148158534,0.006304045369722993,0.44175375428453351,0.0071183105979216307,
5.0363990000000003,10.444783552807277,-0.85629412218682588,0.034045315907364211,10.070599883748843,-0.0014313108545165451,0.14231590536915747,0.0063052643216676835,0.44175334698041735,0.0071183033298327925,
5.0370080000000002,10.44478355292074,-0.85632197213634531,0.035606047708022955,10.054044863910626,0.029789360900792115,0.13921275019027826,0.0049660349660165881,0.44072970870918327,0.007450437221919709,
5.0384500000000001,10.444783553034203,-0.85634982208586474,0.037166779508681698,10.00694381749152,0.056642657326699972,0.13901409705849005,0.0036401400843884182,0.43912206258979086,0.0072877360948579838,
5.0398649999999998,10.444783553147666,-0.85637767203538417,0.038727511309340441,9.9223630416161495,0.038650455288480164,0.13809883969948544,0.0042956473131186669,0.43419759487090681,0.0080339702502162883,
5.040286,10.54687132118843,-0.82534902785690811,0.028742713323102992,9.9223630417026971,0.038630260759606377,0.13943167860515923,0.0042966063266578567,0.43419722177977449,0.0080339645972580705,
5.0413069999999998,10.546871321281262,-0.82537068892875642,0.030172344065098243,9.907587237874294,0.0085980819484942142,0.14115037737498951,0.0058043900534427133,0.43332235454691054,0.0080178788010163617,
5.0427439999999999,10.546871321374095,-0.82539235000060474,0.031601974807093494,9.9405817112117401,0.011884277980528936,0.14452053641787069,0.0056905626848927473,0.43492918779988182,0.0077057493445484536,
5.0441729999999998,10.546871321466927,-0.82541401107245305,0.033031605549088745,9.9974057172040656,0.0327611202791585,0.14739592985195588,0.0047353877350769947,0.43777375380596301,0.0071667701770269541,
5.044219,10.642212182189903,-0.77957649277489804,0.023295433640063184,9.9974057172906132,0.032740925750284713,0.14872876875762966,0.0047363467486161845,0.43777338071483068,0.0071667645240687363,
5.0456159999999999,10.642212182282735,-0.77959815384674636,0.024725064382058435,10.034350494298574,0.054636296795616247,0.15051221835897555,0.0038449002758993442,0.44061405334795867,0.0075930339229155,
5.0470300000000003,10.642212182375568,-0.77961981491859467,0.026154695124053686,9.9950607359300001,0.077353866404762064,0.15186309082108687,0.0027802624111373407,0.43862419588671708,0.0080734652589519781,
5.0481280000000002,10.64990430595412,-0.80771675283935007,0.038845068469362108,9.9950607360165478,0.077333671875888271,0.15319592972676066,0.0027812214246765304,0.43862382279558476,0.0080734596059937602,
5.048489,10.649904306046952,-0.80773841391119838,0.040274699211357359,9.9322812368992377,0.08522803486296919,0.16057016143997216,0.0023162464676719876,0.43626236533484247,0.0074670666761843703,
5.0499590000000003,10.649904306098527,-0.80775594906459947,0.04149071052574279,9.8398495595946667,0.056062583836817032,0.1646475573638341,0.0033968550680893526,0.43120352156183911,0.0078520621686567794,
5.0513519999999996,10.649904306150102,-0.80777348421800055,0.04270672184012822,9.814868736065554,0.0254551943222074,0.17065148194687285,0.0050564375430254375,0.42989232347238493,0.0081602451491230646,
5.0520420000000001,10.577211097958413,-0.79026405780855569,0.044402557731671656,9.8148687361136364,0.025438846370261919,0.17178516433208124,0.00505721686361076,0.42989200612845319,0.0081602405729199884,
5.0527920000000002,10.577211098009988,-0.79028159296195677,0.045618569046057086,9.8412509762579532,0.037137979819419596,0.17620327929101648,0.0043547967330716435,0.43122901063028907,0.0074290372676105903,
5.0542009999999999,10.577211098061563,-0.79029912811535785,0.046834580360442517,9.8817582334283571,0.063711178656065362,0.18154153074842205,0.0031712492201215877,0.43343526053615677,0.0070035570332356604,
5.0556409999999996,10.577211098113137,-0.79031666326875893,0.048050591674827947,9.8972234566936059,0.069675152208700755,0.18197971630171669,0.0030494367698886238,0.43526127766853928,0.0075763052958167862,
5.0559459999999996,10.509348620444843,-0.77477168811763009,0.049512456595547955,9.8972234567416884,0.069658804256755275,0.18311339868692508,0.0030502160904739466,0.43526096032460754,0.0075763007196137109,
5.0570709999999996,10.509348620496418,-0.77478922327103117,0.050728467909933385,9.8475377199823395,0.084339580622958321,0.18415308406266004,0.0024742819973375008,0.43262480803562381,0.0078068480629976487,
5.0584910000000001,10.509348620547993,-0.77480675842443225,0.051944479224318815,9.7870782645018473,0.095692728183220319,0.18903335971799565,0.0016301990940110751,0.43026723704889347,0.0074275371015593084,
5.0598660000000004,10.568922128593341,-0.74515750960754856,0.059524598789177992,9.7870782645499297,0.095676380231274838,0.19016704210320404,0.001630978414596398,0.43026691970496173,0.0074275325253562331,
5.0599350000000003,10.568922128644916,-0.74517504476094965,0.060740610103563422,9.7132361854219287,0.060673155882613669,0.19115603810898465,0.0035866153309215298,0.42592499841105613,0.007755479747519633,
5.0613710000000003,10.568922128696491,-0.74518948547551511,0.061813555195788142,9.7203871008511662,0.04336468088072757,0.19041234809128771,0.0042663034920291552,0.42630929742910795,0.0075083656198189656,
5.0628010000000003,10.568922128748065,-0.74520392619008058,0.062886500288012862,9.7578743964006502,0.067657154130482927,0.19292389748972283,0.0031273535334835766,0.42793385483557189,0.0070668448726943604,
5.0637689999999997,10.473750939712639,-0.78705661920038561,0.069849738312800572,9.7578743964487327,0.067643691111233847,0.19392419981994063,0.0031279989539642009,0.42793357482805211,0.0070668411040560718,
5.064241,10.473750939764214,-0.78707105991495108,0.070922683405025291,9.8135789312269495,0.090431489008809179,0.19192962100116562,0.0020216369609900604,0.43085103622656651,0.0063776299807154291,
5.0656819999999998,10.473750939815789,-0.78708550062951654,0.071995628497250011,9.8320226163508142,0.10435337225752653,0.18890506247510133,0.0016115650580891998,0.43262978762688875,0.0074024352676582243,
5.0671229999999996,10.473750939867363,-0.78709994134408201,0.073068573589474731,9.7830752076326561,0.12651637700499332,0.1891680482656917,0.00051863971324312601,0.42994864301734864,0.0078082858932220838,
5.0677000000000003,10.384855969850312,-0.8242727833686021,0.0771764688673542,9.7830752076807386,0.12650291398574426,0.1901683505959095,0.00051928513372375047,0.42994836300982886,0.0078082821245837953,
5.0685390000000003,10.384855969901887,-0.82428722408316757,0.07824941395957892,9.720765767536717,0.12572834124794738,0.19276069127568865,0.00041566482434107933,0.42773962596395132,0.0076674156442816197,
5.0700019999999997,10.384855969953461,-0.82430166479773304,0.07932235905180364,9.6366255888940966,0.096609535534247323,0.19066921581163915,0.0019156779806305132,0.42256145390400085,0.0081517903252510838,
5.0714110000000003,10.384855969994721,-0.824315074032687,0.080367969934314887,9.6414978023273914,0.086737365858218535,0.18952524575684815,0.0022698740964657905,0.42313147178106914,0.0076269815213043466,
5.0716359999999998,10.411474719680569,-0.79554182521274275,0.078575493695298218,9.6414978023658566,0.086724864483201186,0.19050006451491561,0.0022704759157777788,0.42313119890661616,0.007626978021854843,
5.0728309999999999,10.411474719721829,-0.79555523444769671,0.079621104577809465,9.6767593780873238,0.099768756622169705,0.18586385822561288,0.0016899038397400041,0.42419387553554289,0.0071259878411358106,
5.0742599999999998,10.411474719763088,-0.79556864368265068,0.080666715460320712,9.7465846305160753,0.12029518588093663,0.18037136586143382,0.00080883582651308816,0.42788663725112952,0.0064570786743186207,
5.0755509999999999,10.42523849689675,-0.79124314308712584,0.078861408015652612,9.7465846305545405,0.12028268450591928,0.18134618461950128,0.00080943764582507667,0.42788636437667654,0.0064570751748691171,
5.0756949999999996,10.425238496938009,-0.79125655232207981,0.079907018898163859,9.7852533782101379,0.13030728325627083,0.17593607152075011,0.00017221848543451032,0.43033775121566209,0.007161170734661302,
5.077115,10.425238496979269,-0.79126996155703377,0.080952629780675106,9.7687660607625482,0.12796587018227759,0.1719820810186509,0.00043323866797057486,0.42919619223978178,0.0074252274592694839,
5.078557,10.425238497020528,-0.79128337079198774,0.081998240663186353,9.7430720893525393,0.11823587025830951,0.17330848878936977,0.00053651861171534498,0.42835454841991916,0.0071780529707350512,
5.079548,10.438107093668888,-0.78743095054784229,0.080656803543286776,9.7430720893910046,0.11822336888329216,0.17428330754743723,0.00053712043102733349,0.42835427554546618,0.0071780494712855476,
5.0799859999999999,10.438107093710148,-0.78744435978279625,0.081702414425798023,9.6974821400652456,0.077304636487654232,0.1730620839564026,0.0024508058202457592,0.425277483340263,0.0077688031946573071,
5.0814550000000001,10.438107093761722,-0.78745467457891438,0.082596810397215115,9.7175839412216902,0.054927126384880162,0.17248648379493514,0.0035466054458773502,0.42652273015059361,0.0073964856727033994,
5.0828800000000003,10.438107093813297,-0.78746498937503251,0.083491206368632206,9.746732502288495,0.058710891188544834,0.17274213351714432,0.0033743291163482628,0.42760152973608245,0.0069686417857962174,
5.0834570000000001,10.412537317917501,-0.79802556902695965,0.074809222991269353,9.7467325023365774,0.058701274746224066,0.17357597523078772,0.0033747966223269974,0.42760129632505089,0.0069686390939109784,
5.0842840000000002,10.412537317969075,-0.79803588382307777,0.075703618962686445,9.7832125025163794,0.06408941436873096,0.17303100962039231,0.0031158253322894889,0.42995310057578306,0.0064636903072465314,
5.0857429999999999,10.41253731802065,-0.7980461986191959,0.076598014934103537,9.7674101642823299,0.068352184791941661,0.17442320250798179,0.0029262788112586445,0.42970667172228127,0.0075295363035570769,
5.0871779999999998,10.412537318072225,-0.79805651341531403,0.077492410905520628,9.7120343359376307,0.064284545590864162,0.17676350697878088,0.0030561067702202967,0.42701649191999513,0.007566685360355872,
5.0874290000000002,10.471321610155366,-0.79640004294015532,0.069068625101793069,9.7120343359857131,0.064274929148543394,0.17759734869242427,0.0030565742761990314,0.42701625850896358,0.0075666826684706329,
5.088578,10.471321610206941,-0.79641035773627344,0.06996302107321016,9.6405208353823166,0.04697075589771961,0.18343878679150608,0.0037489313959756737,0.42409121146142414,0.0076191935557354332,
5.0900379999999998,10.471321610258515,-0.79642067253239157,0.070857417044627252,9.5584306318155132,0.014558032544019786,0.18726505671167998,0.0051274108630948783,0.41971305500819456,0.008031116901926403,
5.0913180000000002,10.526172458435315,-0.79494905841357033,0.068816931876279325,9.5584306318347458,0.01454937774593092,0.1881047644551391,0.0051278364731265711,0.41971281995384813,0.0080311144792309958,
5.0914659999999996,10.526172458455944,-0.79495834173007685,0.069717619873328571,9.5376799377035919,-0.00031754039068881447,0.19117690161914627,0.0057135361282632949,0.41911731060407692,0.0076092774003418615,
5.0929279999999997,10.526172458476573,-0.79496762504658336,0.070618307870377817,9.5288719845409755,0.0030717288410106527,0.19312353914217176,0.0058139369785666448,0.41861749030544626,0.0073966371887131364,
5.094309,10.526172458497202,-0.79497690836308987,0.071518995867427063,9.5308511832205554,0.020200386175318295,0.19380001115556139,0.0046420457468038211,0.41959848220232321,0.0070063462105861927,
5.0952489999999999,10.402474022721172,-0.84717398679780997,0.07983217891769942,9.530851183239788,0.020191731377229429,0.19463971889902051,0.0046424713568355138,0.41959824714797678,0.0070063437878907855,
5.0957379999999999,10.402474022741801,-0.84718327011431649,0.080732866914748666,9.4805070450959672,0.034067869552861618,0.19640968421815624,0.004274943896084322,0.41780116021548325,0.0078032742565948268,
5.0971739999999999,10.40247402276243,-0.847192553430823,0.081633554911797912,9.3999065147771379,0.034016084385767489,0.19892756992513286,0.0040736273602091557,0.41398033647656785,0.0077553819523146295,
5.0986149999999997,10.402474022783059,-0.84720183674732952,0.082534242908847158,9.3180283238452422,0.017412228685526845,0.20399736591696474,0.0049869317119370623,0.4103389981768093,0.0079536124783220995,
5.0991759999999999,10.289506313363663,-0.82631759088678147,0.090365031032225471,9.3180283238644748,0.017403573887437979,0.20483707366042386,0.004987357321968755,0.41033876312246287,0.0079536100556266923,
5.1000360000000002,10.289506313384292,-0.82632687420328799,0.091265719029274717,9.2599788505031952,-0.0063807106596340361,0.20438277890062437,0.0060088680214104078,0.40671413069070222,0.0083255470401699307,
5.1014860000000004,10.289506313394607,-0.82633512604018255,0.092128108188336749,9.2771627695127084,-0.011526744016856941,0.20610208294946702,0.0063063844459137573,0.4081756895686332,0.0079726441698080592,
5.1028950000000002,10.289506313404923,-0.82634337787707712,0.092990497347398782,9.3003768435513496,0.00637937344780461,0.203096707625992,0.0056135019171548173,0.40861402599326524,0.0075282202210499721,
5.1031060000000004,10.224612921949984,-0.80779919957243818,0.093719624795698106,9.3003768435609668,0.0063716802939479946,0.20390070951911371,0.0056138833699900716,0.40861380093345684,0.00752821806754335,
5.1043390000000004,10.224612921960299,-0.80780745140933274,0.094582013954760139,9.3475857649733829,0.035976168952811666,0.20194127380534965,0.0041068850856269511,0.41222191366676764,0.0071432987842154436,
5.1057870000000003,10.224612921970614,-0.80781570324622731,0.095444403113822171,9.3138645640538265,0.042477198829295265,0.19637039432366069,0.0040971297140779224,0.41032314963393585,0.0081255668000906577,
5.1070219999999997,10.227922714987931,-0.81097800973100664,0.098058538047786761,9.3138645640634437,0.042469505675438647,0.1971743962167824,0.0040975111669131767,0.41032292457412745,0.0081255646465840364,
5.107202,10.227922714998247,-0.81098626156790121,0.098920927206848794,9.2671988463020885,0.050314783393839282,0.19286273337855792,0.0037702313153635662,0.40855279559417934,0.0076261101443439155,
5.1086559999999999,10.227922715008562,-0.81099451340479578,0.099783316365910826,9.1967534482521938,0.039629175670743907,0.18914399668736445,0.0041319741356706822,0.40468570935115794,0.0079254873038467066,
5.11008,10.227922715039506,-0.81100276524169046,0.10066218856916988,9.1701619489987429,0.010977557838336618,0.18187771270796546,0.0056116897552956528,0.40257424367163414,0.0083841221608580187,
5.1109239999999998,10.212153523467901,-0.80118075719837611,0.10306322377319546,9.1701619490275927,0.010969864684479828,0.18269708167591592,0.0056120720440033444,0.40257401431104162,0.0083841200073503496,
5.11151,10.212153523498845,-0.80118900903527079,0.10394209597645451,9.216801837092401,0.020934273875535519,0.17869704357346458,0.0052097128860550436,0.40513722467331897,0.0083933779785646499,
5.1129379999999998,10.212153523529789,-0.80119726087216547,0.10482096817971356,9.2764770622313719,0.034384639264766412,0.16958003269053171,0.0046774613225614029,0.40702738619993239,0.007682705313052548,
5.1143720000000004,10.212153523560733,-0.80120551270906015,0.10569984038297262,9.3543515802163295,0.040829260371411019,0.1629342947215893,0.0044093261679095689,0.41216745758423012,0.0072173749029770988,
5.1148680000000004,10.116250335955966,-0.79247725716276018,0.093200335853210872,9.3543515802451793,0.040821567217554228,0.16375366368953975,0.0044097084566172605,0.41216722822363761,0.0072173727494694306,
5.1158250000000001,10.11625033598691,-0.79248550899965486,0.094079208056469923,9.3355873514296484,0.046752918253636047,0.15429348999373618,0.0041920070497276744,0.41042058513885582,0.0076059808981341565,
5.1172649999999997,10.116250336017854,-0.79249376083654954,0.094958080259728975,9.3148181124780347,0.054009485137247251,0.14909555262331392,0.0038421834748567046,0.41029163207412322,0.0069923442561466423,
5.1186749999999996,10.116250336048799,-0.79250201267344422,0.095836952462988026,9.2510443104202107,0.049070014328629924,0.14260218224964219,0.0041165662638707069,0.40586666406826299,0.0065899684804484838,
5.118792,10.216942485842328,-0.77991314505772447,0.082825901611416577,9.2510443104490605,0.049062321174773132,0.14342155121759265,0.0041169485525783985,0.40586643470767048,0.0065899663269408156,
5.1200910000000004,10.216942485873272,-0.77992139689461915,0.083704773814675629,9.2586589234906445,0.032970105230743854,0.13653297165616152,0.004802681026445833,0.40622227699793101,0.0062751713884432216,
5.1215630000000001,10.216942485904216,-0.77992758577229004,0.084553939405114006,9.2975782628136372,0.047891071851537674,0.13642743186480369,0.0042619517993965333,0.40801924680822782,0.0065461009167694199,
5.1227080000000003,10.310954657485203,-0.79965033677153297,0.072009907513050794,9.297578262842487,0.047885301986145212,0.13721910547887003,0.0042622481516062629,0.40801902520025729,0.0065460993016382765,
5.1230149999999997,10.310954657516147,-0.79965652564920386,0.072859073103489172,9.35134792935105,0.060079143530467324,0.13278237822783909,0.0035346625461650598,0.41054005004005339,0.0058299339656594836,
5.1243970000000001,10.310954657547091,-0.79966271452687476,0.07370823869392755,9.367753702264709,0.057834964104447627,0.13324690103854545,0.0041883910342917618,0.41207413193159859,0.0062446023266987663,
5.1258530000000002,10.310954657578035,-0.79966890340454566,0.074557404284365927,9.323588224038124,0.083241063983039945,0.13127623994085505,0.0024831590794390616,0.40936509085615963,0.006941878042698039,
5.1266780000000001,10.267941512797803,-0.81719755278754713,0.057304920306197896,9.3235882240669739,0.08323529411764749,0.1320679135549214,0.0024834554316487912,0.4093648692481891,0.0069418764275668956,
5.1272840000000004,10.267941512828747,-0.81720374166521803,0.058154085896636273,9.2905970542841398,0.083407869405733082,0.13231075981055154,0.0025213756259580954,0.4082898947744209,0.0074597056168487245,
5.1287060000000002,10.267941512859691,-0.81720993054288893,0.059003251487074651,9.2568491880755417,0.079067771975946444,0.12957140547202886,0.0030912276882324643,0.40542409847589655,0.0077906540407933871,
5.1301399999999999,10.267941512859691,-0.81721611942056005,0.059781585372568717,9.2932421746879132,0.097064408431434629,0.1322050878639878,0.0015406943101749773,0.40783637881571394,0.0075427630845975296,
5.1305620000000003,10.209578186111189,-0.79325946182697471,0.04238297412234758,9.2932421746879132,0.097058638566041994,0.13293072536863665,0.0015409870704347945,0.40783617569163494,0.0075427614694679552,
5.13157,10.209578186111189,-0.79326565070464583,0.043161308007841646,9.3234376929348421,0.087098718879655937,0.13390892375621138,0.0026020311725876528,0.4085850079753891,0.0078636642825685252,
5.1330109999999998,10.209578186111189,-0.79327183958231695,0.043939641893335712,9.3603560490927435,0.10906062785138382,0.13728512530985829,0.001290574182016914,0.41130738640753262,0.0078848518089565927,
5.13443,10.209578186111189,-0.79327802845998807,0.044717975778829779,9.3377147070778381,0.12370409443525825,0.14228730618294363,0.00058567056222858026,0.40995531732705803,0.0078798315533378082,
5.1344940000000001,10.155071086938383,-0.79296317582674092,0.027977523958843519,9.3377147070778381,0.12369832456986561,0.14301294368759249,0.00058596332248839742,0.40995511420297903,0.0078798299382082347,
5.1358600000000001,10.155071086938383,-0.79296936470441204,0.028755857844337589,9.3030068023996488,0.10872885014842057,0.14270365622717596,0.0017575796453793014,0.40840819985198856,0.0078353757623244539,
5.1372739999999997,10.155071086938383,-0.79297555358208316,0.029534191729831658,9.2647596200570188,0.13680344893898877,0.14872252478271117,-0.00013215701695872776,0.40638071567815748,0.0079056274674632592,
5.1384340000000002,10.200882036226771,-0.7926945298935274,0.038834089944571819,9.2647596200570188,0.13679767907359613,0.14944816228736002,-0.00013186425669891059,0.40638051255407848,0.0079056258523336857,
5.138719,10.200882036226771,-0.79270071877119852,0.039612423830065885,9.2599108875069032,0.12515525254565038,0.15222621238674913,0.00053210575493478835,0.40584267843154803,0.0074307457091279516,
5.1401490000000001,10.200882036226771,-0.79270690764886964,0.040390757715559951,9.2871691876622204,0.1139749795877902,0.15575189640470827,0.0012679290193810192,0.40726445972770381,0.0070259506933208456,
5.1415990000000003,10.200882036257715,-0.79271103356731687,0.041150225838953662,9.3191558392147869,0.12636021528796548,0.16478759361611287,0.00024738589188938432,0.40864269276727944,0.0070661052489730154,
5.1423300000000003,10.146489656952618,-0.76371585216546078,0.037026258800431061,9.3191558392436367,0.12635636871103717,0.16549564264775685,0.00024759326540213061,0.40864249456792018,0.0070661041722183968,
5.1430360000000004,10.146489656983562,-0.76371997808390801,0.037785726923824772,9.3455813076049008,0.10617959831207777,0.16913494633537035,0.0014541224234728089,0.41024797567164051,0.0072076511401110779,
5.1444749999999999,10.146489657014506,-0.76372410400235524,0.038545195047218483,9.3369513338897736,0.10080684011233913,0.17216185331597816,0.0015966560232703413,0.40958081261902751,0.0074625921362954026,
5.1459060000000001,10.14648965704545,-0.76372822992080247,0.039304663170612195,9.3250609578655901,0.10242060463487893,0.17348197152230796,0.0012290208771449261,0.40898219509268263,0.007920498990173875,
5.1462630000000003,10.09568884133048,-0.71648000098671227,0.035261036273029442,9.3250609578944399,0.10241675805795061,0.17419002055395194,0.0012292282506576723,0.40898199689332337,0.0079204979134192555,
5.147348,10.095688841361424,-0.7164841269051595,0.036020504396423153,9.330020053638993,0.091825081555496776,0.17151948101182155,0.0019474796698126676,0.40877215318400106,0.0078775455866199537,
5.1487410000000002,10.095688841392368,-0.71648825282360673,0.036779972519816864,9.3654883043187365,0.098756251968687814,0.17381563698658734,0.0013862013727292317,0.41042993212009038,0.0075075913062208309,
5.1501760000000001,10.095688841423312,-0.71649237874205396,0.037488619642735754,9.4118494895235845,0.080846001394806563,0.17627661930602856,0.0021270989103201929,0.41230723652842732,0.007324318885091767,
5.1501960000000002,10.108168207152849,-0.74333695218456508,0.049517892767968454,9.4118494895524343,0.080842154817878251,0.17693728812635756,0.0021273037066467946,0.41230705159197378,0.0073243178083371484,
5.1516159999999998,10.108168207183793,-0.74334107810301231,0.050226539890887344,9.4549644813348834,0.056693229559993313,0.17991272750405035,0.0035860571707264748,0.41482505416158882,0.0075801208744947553,
5.1530500000000004,10.108168207214737,-0.74334520402145954,0.050935187013806234,9.4612638334478749,0.061231092217372565,0.1860890701438471,0.0029596298687620433,0.41488920623443554,0.0075575892862033856,
5.1540819999999998,10.178276776932202,-0.75238540658212183,0.054615445539778075,9.4612638334767247,0.06122724564044426,0.1867497389641761,0.0029598346650886449,0.414889021297982,0.007557588209448767,
5.1544660000000002,10.178276776963147,-0.75238953250056906,0.055324092662696965,9.4538515263261598,0.039622785644141401,0.18678540102819249,0.0041208257036832729,0.41465255185160255,0.0076575274767379364,
5.1558970000000004,10.178276776994091,-0.75239365841901629,0.056032739785615855,9.4267843419468402,0.039546321609345174,0.18527436749542048,0.0041506378988583597,0.41286245497841134,0.0082698467620272373,
5.1573359999999999,10.178276777025035,-0.75239778433746352,0.056741386908534745,9.4298531260474334,0.058740054925789348,0.18669834408024319,0.0029040297813589934,0.41291373918246993,0.0080604730443761541,
5.1580339999999998,10.243780057416492,-0.77225428965532217,0.060168420893285467,9.4298531260762832,0.058736208348861042,0.18735901290057219,0.002904234577685595,0.41291355424601639,0.0080604719676215346,
5.1587769999999997,10.243780057447436,-0.7722584155737694,0.060877068016204357,9.4523904481083392,0.040927543563251484,0.18559604071772465,0.0040218887391525199,0.41378640572403524,0.0079151359650409189,
5.1601999999999997,10.24378005747838,-0.77226254149221663,0.061585715139123247,9.4916017590440873,0.036282766486516314,0.18825341585300714,0.0040489068531038832,0.41562082496195168,0.0076863646901466076,
5.1616340000000003,10.243780057488696,-0.77226666741066385,0.062267626310503525,9.5229598729842699,0.023576394910135141,0.19125346335585994,0.0047144559381064105,0.41742285849703342,0.0076929986277322502,
5.1619279999999996,10.203995051189523,-0.78988011413917947,0.0577755111513003,9.5229598729938871,0.023572548333206832,0.19188920635769321,0.0047146593786249165,0.4174226805370953,0.0076929975509786776,
5.1630630000000002,10.203995051199838,-0.7898842400576267,0.058457422322680579,9.5200135829032018,0.01312032849366954,0.19320017863216662,0.0055006885153167,0.41715588559304262,0.0076748684651578294,
5.1645050000000001,10.203995051210153,-0.78988836597607393,0.059139333494060857,9.5054863477199998,0.031684271251841721,0.19439041189190903,0.0043631158497595005,0.41683041399840681,0.0080829861935908139,
5.165851,10.247487595355294,-0.80875059844190123,0.039272565155619735,9.505486347729617,0.031680424674913416,0.19502615489374231,0.0043633192902780065,0.41683023603846869,0.0080829851168372421,
5.1659220000000001,10.247487595365609,-0.80875472436034845,0.039954476327000013,9.4680951215957236,0.030463345822631681,0.19365990421473991,0.0046417664262273922,0.41470557986459416,0.0083162470542664981,
5.1673629999999999,10.247487595375924,-0.80875885027879568,0.040636387498380291,9.4518862534109314,0.038948603563877388,0.19548407367023724,0.0042055879315738356,0.41432005847153297,0.007872087399638834,
5.1688039999999997,10.247487595386239,-0.80876297619724291,0.04131829866976057,9.4359049758530276,0.041471611061299089,0.20063541284379438,0.0038019407512278197,0.41333852202965976,0.0079280883839555095,
5.1697670000000002,10.288099765624111,-0.82550745403978409,0.04906162857031323,9.4359049758626448,0.041467764484370784,0.20127115584562766,0.0038021441917463253,0.41333834406972164,0.0079280873072019378,
5.1702360000000001,10.288099765634426,-0.82550951699900776,0.049676524511312964,9.4405821541560471,0.014690522946181461,0.20426172806759926,0.0052280263054440279,0.41404452627723914,0.007561539084736852,
5.1716689999999996,10.288099765644741,-0.82551157995823143,0.050291420452312698,9.4265817299664025,0.0075336370284281801,0.20968195735334252,0.0055070696736937153,0.41345973558208904,0.007516323777470065,
5.1730919999999996,10.288099765655057,-0.8255136429174551,0.050906316393312431,9.4055329992195951,0.014656264605603882,0.21167062981457532,0.0051383279912493064,0.41264713320890833,0.0074640583690724713,
5.1736740000000001,10.259965313912678,-0.81191793181103666,0.049677464090109737,9.4055329992292123,0.014654341317139727,0.21224389479064987,0.0051384436033107992,0.41264697273813161,0.0074640578306954235,
5.1745299999999999,10.259965313922994,-0.81191999477026033,0.05029236003110947,9.371033637753154,0.018428330627605391,0.21184727447513962,0.0051983512511660336,0.41123934445448024,0.0076069272628490258,
5.1759639999999996,10.259965313933309,-0.811922057729484,0.050907255972109204,9.3392306093756439,0.036250269168678656,0.2120535922561278,0.0041387842259938334,0.40948560066532957,0.0079267946624710251,
5.1773819999999997,10.259965313943624,-0.81192412068870767,0.051522151913108938,9.3363948079012076,0.037424905030361999,0.21276801736625822,0.004055070873787669,0.40963547130785138,0.0076216026757161583,
5.1776020000000003,10.218321632303683,-0.80280189455840945,0.050266206922089766,9.3363948079108248,0.037422981741897843,0.21334128234233277,0.0040551864858491618,0.40963531083707466,0.0076216021373391105,
5.1788429999999996,10.218321632313998,-0.80280395751763312,0.0508811028630895,9.3368845321037472,0.025482417077230448,0.21578583529204978,0.0048343969710312332,0.40928680303365572,0.0075466973205854061,
5.1802630000000001,10.218321632324313,-0.80280705195646873,0.05145664785689795,9.353600098988796,0.021201098209746985,0.220728155117495,0.0048012113787502565,0.41058819851259848,0.0074225120498057559,
5.18154,10.179421307940894,-0.79470396890172124,0.055196525059008086,9.3536000989984132,0.021198213277050581,0.22126473336611538,0.0048013672103062802,0.41058804831135398,0.0074225112422404453,
5.1816990000000001,10.179421307951209,-0.79470706334055685,0.055772070052816536,9.3437134432065196,0.007291074296155331,0.22211106580488557,0.0058266880840213281,0.40999753455795712,0.0075560658793856423,
5.1831300000000002,10.179421307961524,-0.79471015777939247,0.056347615046624985,9.3313373916639346,0.02059542997513452,0.22307054610683144,0.0052101543291242364,0.40962485723801445,0.0073725466382630906,
5.184552,10.17942130797184,-0.79471325221822808,0.056923160040433435,9.3090509318037302,0.04045407854176572,0.22229726977067552,0.004199176055597483,0.40843819667891723,0.0077298662614260919,
5.1854990000000001,10.186677551538525,-0.80983131672023334,0.064409334123403383,9.3090509318133474,0.040451193609069312,0.2228338480192959,0.0041993318871535066,0.40843804647767273,0.0077298654538607812,
5.1860020000000002,10.18667755154884,-0.80983441115906896,0.064984879117211833,9.3030133359652538,0.042716272530085489,0.21896562542704268,0.0043728146227010375,0.40792669119831082,0.0078123863173771117,
5.1874219999999998,10.186677551559155,-0.80983750559790457,0.065560424111020282,9.3184717741640721,0.05656647878043726,0.21955346815035459,0.0035919151768234693,0.40876221901103577,0.0078197790074514325,
5.1888810000000003,10.186677551569471,-0.80984060003674019,0.066135969104828732,9.3370310249925961,0.051812196029625418,0.21956849443600238,0.0039209124996625929,0.40929202534851244,0.007719606662732058,
5.1894580000000001,10.156017984759883,-0.79824278406390592,0.073221125119988725,9.3370310250022133,0.05180931109692901,0.22010507268462276,0.0039210683312186165,0.40929187514726795,0.0077196058551667474,
5.1903059999999996,10.156017984770198,-0.79824381554351775,0.073753616154799431,9.3644887840065572,0.046635124665288949,0.2203145895088835,0.0042846959527393699,0.41081809880567455,0.0075504468925666176,
5.1917160000000004,10.156017984780513,-0.79824484702312959,0.074286107189610137,9.3721621373816948,0.061804099230425354,0.22073073553434566,0.0036208138397561245,0.41096723045114514,0.0077212044113712892,
5.1931609999999999,10.156017984790829,-0.79824587850274142,0.074818598224420843,9.3724305796011862,0.072430459740073283,0.21735562078349452,0.0032837531928408053,0.41104275507326327,0.0073932455274441037,
5.1933860000000003,10.127390501495007,-0.78795124128281002,0.068056586193763619,9.3724305796108034,0.072429498095841205,0.21785206000186755,0.0032838224110409682,0.41104261610793685,0.0073932452582553179,
5.1946009999999996,10.127390501505323,-0.78795227276242186,0.068589077228574324,9.360509668195812,0.088242020887909542,0.21413355491095667,0.0025212752801844892,0.41029473080723389,0.0075685424832713771,
5.1959980000000003,10.127390501515638,-0.78795330424203369,0.06912156826338503,9.363535259163049,0.10082972964644922,0.21157169173394055,0.001843540515321233,0.41023092291501961,0.0076384236077707392,
5.1972839999999998,10.141577972051127,-0.77828578179057673,0.066910361562183829,9.3635352591726662,0.10082876800221714,0.21206813095231358,0.0018436097335213957,0.4102307839496932,0.0076384233385819534,
5.1974499999999999,10.141577972061443,-0.77828681327018856,0.067442852596994535,9.3865634072479249,0.096931586514227702,0.20919446773042064,0.0021010879710661604,0.41128678361707416,0.0076099119075509905,
5.1989299999999998,10.141577972071758,-0.77828784474980039,0.067975343631805241,9.4166461909302779,0.099506467704182505,0.20774675473123935,0.0018432698594614495,0.41244451663832798,0.0073320975180249052,
5.2003640000000004,10.141577972082073,-0.77828990770902406,0.068452372007887882,9.4509526264042787,0.099942361269814206,0.20788310440278482,0.0016975022131859932,0.41407356712745597,0.007078142110447762,
5.2011779999999996,10.173519217527954,-0.7732064817946247,0.066218350837575768,9.4509526264138959,0.09994043798135005,0.20832783601079849,0.0016976108338389183,0.41407344263638241,0.0070781415720707142,
5.2017340000000001,10.173519217538269,-0.77320854475384837,0.066695379213658409,9.4722271292234517,0.098632212642494665,0.20744645288427502,0.0020146856421254336,0.41507126655572829,0.0072458068420057998,
5.2031689999999999,10.173519217548584,-0.77321060771307204,0.067172407589741051,9.4812309808689239,0.11188943292793739,0.20766706138742524,0.0013207770480845621,0.41546702558661935,0.0071743596649208883,
5.2046109999999999,10.1735192175589,-0.77321267067229571,0.067649435965823693,9.4826405430312342,0.11012971004351917,0.20670703693616627,0.0013671985139663977,0.41537430011487053,0.0072891312077678107,
5.2050830000000001,10.203338978031971,-0.76870031608376432,0.064822286954862696,9.4826405430408514,0.11012778675505501,0.20715176854417994,0.0013673071346193227,0.41537417562379697,0.0072891306693907629,
5.2060659999999999,10.203338978042286,-0.76870237904298799,0.065299315330945337,9.4906171131064028,0.10545384906810593,0.20637687022646839,0.0016752629884250669,0.4154705368009341,0.0074554855204872431,
5.2074670000000003,10.203338978052601,-0.76870444200221166,0.065776343707027979,9.5170953781435053,0.10680203605018193,0.20787801864509056,0.001382056332990472,0.41666091012271206,0.0072621284817990959,
5.2088979999999996,10.203338978062916,-0.76870650496143533,0.06625337208311062,9.5472746277597835,0.10019953801296377,0.20907767560209575,0.0018435897932894923,0.41796174360860461,0.0072017571962629551,
5.2089949999999998,10.217557697807324,-0.75261990534576317,0.061811044904842669,9.5472746277694007,0.10019761472449962,0.20952240721010942,0.0018436984139424174,0.41796161911753105,0.0072017566578859073,
5.2103450000000002,10.217557697807324,-0.75261990534576317,0.062192898657141837,9.5753211842584562,0.097645481738241682,0.21182978102865749,0.0018235562372299532,0.41943810390682729,0.0069160015814974159,
5.2117719999999998,10.217557697807324,-0.75261990534576317,0.062574752409441006,9.5846875093855264,0.093501571363432151,0.21522439228583459,0.0020043490366601188,0.41977158417034144,0.0069891169403298922,
5.2129060000000003,10.19218954679625,-0.76168783326776268,0.058202859157962701,9.5846875093855264,0.093501571363432151,0.21558039298055351,0.0020043684008637075,0.4197714845168467,0.0069891169403298922,
5.2132120000000004,10.19218954679625,-0.76168783326776268,0.05858471291026187,9.5841962014465274,0.084606539634974401,0.21814720101190133,0.0025464464036256433,0.41982090212095385,0.0070358517363776464,
5.2146280000000003,10.19218954679625,-0.76168783326776268,0.058966566662561039,9.5746608952395373,0.082565763964126779,0.22149583300178882,0.0025474673280578464,0.41934176980142551,0.0072000067548366742,
5.2160679999999999,10.19218954679625,-0.76168783326776268,0.059348420414860208,9.5702154304667886,0.074713874522307488,0.22346550621518815,0.0029258273171042502,0.41896694093405074,0.0071854546249092771,
5.2168580000000002,10.249620870987345,-0.76974714229841434,0.065387690569302243,9.5702154304667886,0.074713874522307488,0.22382150690990707,0.0029258466813078389,0.418966841280556,0.0071854546249092771,
5.217511,10.249620870987345,-0.76974714229841434,0.065769544321601411,9.5802985239846592,0.070799595194114634,0.2269453744839221,0.0031181177512553883,0.41954399820726135,0.0071312302070457032,
5.2189420000000002,10.249620870987345,-0.76974714229841434,0.06615139807390058,9.5924441417607618,0.076021757676930424,0.23095604850491944,0.0027398310114814411,0.42009880452560644,0.0073254212176457195,
5.2203559999999998,10.249620870987345,-0.76974817377802618,0.066441027234106095,9.601157646351492,0.069139198092285012,0.234831842823021,0.0031534420421138252,0.42068068290321925,0.0071524410579089127,
5.2207850000000002,10.243666586328779,-0.77636771744526589,0.071767521775664256,9.601157646351492,0.069138236448052934,0.23510186290694896,0.003153498944534045,0.42068060731784707,0.0071524407887206508,
5.2217929999999999,10.243666586328779,-0.77636874892487773,0.072057150935869771,9.5936386689403061,0.060361995717257713,0.23897695032884159,0.0035061119573109784,0.42017163194658969,0.0069822608504813821,
5.2232310000000002,10.243666586328779,-0.77636978040448956,0.072346780096075286,9.583516695046411,0.055379982934954337,0.24327285074255894,0.0036361711366066801,0.41981987888533695,0.0070868990054273242,
5.2246610000000002,10.249513570111439,-0.79082716734643232,0.077412412600892627,9.583516695046411,0.055379021290722259,0.2435428708264869,0.0036362280390268998,0.41981980329996477,0.0070868987362390622,
5.2246670000000002,10.249513570111439,-0.79082819882604416,0.077702041761098142,9.5717411663059409,0.046824331015138762,0.24679516614497596,0.0040720186931201257,0.41918461863562012,0.0070810874971417,
5.226089,10.249513570111439,-0.79082923030565599,0.077991670921303657,9.5704484127311229,0.051644641027411141,0.25049594300965111,0.0038903512516224956,0.4191462091432297,0.0069254137313844956,
5.2275210000000003,10.249513570111439,-0.79083026178526783,0.078281300081509173,9.5749131132237082,0.055804665905021672,0.25244813553410422,0.0036909551712964012,0.41942101909974572,0.0068082835935887268,
5.2285909999999998,10.254975070960299,-0.80367269613421455,0.087907611340416331,9.5749131132237082,0.055803704260789594,0.25271815561803218,0.0036910120737166209,0.41942094351437353,0.0068082833244004649,
5.2289919999999999,10.254975070960299,-0.80367372761382638,0.088197240500621846,9.5791210609864894,0.054663706477174237,0.25551330488878948,0.003776163752371491,0.4196929622562024,0.0070401070684050744,
5.2304180000000002,10.254975070960299,-0.80367372761382638,0.08841295383184368,9.5749237513437961,0.05283921008772037,0.25917155473831488,0.0037242790948321049,0.41955313058807525,0.0070416841500733941,
5.2318129999999998,10.254975070960299,-0.80367372761382638,0.088628667163065514,9.5640762306346812,0.039483837122449558,0.26221078987064161,0.0044237283195841404,0.41901197543175667,0.0070862572212561994,
5.232507,10.268632192861272,-0.79574493903143395,0.098150307491174746,9.5640762306346812,0.039483837122449558,0.26241189852889812,0.0044237392586330233,0.41901191913641533,0.0070862572212561994,
5.2332479999999997,10.268632192861272,-0.79574493903143395,0.09836602082239658,9.5529888578710782,0.031942813840781577,0.26436729352918414,0.0047789517239370952,0.41857458115039387,0.0071131227618884876,
5.2346950000000003,10.268632192861272,-0.79574493903143395,0.098581734153618414,9.5471465769851847,0.033047822689242549,0.26622066025689722,0.0046388888213765127,0.4182693989374684,0.0071801265354778107,
5.2361440000000004,10.268632192861272,-0.79574493903143395,0.098797447484840248,9.5486337972892308,0.033672050925863478,0.26633690585735037,0.0046848180152359482,0.41844070846240949,0.0069930198429084267,
5.2364269999999999,10.281386493340003,-0.81286912917447074,0.10787428002743306,9.5486337972892308,0.033672050925863478,0.26653801451560688,0.0046848289542848311,0.41844065216706816,0.0069930198429084267,
5.2375740000000004,10.281386493340003,-0.81286912917447074,0.10808999335865489,9.5459863111915304,0.040560474135841809,0.2666345022920284,0.004337881837133818,0.41844696103130757,0.0068993957422428922,
5.2390109999999996,10.281386493340003,-0.81286912917447074,0.10830570668987673,9.5376918680493077,0.039037715579649364,0.26633897019872205,0.0043220400081861472,0.41813597003843228,0.0071095838077434616,
5.2404010000000003,10.269529045986841,-0.82809634451499969,0.11388368876610214,9.5376918680493077,0.039036753935417286,0.26649365067345337,0.0043220906368554796,0.41813592673950029,0.0071095835385551996,
5.2404229999999998,10.269529045986841,-0.82809737599461153,0.11404960226166486,9.5237984660181478,0.028555284000881687,0.26590174584939325,0.0049265091634704055,0.41754731645199372,0.0071445481997269109,
5.2418610000000001,10.269529045986841,-0.82809840747422336,0.11421551575722758,9.5098477421811474,0.020977575062085634,0.26627883524245033,0.0051797482113471426,0.41695939972204166,0.0071503651587283522,
5.2433230000000002,10.269529045986841,-0.8280994389538352,0.1143814292527903,9.4970871345852981,0.017810425973404063,0.26532701436977141,0.0054130650329766656,0.41638053389138813,0.0071341236985984248,
5.2442849999999996,10.256718141354053,-0.83891549117603581,0.11529014774823051,9.4970871345852981,0.017809464329171985,0.26548169484450274,0.005413115661645998,0.41638049059245613,0.0071341234294101628,
5.2447090000000003,10.256718141354053,-0.83891652265564765,0.11545606124379323,9.4871491959716163,0.022153975629881396,0.2623579423168671,0.0051960072145645205,0.41597210675286683,0.007088199844807617,
5.2461520000000004,10.256718141354053,-0.83891755413525948,0.11562197473935595,9.4760694439796929,0.033383641779542471,0.25975748889772698,0.004607591584146432,0.41551737972139541,0.0070298120331817524,
5.2475839999999998,10.256718141354053,-0.83891858561487131,0.11578788823491867,9.4625046370034287,0.037283188128343719,0.25728627119328207,0.0044584705321993054,0.41494691310334869,0.0071324137078156097,
5.2481970000000002,10.244756211199846,-0.8294546089357181,0.11663500603841302,9.4625046370034287,0.037282226484111641,0.2574409516680134,0.0044585211608686379,0.4149468698044167,0.0071324134386273478,
5.2490199999999998,10.244756211199846,-0.82945564041532993,0.11680091953397574,9.4460615390537352,0.038728555790985802,0.25634833601861806,0.0044161279955627682,0.41430484656234057,0.0071718578180540588,
5.2504689999999998,10.244756211210161,-0.82945564041532993,0.11694786411947693,9.4264356879206712,0.032209874929787261,0.25429007591242209,0.0046114338951260174,0.41339795147441444,0.0068885375101064962,
5.2518719999999997,10.244756211220476,-0.82945564041532993,0.11709480870497811,9.4061028753141169,0.02840059518779129,0.25263886420455112,0.0048622924338023836,0.41254824295761339,0.0068963896920312432,
5.2521409999999999,10.226609959888263,-0.82104617529322288,0.11011120595064992,9.4061028753237341,0.02840059518779129,0.25277586004185437,0.0048622998855161687,0.41254820460947567,0.0068963896920307202,
5.2533180000000002,10.226609959898578,-0.82104617529322288,0.11025815053615111,9.3862437797908349,0.036458064187026365,0.25028461369159449,0.0044319635467247511,0.41174241425012792,0.0069927793160778602,
5.2547519999999999,10.226609959908894,-0.82104617529322288,0.11040509512165229,9.3701518887911419,0.047057759411316256,0.24667098079055463,0.0039707867556087201,0.41120126891600001,0.0070465009635695044,
5.2560419999999999,10.193985807809431,-0.82566877538840255,0.10874528640439748,9.3701518888007591,0.047057759411316256,0.24680797662785786,0.0039707942073225052,0.41120123056786229,0.0070465009635689814,
5.256183,10.193985807819747,-0.82566877538840255,0.10889223098989867,9.3537787508843344,0.058318542030247028,0.24360529098806982,0.0033881225243071809,0.41056010239407292,0.0071907735472957444,
5.2576330000000002,10.193985807830062,-0.82566877538840255,0.10903917557539985,9.3358959795590266,0.069392293896314614,0.24145741724298522,0.0027975430867511778,0.40987623456673883,0.0072849455777154641,
5.2590680000000001,10.193985807840377,-0.82566877538840255,0.10918612016090104,9.3158849701426156,0.069054871278551005,0.23942900397055045,0.0028571302635117843,0.40902578171435566,0.0073289334959997501,
5.25997,10.163515500161973,-0.81204615579019179,0.10757949798298098,9.3158849701522328,0.069054871278551005,0.23956599980785367,0.0028571377152255694,0.40902574336621794,0.0073289334959992271,
5.2604860000000002,10.163515500151657,-0.81204615579019179,0.1077092065441685,9.2939400125321789,0.068228709638763041,0.23791201965476944,0.0029134600388691688,0.40810796686425482,0.007409430906196013,
5.261914,10.163515500141342,-0.81204615579019179,0.10783891510535602,9.2737487328661032,0.070559963979839505,0.23544304933504581,0.0027438438785199384,0.40722833977959222,0.0074196267988290762,
5.2633340000000004,10.163515500131027,-0.81204615579019179,0.10796862366654354,9.2585404505772733,0.077599013661311778,0.23414315789825929,0.0024736445902871227,0.40660827164316726,0.0074663370175962604,
5.2638860000000003,10.132527721372105,-0.79995279337246517,0.10105487262925683,9.2585404505676561,0.077599013661311778,0.23426408466044435,0.0024736511679440683,0.40660823779232114,0.0074663370175967834,
5.2648080000000004,10.132527721361789,-0.79995279337246517,0.10118458119044435,9.2473496305475926,0.089016145474001676,0.23177131219820157,0.0018420172218228032,0.40621001182155175,0.0073751745319161188,
5.266235,10.132527721351474,-0.79995279337246517,0.10131428975163187,9.2366019282534193,0.094319976124198901,0.2295350236869026,0.0015759430397120865,0.40579485053827308,0.0073438658517916188,
5.2676920000000003,10.132527721341159,-0.79995279337246517,0.10144399831281939,9.225976332876634,0.095387595636914374,0.22819096493112154,0.0015409344525430053,0.40539137331260883,0.0073339243050724104,
5.2678450000000003,10.10309666356493,-0.78355929436197091,0.09512741619096729,9.2259763328670168,0.095387595636914374,0.2283118916933066,0.0015409410301999509,0.4053913394617627,0.0073339243050729334,
5.2690659999999996,10.103096663554615,-0.78355929436197091,0.095257124752154809,9.2144957715002729,0.092575797944010565,0.22831976330852291,0.0015846208686394604,0.40485874373850445,0.0072758761646010443,
5.2705070000000003,10.10309666356493,-0.78355929436197091,0.095382820857652317,9.2073109739822012,0.087805006335957517,0.22814073290953635,0.0019179782533277233,0.40446502213020341,0.0070154861873418959,
5.2717729999999996,10.075612303115507,-0.78621162562401348,0.089327420150065645,9.2073109739918184,0.087805006335957517,0.22825791887565858,0.0019179846275088398,0.40446498932734393,0.0070154861873413729,
5.2719360000000002,10.075612303125823,-0.78621162562401348,0.089453116255563153,9.2032953473998305,0.088576816627952512,0.22905362074781288,0.0019420058842682358,0.40429942053279655,0.007100154177677398,
5.2734110000000003,10.075612303136138,-0.78621162562401348,0.089578812361060661,9.2009618900635708,0.092785476653238219,0.22913011716993487,0.0017442995881468662,0.40426575621913086,0.0070504611723993813,
5.2748229999999996,10.075612303146453,-0.78621162562401348,0.089704508466558169,9.1994221332955632,0.094680208429517937,0.22887969814707665,0.0016917319614532401,0.40413009319567333,0.0068994154054723231,
5.2756869999999996,10.051853947201009,-0.78856539584321617,0.089768252912704655,9.1994221333051804,0.094680208429517937,0.22899688411319888,0.0016917383356343566,0.40413006039281385,0.0068994154054718001,
5.2762529999999996,10.051853947211324,-0.78856539584321617,0.089893949018202163,9.1978979602992545,0.096812721437015054,0.22975961590424443,0.0016892252518400071,0.40398472280685832,0.0069690790840325938,
5.2776779999999999,10.051853947221639,-0.78856539584321617,0.090019645123699671,9.1954895992651693,0.092590810789746944,0.23135230230581458,0.0019337285515396289,0.40384829888184764,0.0070039465799909282,
5.2791079999999999,10.051853947231955,-0.78856539584321617,0.090145341229197179,9.1952753216155525,0.087967679800415616,0.23242603689961899,0.002165061743680855,0.40374171667225689,0.0071154331643506355,
5.2797349999999996,10.041216676793674,-0.78257417734645318,0.092183936752404036,9.1952753216251697,0.087967679800415616,0.23254322286574122,0.0021650681178619715,0.40374168386939741,0.0071154331643501125,
5.2805229999999996,10.041216676793674,-0.78257417734645318,0.092299493413317266,9.1961693565873617,0.085880251983147582,0.23435697379428061,0.0022200023349785965,0.4036933791630839,0.0070361403704807266,
5.2819589999999996,10.041216676793674,-0.78257417734645318,0.092415050074230495,9.1981216106497303,0.084677494554294006,0.23546854828785854,0.0023043644100148959,0.40377710421181467,0.0069698431079185429,
5.2833969999999999,10.041216676793674,-0.78257417734645318,0.092530606735143725,9.2005532390271494,0.083364426873482639,0.23723248628802809,0.0023666982247944829,0.4038466918430651,0.0070948123503362373,
5.2835320000000001,10.031307038842955,-0.77727805419722229,0.094452334506959015,9.2005532390271494,0.083364426873482639,0.23734021929134891,0.0023667040847937483,0.40384666168590405,0.0070948123503362373,
5.2848480000000002,10.031307038842955,-0.77727805419722229,0.094567891167872245,9.2020125398924435,0.08221863838634591,0.23773304346647306,0.0023427155224078878,0.40384147299045114,0.0070350396185162234,
5.2862600000000004,10.031307038842955,-0.77727805419722229,0.094683447828785475,9.2031185792423216,0.079905462520747442,0.23927373588973641,0.0024485721941640581,0.40381940342916145,0.0069733903248963445,
5.2874660000000002,10.029503343884457,-0.78331925774039168,0.10059916478366163,9.2031185792423216,0.079905462520747442,0.23938146889305723,0.0024485780541633234,0.4038193732720004,0.0069733903248963445,
5.2877070000000002,10.029503343884457,-0.78331925774039168,0.10071472144457486,9.2040068134762976,0.07586028389523311,0.24073188674945095,0.0025285188866245416,0.40376081247246415,0.0069576965616551766,
5.2891550000000001,10.029503343884457,-0.78331925774039168,0.10083027810548809,9.2079183044416126,0.071991361692216982,0.24190914415688261,0.0027644517632588587,0.40390567617908613,0.0071431834043219249,
5.2905670000000002,10.029503343884457,-0.78332028922000352,0.10095670862446922,9.2104868236357547,0.068534828554247001,0.24287033078351264,0.0028202751330184067,0.40395594754730751,0.007041801655164188,
5.2913870000000003,10.02829291682662,-0.78358058136196429,0.10660813464881502,9.2104868236357547,0.068533866910014923,0.24298820144032812,0.002820323759464657,0.40395591455236379,0.007041801385975926,
5.2920049999999996,10.02829291682662,-0.78358161284157613,0.10673456516779616,9.2139112291700958,0.067475209089375918,0.24474040347128997,0.0028369889608174863,0.40407409702186187,0.0070096112854564699,
5.2934489999999998,10.02829291682662,-0.78358264432118796,0.10686099568677729,9.2162314706757655,0.063761213092928509,0.24534135954291914,0.0030784206917607165,0.40412682371162451,0.0070413571857184292,
5.2948750000000002,10.02829291682662,-0.78358367580079979,0.10698742620575842,9.2174644564727242,0.060405458985279603,0.2474134750249686,0.0033217179645373077,0.4042335411291203,0.0071261871218561484,
5.2952839999999997,10.027163043730624,-0.78381428250663177,0.11237345533038567,9.2174644564727242,0.060404497341047525,0.24753134568178409,0.003321766590983558,0.40423350813417658,0.0071261868526678864,
5.2963250000000004,10.027163043730624,-0.7838153139862436,0.11249988584936681,9.2181829452382829,0.055262032464178906,0.24872077843130674,0.0034591790609735384,0.40421555006582066,0.0070383199264824961,
5.297733,10.027163043730624,-0.78381634546585544,0.11262631636834794,9.2212344802423392,0.049672428635011014,0.24956758097838261,0.0037005393285005068,0.40425980696407104,0.0070618406859523737,
5.2991609999999998,10.027163043730624,-0.78381737694546727,0.11275274688732907,9.2256456428751434,0.048762561920021964,0.25053393291466874,0.0037010725709039228,0.40440171759225496,0.007111852175191914,
5.2992689999999998,10.023093025463758,-0.78913184862273933,0.11621217541518564,9.2256456428751434,0.048761600275789886,0.2506518035714842,0.003701121197350173,0.40440168459731124,0.0071118519060036521,
5.3005820000000003,10.023093025463758,-0.78913184862273933,0.11633576008191773,9.2294828532822351,0.045142629258416153,0.25177725653098409,0.0039260074809938173,0.40455270541288046,0.0071549169531767241,
5.3020189999999996,10.023093025463758,-0.78913184862273933,0.11645934474864983,9.2329513048775098,0.040964655942184201,0.25238109847269852,0.004156249925127465,0.40466968627144206,0.0071124769318442905,
5.3031860000000002,10.021988198224035,-0.79653533859385284,0.11975345187893729,9.2329513048775098,0.040964655942184201,0.25249631595307764,0.0041562561922353107,0.40466965401918881,0.0071124769318442905,
5.3034600000000003,10.021988198224035,-0.79653533859385284,0.11987703654566939,9.2358135885867014,0.038266545460246854,0.25389454838596903,0.0042451764058396586,0.40468485228020862,0.0070541810407539042,
5.304888,10.021988198224035,-0.79653533859385284,0.12000062121240149,9.2392993716266663,0.032798426213499696,0.25463588246193686,0.0045483181026632156,0.40477375454379844,0.007105205135740692,
5.3063339999999997,10.021988198224035,-0.79653533859385284,0.12012420587913358,9.2417605241551612,0.028797241442026597,0.25536352889083441,0.0047187717899962291,0.40482235125570104,0.0072130723778999111,
5.3071339999999996,10.020956160998338,-0.80311114358752123,0.12241960701744001,9.2417605241551612,0.028797241442026597,0.25547874637121354,0.0047187780571040748,0.40482231900344778,0.0072130723778999111,
5.3077740000000002,10.020956160998338,-0.80311114358752123,0.1225431916841721,9.2428243516625841,0.029913481604191702,0.25663854516413387,0.0045938822299848633,0.4048806987240916,0.0071697074783941351,
5.3091879999999998,10.020956160998338,-0.80311114358752123,0.1226667763509042,9.2429808967793328,0.029400268522792119,0.25744786678130427,0.004630973071959278,0.40483393521601252,0.0069980620805340328,
5.3106059999999999,10.020956160998338,-0.80311114358752123,0.12278293745886995,9.2440018583102468,0.030470474296954885,0.25854506162719088,0.0045117787543648303,0.40489163754545027,0.006908622856995025,
5.311013,10.022842851989191,-0.81323837710305114,0.12589711095982667,9.2440018583102468,0.030470474296954885,0.25865335815403168,0.0045117846450162388,0.4048916072305449,0.006908622856995025,
5.3120430000000001,10.022842851989191,-0.81323837710305114,0.12601327206779242,9.2434692492973785,0.030112783116292341,0.26074968669103782,0.004614129663683463,0.40484052632975931,0.0069597547382716724,
5.3134750000000004,10.022842851989191,-0.81323837710305114,0.12612943317575817,9.2421616869665133,0.027369024162838023,0.26116429445759448,0.0047699401581855361,0.40476056093714291,0.0069111982235910046,
5.314908,10.019854480041914,-0.82141850344709022,0.12909628257378492,9.2421616869665133,0.027369024162838023,0.26127259098443528,0.0047699460488369446,0.40476053062223755,0.0069111982235910046,
5.3149129999999998,10.019854480041914,-0.82141850344709022,0.12921244368175067,9.2409041605666911,0.03055437612067527,0.2623241953449908,0.0046668560020036425,0.40466076800027112,0.0070171362002443257,
5.3163450000000001,10.019854480041914,-0.82141850344709022,0.12932860478971642,9.2401260920711294,0.034837560474059254,0.26251755962596918,0.0045126929560838948,0.40461581041289457,0.0070515240690245716,
5.3177729999999999,10.019854480041914,-0.82141850344709022,0.12944476589768217,9.2402235066413745,0.04117940815660464,0.26237081619407554,0.0042508854410249807,0.40463397024611891,0.0071388310382703973,
5.3188310000000003,10.017063595573079,-0.8286832009373527,0.12943726064342401,9.2402235066413745,0.04117940815660464,0.26247911272091634,0.0042508913316763892,0.40463393993121355,0.0071388310382703973,
5.319204,10.017063595573079,-0.8286832009373527,0.12955342175138976,9.2402983329494273,0.049919287946049246,0.2616699473591963,0.0037828893366626862,0.40461004553990859,0.007293710833540969,
5.3206819999999997,10.017063595573079,-0.8286832009373527,0.12964203100744395,9.2395377313797109,0.053412989192979571,0.26102054446483369,0.003691040138839803,0.40460729513302979,0.0071801369162228582,
5.3220830000000001,10.017063595573079,-0.8286832009373527,0.12973064026349815,9.2407066553665036,0.054670212913976383,0.26089594228891555,0.0036096395057057169,0.4046168187999149,0.007262890179136997,
5.3227710000000004,10.011918589856942,-0.82761539990298505,0.12853133881809606,9.2407066553665036,0.054670212913976383,0.26097855233667305,0.0036096439991738674,0.40461679567529724,0.007262890179136997,
5.3234969999999997,10.011918589856942,-0.82761539990298505,0.12861994807415025,9.2428977958130876,0.057701164846871322,0.26101425133457989,0.0035926238476354389,0.40472979336474352,0.0073268806858873712,
5.3249389999999996,10.011918589856942,-0.82761539990298505,0.12870855733020445,9.242138189440702,0.060103472055602465,0.25972472471083369,0.0033813536620926855,0.40463568561398261,0.0072588079398556845,
5.3263740000000004,10.011918589856942,-0.82761539990298505,0.12879716658625864,9.2411632140901414,0.068421547737655297,0.25908747615863625,0.0030086064653288567,0.40460044649656923,0.0071525156162024553,
5.3266780000000002,10.01155377510934,-0.82183407149746701,0.12763892516390074,9.2411632140901414,0.068421547737655297,0.25917008620639376,0.0030086109587970072,0.40460042337195157,0.0071525156162024553,
5.3278160000000003,10.01155377510934,-0.82183407149746701,0.12772753441995494,9.2394644551745486,0.075870219005119199,0.25756893072544329,0.0026579337933215824,0.40454427181081865,0.0070972543677121106,
5.3292270000000004,10.01155377510934,-0.82183407149746701,0.12781614367600913,9.2380664206719327,0.080864756099487137,0.25667030919571415,0.0025345156304358522,0.40449842963279747,0.0070315060282118771,
5.3305579999999999,10.011213309253192,-0.81670602075180043,0.12774919430402454,9.2380664206719327,0.080864756099487137,0.25675326447375096,0.0025345201426823631,0.40449840641154122,0.0070315060282118771,
5.3306570000000004,10.011213309253192,-0.81670602075180043,0.12783817386125937,9.2366002448107434,0.08397282050690423,0.25602544888380069,0.0023756732723423913,0.40440634620800209,0.006880922368042058,
5.3321189999999996,10.011213309253192,-0.81670602075180043,0.1279271534184942,9.2364489745422009,0.080638248695651019,0.25536680502055897,0.0025251244125263249,0.40442984310129731,0.0070070150136378575,
5.3335340000000002,10.011213309253192,-0.81670602075180043,0.12801613297572903,9.2372901923221473,0.079918016400852374,0.25372110756707922,0.0026307973323374556,0.40444030630927419,0.0070139923292735417,
5.3345050000000001,10.006145744326242,-0.80838880638870769,0.12500652262490941,9.2372901923221473,0.079918016400852374,0.25380406284511603,0.0026308018445839665,0.40444028308801794,0.0070139923292735417,
5.334981,10.006145744326242,-0.80838880638870769,0.12509550218214424,9.2380935674531521,0.083651887334849601,0.252493224988317,0.0024665327364464125,0.40453014102137008,0.007060277619895426,
5.3364209999999996,10.006145744326242,-0.80838880638870769,0.12518448173937907,9.2378062509097525,0.087509182983878483,0.24921773626771038,0.0022477988686004429,0.40448992534217793,0.0068637796671090889,
5.337885,10.006145744326242,-0.80838880638870769,0.1252734612966139,9.2391010441956372,0.091986167975106295,0.24716224774069029,0.0019793802797297044,0.40449067495416774,0.0068280789331795462,
5.3384090000000004,10.001414487470385,-0.801006770382929,0.12238436011648253,9.2391010441956372,0.091986167975106295,0.24724520301872713,0.0019793847919762153,0.40449065173291149,0.0068280789331795462,
5.3393030000000001,10.001414487470385,-0.801006770382929,0.12247333967371736,9.2382041074829093,0.091961551719704965,0.24544605832822708,0.0019985723039855591,0.40443381406544854,0.0069148580764266231,
5.3406960000000003,10.001414487470385,-0.801006770382929,0.12253310566538597,9.2375715119418995,0.089229067153526506,0.2439939265851965,0.0022124419439618361,0.40442867645461789,0.0069182745353586267,
5.3421409999999998,10.001414487470385,-0.801006770382929,0.12259287165705458,9.2363632692034106,0.086893071231601851,0.24272786464630447,0.0022338312619734463,0.40436494478214979,0.0069221095551631759,
5.3423639999999999,10.001744577958194,-0.79444546465892951,0.11633347805377682,9.2363632692034106,0.086893071231601851,0.24278358423640012,0.0022338342927694602,0.40436492918484351,0.0069221095551631759,
5.3435540000000001,10.001744577958194,-0.79444546465892951,0.11639324404544543,9.2355283578902636,0.084268681889149252,0.24138892937440137,0.0023183812243004437,0.40433599998136038,0.0069569021461336261,
5.3450119999999997,10.001744577958194,-0.79444546465892951,0.11645301003711404,9.2356030055009377,0.08582555270420876,0.239692024405806,0.0022406342613062258,0.40430716736070044,0.0071092710915663521,
5.3462699999999996,9.9979322657714089,-0.79936590005250263,0.11528344709615457,9.2356030055009377,0.08582555270420876,0.23974774399590165,0.0022406372921022397,0.40430715176339416,0.0071092710915663521,
5.3464539999999996,9.9979322657714089,-0.79936590005250263,0.11534321308782318,9.2351971061475933,0.091088525321616182,0.23788344806736572,0.002067550741851029,0.40430255862013809,0.0070198536937781724,
5.3478830000000004,9.9979322657714089,-0.79936590005250263,0.11540297907949179,9.2338236987523956,0.091685722678818374,0.23641273249366962,0.0019619970819636759,0.40419432811475026,0.0070253425559920002,
5.3493089999999999,9.9979322657714089,-0.79936590005250263,0.1154627450711604,9.2313772949353705,0.090293857697020447,0.23533142523084596,0.0020839492892512738,0.40407713719249533,0.0070740063484877056,
5.3501500000000002,9.9943743727890144,-0.78655868845713039,0.11433702180527636,9.2313772949353705,0.090293857697020447,0.23538714482094161,0.0020839523200472877,0.40407712159518905,0.0070740063484877056,
5.3507259999999999,9.9943743727890144,-0.78655868845713039,0.1143811650067442,9.2295743998435569,0.08723396168648459,0.23496215044291371,0.0022630619380847104,0.40400075750802,0.0070167742969495092,
5.3521539999999996,9.9943743727890144,-0.78655868845713039,0.11442530820821203,9.2274267733944093,0.084116509343393139,0.23455710305453775,0.0024847306173472923,0.40390130700520738,0.0070089629425184588,
5.3535870000000001,9.9943743727890144,-0.78655868845713039,0.11446945140967987,9.2262891578982718,0.083189223569811385,0.23331446932834532,0.0024859721275372255,0.40389771826099452,0.006991363609849215,
5.3540789999999996,9.9853494892187395,-0.77518114518286851,0.10907720809577727,9.2262891578982718,0.083189223569811385,0.23335562385490174,0.002485974366085191,0.40389770674081366,0.006991363609849215,
5.3550440000000004,9.9853494892187395,-0.77518114518286851,0.10912135129724511,9.2234892867297944,0.082143214518673777,0.23249169411038539,0.0024889225191815998,0.40378011877812892,0.0070874768817812779,
5.3564550000000004,9.9853494892187395,-0.77518114518286851,0.10916549449871295,9.2191156559511711,0.081336893768919102,0.2316509698238543,0.0024967103109562717,0.40356299767661402,0.0071283816838449542,
5.3578910000000004,9.9853494892187395,-0.77518114518286851,0.10920963770018079,9.2139091601322622,0.079709764596847879,0.23165315224832617,0.0026094038830212305,0.40335532666264667,0.0071075873363505388,
5.3579730000000003,9.9797772899488528,-0.78842451782488721,0.10907564727974364,9.2139091601322622,0.079709764596847879,0.23169430677488259,0.002609406121569196,0.40335531514246581,0.0071075873363505388,
5.3593109999999999,9.9797772899488528,-0.78842451782488721,0.10911979048121148,9.209376735687874,0.074802567885722565,0.23221665427409974,0.0028895390855306915,0.40310718188437505,0.0071622635936716261,
5.3607480000000001,9.9797772899488528,-0.78842451782488721,0.10914837278125526,9.2050038698792438,0.068028784172157214,0.23337685394645358,0.003213419826857293,0.40288100525983184,0.0072127437362914755,
5.3619029999999999,9.9745720617762288,-0.80260582489985477,0.10900215485593361,9.2050038698792438,0.068028784172157214,0.23340350110812474,0.0032134212762956545,0.40288099780062508,0.0072127437362914755,
5.3621850000000002,9.9745720617762288,-0.80260582489985477,0.10903073715597739,9.2027907382722276,0.062073720101167441,0.23384045989943833,0.0034454868202134139,0.40280102130215806,0.0070687394875099665,
5.3636169999999996,9.9745720617762288,-0.80260582489985477,0.10905931945602117,9.1999378625478041,0.056964750973982597,0.23444029449970422,0.0036264077904616687,0.40272698274924651,0.0070352806882039483,
5.3650710000000004,9.9745720617762288,-0.80260582489985477,0.10908790175606495,9.1975172059803079,0.055782562060184636,0.23435956377140432,0.0036492808874834773,0.40262535789336185,0.0070319296367968576,
5.3658270000000003,9.9622658548131078,-0.8152007788888932,0.10852531634596213,9.1975172059803079,0.055782562060184636,0.23438621093307549,0.0036492823369218387,0.40262535043415509,0.0070319296367968576,
5.3664740000000002,9.9622658548131078,-0.8152007788888932,0.10855389864600591,9.1943687821363405,0.051921042716214082,0.23481272436362968,0.0037841800230011702,0.4024770968368257,0.0070043868822704455,
5.3679079999999999,9.9622658548131078,-0.8152007788888932,0.10858248094604969,9.1908862846063393,0.046567073885380617,0.23475847219061843,0.0040190670535076231,0.40232519160222402,0.0070476311724461706,
5.3693470000000003,9.9622658548131078,-0.8152007788888932,0.10861106324609347,9.1902043661754949,0.041857997407643087,0.23534069828612619,0.0042646112849963943,0.40231406625932659,0.0070139393294719431,
5.3697470000000003,9.955843484488204,-0.82182037333893676,0.10953584174366711,9.1902043661754949,0.041857997407643087,0.23536734544779736,0.0042646127344347562,0.40231405880011983,0.0070139393294719431,
5.3707890000000003,9.955843484488204,-0.82182037333893676,0.10956010317561694,9.1891897846615311,0.036212340163594772,0.23627076250581197,0.0044823781632632679,0.40223698664754692,0.0070253147315701113,
5.3722070000000004,9.955843484488204,-0.82182037333893676,0.10958436460756678,9.1896430405122285,0.032777753399237913,0.23695426267045022,0.0045893471112304551,0.40222872091064921,0.0068918823575021687,
5.3736420000000003,9.955843484488204,-0.82182037333893676,0.10960862603951661,9.1888314210736315,0.032845234718949942,0.23663674061535153,0.0045567307453463421,0.40220164524400887,0.0068522507175223339,
5.3736740000000003,9.9498448725427018,-0.836561881243581,0.11048572351346432,9.1888314210736315,0.032845234718949942,0.23665935944933447,0.0045567319756689584,0.40220163891243177,0.0068522507175223339,
5.375076,9.9498448725427018,-0.836561881243581,0.11050998494541416,9.1887333194090459,0.033034413855144003,0.23717947716684465,0.0046106473226505094,0.40224940719092883,0.0069022436909642213,
5.3765229999999997,9.9498448725427018,-0.836561881243581,0.11053424637736399,9.1883579212248137,0.033911455410289518,0.23753125071386572,0.0045568932157849153,0.40216600713966011,0.0069993411357599919,
5.3776130000000002,9.948835968841907,-0.84965687664870893,0.1139906267542358,9.1883579212248137,0.033911455410289518,0.23755386954784866,0.0045568944461075317,0.40216600080808301,0.0069993411357599919,
5.3779380000000003,9.948835968841907,-0.84965687664870893,0.11401488818618563,9.1886673320860162,0.034072016747145793,0.23790395463464376,0.004596589076870103,0.40218570199577663,0.0071073696987813961,
5.3793810000000004,9.948835968841907,-0.84965687664870893,0.11403914961813547,9.1889764203098192,0.034988303234477144,0.23823578258197306,0.0046276570600973649,0.40218864333373128,0.0071191397363397635,
5.3808129999999998,9.948835968841907,-0.84965687664870893,0.11407718749178089,9.1899710208204652,0.037430486311173711,0.23839210435173508,0.0045033955083055334,0.40220422678637802,0.0071219884233835306,
5.3815359999999997,9.9440906331236771,-0.84811674937128023,0.11330513994020215,9.1899710208204652,0.037430486311173711,0.23842756690608177,0.0045033974372459323,0.40220421685952246,0.0071219884233835306,
5.3822489999999998,9.9440906331236771,-0.84811674937128023,0.11334317781384758,9.1909614220803366,0.039312244411001979,0.2382502074942732,0.0043268239004903581,0.40222957307519447,0.007153608755874015,
5.3836690000000003,9.9440906331236771,-0.84811674937128023,0.113381215687493,9.1920881068500808,0.043667370746756293,0.23790657592793232,0.0041600006296105933,0.40230089169548283,0.0071768154719902295,
5.3851040000000001,9.9440906331236771,-0.84811674937128023,0.11341925356113843,9.1922190562881028,0.048135769279042132,0.2370771425676185,0.004009957404325421,0.40228724757638362,0.0071205469366527434,
5.3854930000000003,9.9396567511386191,-0.83841170552570987,0.1126756897196315,9.1922190562881028,0.048135769279042132,0.23711260512196519,0.0040099593332658199,0.40228723764952806,0.0071205469366527434,
5.3865350000000003,9.9396567511386191,-0.83841170552570987,0.11271372759327693,9.1926801276396137,0.051078088245305624,0.23680853941641564,0.0039128508196980263,0.40230187105565829,0.0071865861862120762,
5.3879809999999999,9.9396567511386191,-0.83841170552570987,0.11275176546692235,9.192975054761181,0.054513684224999442,0.23601552302405987,0.0037732506663081117,0.4022560275278434,0.0072268123804470862,
5.3893820000000003,9.93757606680159,-0.82980545273906947,0.11067544644878581,9.192975054761181,0.054513684224999442,0.23605098557840656,0.0037732525952485106,0.40225601760098784,0.0072268123804470862,
5.3894270000000004,9.93757606680159,-0.82980545273906947,0.11071348432243124,9.1918885843786491,0.056499642935181935,0.23544433247490365,0.0036889616590591416,0.40220669879236748,0.0072318082852248803,
5.3908519999999998,9.93757606680159,-0.82980545273906947,0.11073311853684241,9.1908926866139513,0.059580696307917715,0.23483188455558526,0.0035668036268824256,0.40209714736139662,0.0072319210125293895,
5.3922639999999999,9.93757606680159,-0.82980545273906947,0.11075275275125358,9.1899880715000144,0.064337931878697727,0.23420697828778761,0.0033877791463279776,0.40211267022296421,0.0071363589998561672,
5.3932900000000004,9.9349975618932476,-0.82512120053552307,0.10916567061135085,9.1899880715000144,0.064337931878697727,0.2342252831857454,0.0033877801419995479,0.40211266509896565,0.0071363589998561672,
5.3937439999999999,9.9349975618932476,-0.82512120053552307,0.10918530482576203,9.1884820605207107,0.067748577428423884,0.23264968612348466,0.0033088195336871463,0.4020274637383992,0.0071185533058647811,
5.3951570000000002,9.9349975618932476,-0.82512120053552307,0.1092049390401732,9.1868864789593303,0.070372217583091937,0.23192935016036845,0.0032021458650902807,0.40193790531702389,0.0071164237207222807,
5.3965930000000002,9.9349975618932476,-0.82512120053552307,0.10922457325458437,9.184781587095479,0.073366273482368488,0.2312245036924632,0.0031092122135331713,0.40185759963388545,0.0071181741552847769,
5.3971999999999998,9.9325899664307276,-0.8209631052741696,0.1077045043545567,9.184781587095479,0.073366273482368488,0.23124280859042098,0.0031092132092047416,0.4018575945098869,0.0071181741552847769,
5.398028,9.9325899664307276,-0.8209631052741696,0.10772413856896787,9.1798908702393458,0.076662416090687899,0.23121633024936192,0.0030615957930506372,0.40169823172252189,0.0070712476646986331,
5.3994419999999996,9.9325899664307276,-0.8209631052741696,0.10774377278337904,9.1762608705552093,0.07990544971275941,0.23053995425944232,0.0029047019660841215,0.40152480187908185,0.0071559267509783645,
5.4008880000000001,9.9325899664307276,-0.8209631052741696,0.10777261604776463,9.171644702692511,0.081893911851815382,0.23004583409062371,0.0027775348214990202,0.4013506413299387,0.007125225416789698,
5.4011089999999999,9.9287591922565088,-0.81351387015170873,0.10674402840145239,9.171644702692511,0.081893911851815382,0.23007272454828559,0.0027775362841711568,0.40135063380262731,0.007125225416789698,
5.402317,9.9287591922565088,-0.81351387015170873,0.10677287166583797,9.1688790385941417,0.084385206320822206,0.22926557111371987,0.0027320236192954887,0.40125177154151681,0.007161375002356825,
5.4037379999999997,9.9287591922565088,-0.81351387015170873,0.10680171493022356,9.1664171245821091,0.088031267068611002,0.22848025713022579,0.0027029967686074134,0.4011233996668444,0.0072197014058989666,
5.4050279999999997,9.9215425275281337,-0.80877808193589595,0.10581558206625605,9.1664171245821091,0.088031267068611002,0.22850714758788768,0.0027029982312795501,0.40112339213953302,0.0072197014058989666,
5.4051770000000001,9.9215425275281337,-0.80877808193589595,0.10584442533064163,9.1623539773319305,0.088126622003336902,0.22758084832531186,0.0026873415883271901,0.4009646273360436,0.0072339415621964541,
5.4066200000000002,9.9215425275281337,-0.80877808193589595,0.10587326859502721,9.1583106109510268,0.09023424315377114,0.22666574384963542,0.002637624430395781,0.40081259458416407,0.0072114283492791332,
5.408067,9.9215425275281337,-0.80877808193589595,0.1059021118594128,9.1545676054842477,0.091449975207685982,0.22608476610787559,0.002457016437598887,0.40067187459955411,0.0071638257451709418,
5.4090119999999997,9.9147959808261916,-0.80456585977394324,0.10348706671269922,9.1545676054842477,0.091449975207685982,0.22611165656553747,0.0024570179002710237,0.40067186707224273,0.0071638257451709418,
5.4094749999999996,9.9147959808261916,-0.80456585977394324,0.10351590997708481,9.1524602203214123,0.093772647400626907,0.22571085411826933,0.002339773686939019,0.40060677124634997,0.0071948995313264891,
5.4109049999999996,9.9147959808261916,-0.80456585977394324,0.10355031497953737,9.1491588291241399,0.094586306374702889,0.22484991955607511,0.002176637425515846,0.40045234737098928,0.0073145561747105401,
5.4123340000000004,9.9147959808261916,-0.80456585977394324,0.10358471998198994,9.1465208629626229,0.093233742498831401,0.22464939941192574,0.0021275145399044151,0.4003251616955209,0.007241755005167291,
5.4129329999999998,9.9065920736922042,-0.8032470740367802,0.10043790614601776,9.1465208629626229,0.093233742498831401,0.22468147505528704,0.0021275162846181124,0.4003251527167464,0.007241755005167291,
5.4137789999999999,9.9065920736922042,-0.8032470740367802,0.10047231114847033,9.144292463198008,0.091254689027013031,0.22433805666098841,0.0021856694135886936,0.40018970130663772,0.007251633296800143,
5.4152120000000004,9.9065920736922042,-0.8032470740367802,0.1005067161509229,9.1444732315822588,0.090498706054890632,0.22413344052033998,0.0022185177583698974,0.40016702937637638,0.0071189088418795827,
5.41662,9.9065920736922042,-0.8032470740367802,0.10054112115337546,9.1432701257912274,0.089034411054728438,0.22396131143670814,0.0022862204724823872,0.40011435300530046,0.0071614286075877111,
5.4168609999999999,9.8995645948123858,-0.79643059452260379,0.097527372937159393,9.1432701257912274,0.089034411054728438,0.22399338708006944,0.0022862222171960845,0.40011434402652596,0.0071614286075877111,
5.4180780000000004,9.8995645948123858,-0.79643059452260379,0.09756177793961196,9.1416209153961514,0.091264947254768039,0.2234773686163781,0.0022611795348493171,0.40003110689245308,0.0071218310239933268,
5.4194810000000002,9.8995645948123858,-0.79643059452260379,0.097596182942064527,9.1394670505783644,0.091461935355056881,0.22331507167381373,0.0022619460657584481,0.39990278061654416,0.0071308840638637681,
5.4207840000000003,9.8930025449358965,-0.79038010708406148,0.094180554670785815,9.1394670505783644,0.091461935355056881,0.22334064275558918,0.0022619474566648165,0.39990277345855907,0.0071308840638637681,
5.4209269999999998,9.8930025449358965,-0.79038010708406148,0.09420798274514397,9.138863241742671,0.089982572376474321,0.22316842406505003,0.0023548167313540589,0.39982597509045575,0.007065335656599836,
5.4223730000000003,9.8930025449358965,-0.79038010708406148,0.094235410819502125,9.1373143371859271,0.085571193303905391,0.22364396493390198,0.0024966883157524814,0.39974408168612241,0.0068598300054943046,
5.4238090000000003,9.8930025449358965,-0.79038010708406148,0.094262838893860279,9.1374168907803526,0.079246696571955946,0.2238055336209922,0.0027716491306457366,0.39972091227320283,0.0068340048475463103,
5.4247040000000002,9.8846561792358401,-0.78689104793494435,0.092984881385652321,9.1374168907803526,0.079246696571955946,0.22383110470276765,0.002771650521552105,0.39972090511521774,0.0068340048475463103,
5.4252279999999997,9.8846561792358401,-0.78689104793494435,0.093012309460010476,9.1373784900690769,0.074322514125112607,0.22396707669349802,0.0029824998955171205,0.39969967802486867,0.0066801371155141157,
5.4266399999999999,9.8846561792358401,-0.78689104793494435,0.09303973753436863,9.1355035796023412,0.0721915615003908,0.22445105120153871,0.0030685189799740231,0.39962640965191104,0.0067790566534623011,
5.4280809999999997,9.8846561792358401,-0.78689104793494435,0.093067165608726785,9.1346439793272829,0.069678934370874399,0.22376611194480958,0.0031972988026564499,0.39953608038640709,0.0067306843851072523,
5.4286380000000003,9.8427765343624198,-0.78863157005339346,0.091841399297665813,9.1346439793272829,0.069678934370874399,0.22379168302658503,0.0031973001935628183,0.399536073228422,0.0067306843851072523,
5.4295239999999998,9.8427765343624198,-0.78863157005339346,0.091868827372023967,9.1328102475184263,0.066029888309428825,0.22446264581673553,0.003363040638247332,0.39948124710759481,0.0068886578998287144,
5.4309690000000002,9.8427765343624198,-0.78863157005339346,0.091911638933312945,9.1331901573392482,0.061117885394568749,0.22494158356072827,0.0034981023138279618,0.39948885969508396,0.0068600320662486874,
5.4323870000000003,9.8427765343624198,-0.78863157005339346,0.091954450494601922,9.133075763820246,0.055154544480034075,0.22609714629560293,0.0037233195489414709,0.39948135564526638,0.0069848523129418067,
5.4325640000000002,9.8442568105818875,-0.79017667777184852,0.092574305689428635,9.133075763820246,0.055154544480034075,0.22613705933945574,0.0037233217199605685,0.39948134447260752,0.0069848523129418067,
5.4338139999999999,9.8442568105818875,-0.79017667777184852,0.092617117250717612,9.1324171299569894,0.049421044802106809,0.22692006745520912,0.0039186772351772186,0.39950556050191943,0.0069424437885895066,
5.435244,9.8442568105818875,-0.79017667777184852,0.092659928812006589,9.1315750225458974,0.044808789731586994,0.2270466058152216,0.004123040504786608,0.39947439748807789,0.0070023270444671565,
5.4364330000000001,9.8492774843894626,-0.79906184325216889,0.091257861496585047,9.1315750225458974,0.044808789731586994,0.22708651885907441,0.004123042675805706,0.39947438631541904,0.0070023270444671565,
5.436687,9.8492774843894626,-0.79906184325216889,0.091300673057874024,9.1314204195064441,0.042126269496411073,0.22700917981490387,0.0042451765470077497,0.39945718770112715,0.0068383437160208279,
5.438129,9.8492774843894626,-0.79906184325216889,0.091343484619163001,9.1315226939205498,0.042277430740341009,0.22693349036287261,0.0042600289382166891,0.39948250642677918,0.0068185441591200394,
5.4395420000000003,9.8492774843894626,-0.79906184325216889,0.091386296180451979,9.1319926057685858,0.039900754195084563,0.22652567195257825,0.0043031492317139883,0.39948416592963165,0.0067288852363473544,
5.440334,9.8504818749975502,-0.80882670680349311,0.09004075663879002,9.1319926057685858,0.039900754195084563,0.22656610332267216,0.0043031514309267802,0.39948415461188036,0.0067288852363473544,
5.4409809999999998,9.8504818749975502,-0.80882670680349311,0.090084124167589763,9.1321642305909183,0.037542314442661824,0.2266792446143166,0.0044409283618747804,0.39947298641984147,0.0067376944298531815,
5.4424070000000002,9.8504818749975502,-0.80882670680349311,0.090127491696389506,9.1320328676095617,0.036192902629538073,0.22693853552004242,0.0044809376251437839,0.39942968709304999,0.0066778987728422223,
5.4438300000000002,9.8504818749975502,-0.80882670680349311,0.090170859225189248,9.1309450727413832,0.03516606112882071,0.22735155329438336,0.0045365916038314844,0.39939290860066551,0.0065733168861414901,
5.444229,9.8516062586188617,-0.81749386913314848,0.088878811212282971,9.1309450727413832,0.03516606112882071,0.22739198466447727,0.0045365938030442763,0.39939289728291422,0.0065733168861414901,
5.4452730000000003,9.8516062586188617,-0.81749386913314848,0.088922178741082714,9.131282333198568,0.035918716030560134,0.22764885478835176,0.0045196929907655265,0.39930152446929584,0.0066864064882163673,
5.4467379999999999,9.8516062586188617,-0.81749386913314848,0.088965546269882456,9.1332138720554958,0.03844743150579439,0.22721943130279743,0.0043786524757953018,0.39933872958564237,0.0067597637526768117,
5.4481380000000001,9.8516062586188617,-0.81749386913314848,0.089008913798682199,9.1350193281602206,0.041135977338555479,0.22665950582456335,0.0042645720867983969,0.39937954336732101,0.0069815024442428583,
5.448188,9.8475876917685685,-0.81982942558617877,0.090910331161586228,9.1350193281602206,0.041135977338555479,0.22669993719465725,0.0042645742860111888,0.39937953204956972,0.0069815024442428583,
5.4495610000000001,9.8475876917685685,-0.81982942558617877,0.09095369869038597,9.1355801063793738,0.043658581691104294,0.22678649562705502,0.0042026124919610089,0.39942551907034085,0.0069586720940843158,
5.451003,9.8475876917685685,-0.81982942558617877,0.090996703138362348,9.1351301047432436,0.045011566623671652,0.22656505410050268,0.0041924615878067535,0.39936855064448112,0.0070052231418106532,
5.4520949999999999,9.843835648888053,-0.8194863456652749,0.092810569854236136,9.1351301047432436,0.045011566623671652,0.22660514697182688,0.0041924637686073371,0.39936853942148409,0.0070052231418106532,
5.4524330000000001,9.843835648888053,-0.8194863456652749,0.092853574302212513,9.1360175120481646,0.046381654195999503,0.22654052013845952,0.0041814952644797891,0.39946276883722154,0.0070429035119637228,
5.4538890000000002,9.843835648888053,-0.8194863456652749,0.092896578750188891,9.1383058529292285,0.049262865555448766,0.22579218426343189,0.0040583801462328265,0.39954259540947412,0.0069517128228449212,
5.4553050000000001,9.843835648888053,-0.8194863456652749,0.092939583198165268,9.1414201323319855,0.052653788176685597,0.22488571050571379,0.0039627586436879643,0.39967480463200161,0.0068465417618144234,
5.4560180000000003,9.8452445419949139,-0.81918167242711626,0.090687460758634389,9.1414201323319855,0.052653788176685597,0.22492580337703799,0.0039627608244885478,0.39967479340900458,0.0068465417618144234,
5.456753,9.8452445419949139,-0.81918167242711626,0.090730465206610766,9.1436854712589284,0.05634310302077427,0.22421011557653842,0.0038102603621691213,0.39974309138650366,0.0068385049099864972,
5.4582170000000003,9.8452445419949139,-0.81918167242711626,0.090773469654587144,9.145222174135279,0.058905219791350945,0.22370132332918674,0.0037160616768002258,0.39979527974340745,0.0069737258770756205,
5.4596150000000003,9.8452445419949139,-0.81918167242711626,0.090816474102563521,9.1459603867995849,0.060675998460221904,0.2231887058237495,0.0036092258616673457,0.39980770706095609,0.006939565836337684,
5.4599320000000002,9.8503551837508159,-0.81246754480746031,0.089390665766187663,9.1459603867995849,0.060675998460221904,0.2232287986950737,0.0036092280424679293,0.39980769583795905,0.006939565836337684,
5.4610269999999996,9.8503551837508159,-0.81246754480746031,0.089436574860750961,9.1472412159793652,0.063865896726258614,0.22272271530294949,0.0034961096728961232,0.3998429666039871,0.0069124098908128319,
5.4624550000000003,9.8503551837508159,-0.81246754480746031,0.08948248395531426,9.1494171219852749,0.065473616240425428,0.22223402096206479,0.0033885479941933912,0.39988311742114402,0.0069550689046376495,
5.4638270000000002,9.8551261433748607,-0.8094610330129608,0.08811815966504799,9.1494171219852749,0.065473616240425428,0.22227682182354655,0.0033885503222916445,0.39988310544011285,0.0069550689046376495,
5.4638939999999998,9.8551261433748607,-0.8094610330129608,0.088164068759611289,9.1513176646172365,0.068231036195751466,0.2221271612979436,0.0032593354019083602,0.39992779325745292,0.0070263428930958018,
5.4653520000000002,9.8551261433748607,-0.8094610330129608,0.088209977854174587,9.1510928814030681,0.072248623603418646,0.22198496022116454,0.0030590419190451358,0.39994582386597416,0.007122494094778325,
5.4667820000000003,9.8551261433748607,-0.8094610330129608,0.088255886948737886,9.1500195334838494,0.076515183972796511,0.22234992265821418,0.0030054546190428819,0.3998945955179502,0.0071681266807132344,
5.46774,9.855943685771182,-0.80679132346120042,0.086526333818101195,9.1500195334838494,0.076515183972796511,0.22239272351969594,0.0030054569471411352,0.39989458353691903,0.0071681266807132344,
5.4681860000000002,9.855943685771182,-0.80679132346120042,0.086572242912664493,9.1489277772802993,0.080179704737949054,0.22257865585498463,0.0027843104717528021,0.39989828482995704,0.0072693709493359187,
5.4696709999999999,9.855943685771182,-0.80679132346120042,0.086618152007227792,9.1483977255343589,0.083317831720694818,0.22308825376982935,0.0026574738909012304,0.39991658689676884,0.0073141836852903801,
5.4711069999999999,9.855943685771182,-0.80679132346120042,0.086664431402971726,9.1491195539999008,0.084089464680678225,0.22374023006548382,0.0026969481469005631,0.39994725102272183,0.0071745195871010413,
5.4716820000000004,9.8571810989437587,-0.79877969802701509,0.087623296185531635,9.1491195539999008,0.084089464680678225,0.22378337615724492,0.0026969504937771767,0.39994723894505207,0.0071745195871010413,
5.4725349999999997,9.8571810989437587,-0.79877969802701509,0.087669575581275569,9.147430699528341,0.087755885970484629,0.2245776237975679,0.0026005448844974924,0.39994939215925934,0.0070835792269350224,
5.4739420000000001,9.8571810989437587,-0.79877969802701509,0.087715854977019503,9.1458290793291894,0.089114015130419999,0.22504644184065947,0.0025035162560346283,0.39988675617338687,0.0071095738258890465,
5.4753550000000004,9.8571810989437587,-0.79877969802701509,0.087762134372763437,9.1456085540435144,0.092543814404739605,0.22599386047951339,0.0024327888844832284,0.39987223774700087,0.0071651506575828626,
5.475568,9.858336094039565,-0.78791584002507498,0.088672685327599754,9.1456085540435144,0.092543814404739605,0.22603700657127448,0.002432791231359842,0.39987222566933112,0.0071651506575828626,
5.4767929999999998,9.858336094039565,-0.78791584002507498,0.088718964723343688,9.1444989379414263,0.094478788935967228,0.22631279130593335,0.0022851135069180076,0.39987425668143001,0.0072706382598470686,
5.4782400000000004,9.858336094039565,-0.78791584002507498,0.088765244119087622,9.1445431143161606,0.096879798125949018,0.22770925656901719,0.0022214757533463927,0.39988913207676219,0.0071899507313373332,
5.4794559999999999,9.8594143030539652,-0.77827491040212493,0.088061344802264477,9.1445431143161606,0.096879798125949018,0.22775240266077829,0.0022214781002230064,0.39988911999909243,0.0071899507313373332,
5.4796529999999999,9.8594143030539652,-0.77827491040212493,0.088107624198008411,9.1462968721234184,0.09723903517508202,0.22878584511942934,0.002167227263648559,0.39995795232131398,0.0071199217283752702,
5.4810829999999999,9.8594143030539652,-0.77827491040212493,0.088152482214847255,9.1465998906501795,0.096912989626656051,0.22981293564528976,0.0021685006626181104,0.3999470766278313,0.0071049011324311991,
5.4825109999999997,9.8594143030539652,-0.77827491040212493,0.0881973402316861,9.1482419039381249,0.096297890259962118,0.23049056148497446,0.0021356406764137864,0.39996351427776183,0.0071513280906529541,
5.4833879999999997,9.8629567242090488,-0.77373276966051396,0.088878032136315385,9.1482419039381249,0.096297890259962118,0.23053238243098373,0.0021356429512107877,0.39996350257103347,0.0071513280906529541,
5.4839539999999998,9.8629567242090488,-0.77373276966051396,0.08892289015315423,9.1496146876335782,0.094989683011789672,0.23214005046142422,0.0021398198676933385,0.40005805505979136,0.0068988817002915261,
5.4854180000000001,9.8629567242090488,-0.77373276966051396,0.088967748169993074,9.1504991172728083,0.092812216129871589,0.23276147561113181,0.0021765133243622998,0.40010800764611665,0.0069020663557890043,
5.4868350000000001,9.8629567242090488,-0.77373276966051396,0.089012606186831919,9.152819432453553,0.090138930408119239,0.2342030043230201,0.0022435920657149118,0.40023750117551299,0.0070472824484072057,
5.4873099999999999,9.8662654632939972,-0.77775023139355715,0.089657699271463845,9.152819432453553,0.090138930408119239,0.23424482526902937,0.0022435943405119132,0.40023748946878462,0.0070472824484072057,
5.4882730000000004,9.8662654632939972,-0.77775023139355715,0.089702557288302689,9.1542849196320866,0.087457997317371652,0.2348294283580365,0.0023053911430091214,0.40031888377118008,0.007078581210001632,
5.4896849999999997,9.8662654632939972,-0.77775023139355715,0.089747415305141534,9.1571042093456505,0.084046568299396912,0.23607103699962065,0.0024773000009021677,0.4004380127933353,0.0071731450135182591,
5.4911289999999999,9.8662654632939972,-0.77775023139355715,0.089778991887350501,9.1596738347179407,0.0812338206292854,0.23611301328212961,0.0025715185567115584,0.40049773495656632,0.0071582971707961603,
5.4912159999999997,9.8682463675400882,-0.78131674162345011,0.09163428200180132,9.1596738347179407,0.0812338206292854,0.23614245200084208,0.0025715201579931037,0.40049772671593298,0.0071582971707961603,
5.4925329999999999,9.8682463675400882,-0.78131674162345011,0.091665858584010287,9.1628598614722705,0.076960645583886447,0.23667808632361534,0.0026831103179635971,0.40062475374098733,0.0071874048900916147,
5.49397,9.8682463675400882,-0.78131674162345011,0.091697435166219254,9.1660290220920668,0.072061054835253907,0.23752951862935301,0.0028758549748817697,0.40075063873823286,0.0071456350652352417,
5.4951439999999998,9.8742148405636296,-0.78878003944376862,0.094516329159190379,9.1660290220920668,0.072061054835253907,0.23755895734806548,0.002875856576163315,0.40075063049759951,0.0071456350652352417,
5.4954140000000002,9.8742148405636296,-0.78878003944376862,0.094547905741399346,9.1692689725588963,0.068112147499045705,0.23855308917643292,0.0030342091114601089,0.40084859532447908,0.0071142350093938832,
5.496861,9.8742148405636296,-0.78878003944376862,0.094579482323608313,9.1734581702616147,0.063233162290865452,0.23869454061902332,0.0032515237632635913,0.40097225326095159,0.0069744461184179825,
5.4982740000000003,9.8742148405636296,-0.78878003944376862,0.09461105890581728,9.1756110568436142,0.059185926739906837,0.23933251468992278,0.0033652887670806079,0.4010953362384948,0.0069544244722995231,
5.499072,9.8797898667458064,-0.79540888724173708,0.097302897207421024,9.1756110568436142,0.059185926739906837,0.23936195340863525,0.0033652903683621532,0.40109532799786146,0.0069544244722995231,
5.4997109999999996,9.8797898667458064,-0.79540888724173708,0.097334473789629991,9.1772986730085861,0.055551997688248735,0.23983484593830501,0.0034456611362229804,0.40117669246607607,0.0070387147599336756,
5.5011590000000004,9.8797898667458064,-0.79540888724173708,0.0973736455688127,9.179741915789851,0.051475918853828372,0.24013656246980969,0.0036802285561000525,0.40129653481319322,0.0069962093813702502,
5.5025779999999997,9.8797898667458064,-0.79540888724173708,0.097412817347995409,9.1816371295321204,0.048378846646494153,0.24074831694912882,0.0037393981875912469,0.40137588631564869,0.0069685504812542019,
5.5029899999999996,9.8875261090131197,-0.80451675873392881,0.099989423689242074,9.1816371295321204,0.048378846646494153,0.24078483663897987,0.0037394001740331832,0.40137587609287451,0.0069685504812542019,
5.5039870000000004,9.8875261090131197,-0.80451675873392881,0.10002859546842478,9.1841257756107275,0.046469422836703432,0.24139750767312934,0.0038733316736313801,0.40148941428683765,0.0070484348236164911,
5.5054259999999999,9.8875261090131197,-0.80451675873392881,0.10006776724760749,9.1859845896506087,0.043945705928296851,0.24115515864166129,0.0039635264082988802,0.40155369677319119,0.0069280231588152849,
5.506875,9.8875261090131197,-0.80451675873392881,0.1001069390267902,9.1864745482640782,0.043739484673271385,0.24158130698425653,0.0039747195994751482,0.40159223306288322,0.0069198638927459848,
5.5069220000000003,9.8881022393512605,-0.8120690460527008,0.10256611402146945,9.1864745482640782,0.043739484673271385,0.24161782667410758,0.0039747215859170845,0.40159222284010904,0.0069198638927459848,
5.5082950000000004,9.8881022393512605,-0.8120690460527008,0.10260528580065216,9.1867241316285977,0.041205352689948169,0.24188536093036095,0.0040175414591938283,0.40162294176281577,0.0069804183142995338,
5.5097339999999999,9.8881022393512605,-0.8120690460527008,0.10264445757983487,9.186767151390546,0.040936105190667399,0.241977026275188,0.0040653548575030557,0.40162739393568825,0.0069893514104406558,
5.5108579999999998,9.888640410192588,-0.8187768195059516,0.10456107259490796,9.186767151390546,0.040936105190667399,0.2420009331354554,0.0040653561578862189,0.4016273872435604,0.0069893514104406558,
5.5111590000000001,9.888640410192588,-0.8187768195059516,0.10458671559064987,9.1874711324798142,0.042330832585011045,0.24223064993766782,0.0039996993855493171,0.40161902546987921,0.0069934236690268421,
5.5126020000000002,9.888640410192588,-0.8187768195059516,0.10461235858639178,9.1884022879077509,0.042017994142941814,0.24229177242219319,0.0040892382610787969,0.40165939767383441,0.0069284535660606075,
5.5140370000000001,9.888640410192588,-0.8187768195059516,0.1046380015821337,9.1880601951840166,0.042867578951287996,0.24283618021392389,0.0040612676480427249,0.40163465670095638,0.0068552715823639978,
5.5147789999999999,9.8899347322837734,-0.8188201880117626,0.10552442971591619,9.1880601951840166,0.042867578951287996,0.24286008707419129,0.004061268948425888,0.40163465000882853,0.0068552715823639978,
5.5154690000000004,9.8899347322837734,-0.8188201880117626,0.1055500727116581,9.1863709213783853,0.04218326842198572,0.2432285652581572,0.0040926103952643239,0.40157004461040052,0.0067021490137558811,
5.5169050000000004,9.8899347322837734,-0.8188201880117626,0.10557571570740001,9.1860983688829858,0.042348946393736077,0.24294511515763317,0.0040852578927759054,0.40152909961025268,0.0067432220599005629,
5.5183260000000001,9.8899347322837734,-0.8188201880117626,0.10560135870314193,9.1847302265185835,0.043702300814322102,0.24316097594216299,0.0040371097203302812,0.40147034920586178,0.0067847129505995358,
5.5187590000000002,9.8955876868455217,-0.81589881097616246,0.10644616733695259,9.1847302265185835,0.043702300814322102,0.24318488280243039,0.0040371110207134443,0.40147034251373392,0.0067847129505995358,
5.5197849999999997,9.8955876868455217,-0.81589881097616246,0.1064718103326945,9.1836503909364424,0.044689424415447043,0.24319529810733798,0.0039744447023423828,0.40144743886565526,0.0065760765613114922,
5.5212009999999996,9.8955876868455217,-0.81589881097616246,0.10649473331670002,9.1822295506817682,0.047584169404307125,0.24322239565095657,0.0039091311119769856,0.40136698751804167,0.0065561355428477254,
5.5226150000000001,9.8955876868455217,-0.81589881097616246,0.10651765630070555,9.181500524492785,0.051142363208963884,0.2429194631802622,0.0037717018318618109,0.40129321372536031,0.0066011591905724637,
5.5226740000000003,9.9008651876548921,-0.81330700120132771,0.10627135284773927,9.181500524492785,0.051142363208963884,0.24294083418468959,0.0037717029943103307,0.40129320774308186,0.0066011591905724637,
5.5240600000000004,9.9008651876548921,-0.81330700120132771,0.10629427583174479,9.1791646978229195,0.053674076347163306,0.24332445762618479,0.0037647291587960905,0.40126498674331768,0.0067227154969884736,
5.5254909999999997,9.9008651876548921,-0.81330700120132771,0.10631719881575032,9.1779342101331025,0.054383711147497051,0.24370842703045473,0.0036975013614793653,0.40121370082973085,0.0069076696969239378,
5.5265820000000003,9.8965984847261925,-0.81503940034388878,0.106918213992597,9.1779342101331025,0.054383711147497051,0.24372979803488212,0.0036975025239278851,0.4012136948474524,0.0069076696969239378,
5.5269269999999997,9.8965984847261925,-0.81503940034388878,0.10694113697660253,9.1775407273086174,0.05684352226443061,0.24408998154405775,0.0036235257169195357,0.40115495037513388,0.0069729613706825989,
5.5283470000000001,9.8965984847261925,-0.81503940034388878,0.10696405996060805,9.1758848425973536,0.059892764053535469,0.24377481045302432,0.0035083921951581652,0.40104048766854367,0.0069149230090463998,
5.5298049999999996,9.8965984847261925,-0.81503940034388878,0.10698698294461358,9.1752662270324681,0.06339673176758169,0.24298591839513259,0.0033492203924880212,0.40101184124407568,0.0070340132153989656,
5.5305039999999996,9.8954644061735344,-0.80932090729466488,0.10754710538221766,9.1752662270324681,0.06339673176758169,0.2429960031581945,0.0033492209410358412,0.40101183842109839,0.0070340132153989656,
5.531231,9.8954644061735344,-0.80932090729466488,0.10755792250890692,9.1748575836574968,0.0667861094632895,0.2423550869471455,0.0032294290741807568,0.40099225866948163,0.0069545536513598693,
5.5326620000000002,9.8954644061735344,-0.80932090729466488,0.10756873963559617,9.1727367213010069,0.070713751106305636,0.24255724312954108,0.0031432756453178244,0.40090446679675273,0.0069116565838671373,
5.5341139999999998,9.8954644061735344,-0.80932090729466488,0.10757955676228542,9.1726019337147093,0.074179595287532263,0.24211736199790435,0.0030569364272332021,0.40085131930721463,0.0070668101085380412,
5.5344189999999998,9.8944055337197447,-0.80424543997038445,0.10916174263174774,9.1726019337147093,0.074179595287532263,0.24212744676096626,0.0030569369757810221,0.40085131648423733,0.0070668101085380412,
5.5355119999999998,9.8944055337197447,-0.80424543997038445,0.109172559758437,9.171311070498426,0.076276567638600037,0.24218372215454587,0.0030092700386422271,0.40082855806373813,0.0070940122086892892,
5.5369549999999998,9.8944055337197447,-0.80424543997038445,0.10918337688512625,9.1696196381038426,0.079474103494841075,0.24188988636715389,0.0028239101912880989,0.40083684586841567,0.0070456347477584492,
5.5383560000000003,9.8930983658720297,-0.80081280732735327,0.10776065099770743,9.1696196381038426,0.079474103494841075,0.2418999711302158,0.0028239107398359189,0.40083684304543837,0.0070456347477584492,
5.5383979999999999,9.8930983658720297,-0.80081280732735327,0.10777146812439668,9.1677727928886785,0.083020356156444763,0.24161650825078176,0.0026988381612417863,0.40083123177062846,0.0070103701332142575,
5.539828,9.8930983658720297,-0.80081280732735327,0.10778228525108594,9.1660100345309807,0.088280278498124296,0.24150717472686983,0.0025883796552093421,0.40075812821083362,0.0070167501693477411,
5.5412660000000002,9.8930983658720297,-0.80081280732735327,0.10780341614241387,9.163740965285065,0.091806620499050653,0.24125665017140421,0.0024861494559858346,0.40073078334847906,0.0070925764362734459,
5.5422690000000001,9.8895020461275855,-0.79561694690912899,0.10645110001498237,9.163740965285065,0.091806620499050653,0.24127635041514275,0.0024861505275554584,0.40073077783388833,0.0070925764362734459,
5.5426869999999999,9.8895020461275855,-0.79561694690912899,0.10647223090631031,9.1619618819715001,0.092980506431144083,0.24055485915529537,0.0023821420230413981,0.40065625945121208,0.0072392419140842714,
5.5441330000000004,9.8895020461275855,-0.79561694690912899,0.10649336179763824,9.1611444152425161,0.094130113075068939,0.24032268878357307,0.0023960399402894305,0.40060526125626927,0.0071825159759308123,
5.5455589999999999,9.8895020461275855,-0.79561694690912899,0.10651449268896618,9.1609684694698768,0.095414041775498781,0.23975521503450764,0.0023819074360518569,0.40052950689136263,0.0070635136056034949,
5.5461910000000003,9.8861437716018941,-0.79100414163777033,0.10521858821608419,9.1609684694698768,0.095414041775498781,0.23977491527824618,0.0023819085076214807,0.4005295013767719,0.0070635136056034949,
5.5469710000000001,9.8861437716018941,-0.79100414163777033,0.10523971910741213,9.160569084317741,0.096900450575528957,0.23923018245518907,0.0023861291601767454,0.40056582766687066,0.0070836414845240545,
5.5484330000000002,9.8861437716018941,-0.79100414163777033,0.10526084999874007,9.1578153865682275,0.09627275928164078,0.23853536246926837,0.0022758032810034192,0.40051082836062935,0.0070694067341981366,
5.5498519999999996,9.8861437716018941,-0.79100414163777033,0.105281980890068,9.1558784122633821,0.096434607044826162,0.23802796345720087,0.0022631535384792117,0.40042932157968392,0.0070903779609552374,
5.5501079999999998,9.8864935547680002,-0.79335672029663262,0.10498332485335231,9.1558784122633821,0.096434607044826162,0.23804766370093941,0.0022631546100488355,0.40042931606509319,0.0070903779609552374,
5.5512889999999997,9.8864935547680002,-0.79335672029663262,0.10499420283733867,9.1547242167804281,0.09469833821831293,0.23770939273229802,0.0023427958967719344,0.40035476668914122,0.0070713670239298566,
5.5527230000000003,9.8864935547680002,-0.79335672029663262,0.10500508082132502,9.1541857454767666,0.091223036798979848,0.23819693110425519,0.0024253943984551495,0.40036019771990777,0.0070687717706294428,
5.5540200000000004,9.8868201414443853,-0.7989362719579326,0.10470876995531862,9.1541857454767666,0.091223036798979848,0.23820707260432677,0.0024253949500891068,0.40036019488104835,0.0070687717706294428,
5.5541559999999999,9.8868201414443853,-0.7989362719579326,0.10471964793930498,9.153680822276943,0.08841755761394017,0.23818631090983752,0.0024926639398377493,0.40034971290945742,0.0070255553596825417,
5.555593,9.8868201414443853,-0.7989362719579326,0.10473052592329134,9.1531942353533786,0.085125702598489977,0.23882086128175375,0.0025768772990548594,0.40031977864762441,0.0069672367608629117,
5.5570259999999996,9.8868201414443853,-0.7989362719579326,0.10474140390727769,9.1530432619181035,0.082059449680260813,0.23944820535243888,0.0027390710168452557,0.4002872325260467,0.0069226097376368116,
5.5579349999999996,9.8842763876166142,-0.80388956096675712,0.10539968364914604,9.1530432619181035,0.082059449680260813,0.23945834685251047,0.002739071568479213,0.40028722968718727,0.0069226097376368116,
5.5584809999999996,9.8842763876166142,-0.80388956096675712,0.10541056163313239,9.1530990980122429,0.077568663330129781,0.24072938864812271,0.0028880683519152449,0.40025010736200894,0.0068965389482915189,
5.5598789999999996,9.8842763876166142,-0.80388956096675712,0.10542143961711875,9.1543012976116511,0.073623496057964644,0.24098813557511128,0.002998685938871112,0.40026342841606755,0.0069284212347147239,
5.5613060000000001,9.8842763876166142,-0.80388956096675712,0.10543558635999499,9.1554351080570235,0.070247532900815091,0.24156730647472405,0.0031191759163003326,0.40031168129512884,0.0069245400821998848,
5.561877,9.8799981303867295,-0.80694659848039418,0.10606676154715651,9.1554351080570235,0.070247532900815091,0.24158049542536714,0.0031191766336964759,0.40031167760321185,0.0069245400821998848,
5.5627389999999997,9.8799981303867295,-0.80694659848039418,0.10608090829003275,9.1580704676909228,0.065846847947478165,0.24230412846588964,0.0032018885471799571,0.40039880306383757,0.006917551513685124,
5.5641730000000003,9.8799981303867295,-0.80694659848039418,0.10609505503290899,9.1603683619001881,0.064203981394001269,0.24333308936469122,0.0033189519200774488,0.40045719774077415,0.0068493107253834373,
5.5655989999999997,9.8799981303867295,-0.80694659848039418,0.10610920177578523,9.1627431330123699,0.06207510457364053,0.24401247470657972,0.0034357298110727886,0.40053715221058805,0.0067944929274706073,
5.5657750000000004,9.8760045418242619,-0.81046444108027227,0.10671074573134263,9.1627431330123699,0.06207510457364053,0.24402566365722281,0.0034357305284689319,0.40053714851867106,0.0067944929274706073,
5.5670809999999999,9.8760045418242619,-0.81046444108027227,0.10672489247421887,9.1642132205585494,0.059131437842453484,0.24471216443771682,0.0035791212171407253,0.40057707858739089,0.0068581301992213517,
5.5684820000000004,9.8760045418242619,-0.81046444108027227,0.10673903921709511,9.1667687989076061,0.056153886245269596,0.24587896649124344,0.0036804175568966079,0.40069532405779307,0.0070108193704184769,
5.5697619999999999,9.8755969129353947,-0.81359333343478879,0.10909598073706961,9.1667687989076061,0.056153886245269596,0.24589215544188653,0.0036804182742927512,0.40069532036587607,0.0070108193704184769,
5.5699079999999999,9.8755969129353947,-0.81359333343478879,0.10911012747994585,9.1690352080944031,0.053954106718386678,0.24700758421413854,0.0037811580580577164,0.40081016374420186,0.0069223459860110696,
5.5713290000000004,9.8755969129353947,-0.81359333343478879,0.10911568302913516,9.1715884076813623,0.052646759106588573,0.24759784030711426,0.0038539224419469401,0.40091575365143806,0.0068816512483479437,
5.5727659999999997,9.8755969129353947,-0.81359333343478879,0.10912123857832447,9.1743122006008697,0.050681071541435356,0.2496420097031799,0.0038444526127293177,0.40093899980687214,0.0067970021365408974,
5.573601,9.8779086959498645,-0.80938715688838214,0.11157311759327644,9.1743122006008697,0.050681071541435356,0.24964718911901393,0.003844452894457034,0.40093899835702418,0.0067970021365408974,
5.574211,9.8779086959498645,-0.80938715688838214,0.11157867314246575,9.1776402023784538,0.050086006178281267,0.25048876181056229,0.0038601100759026838,0.40104914421784948,0.0066859133105611895,
5.5756500000000004,9.8779086959498645,-0.80938715688838214,0.11158422869165506,9.1811402097425834,0.048696459952028419,0.25165264313928759,0.0039358246288389489,0.40118744479153273,0.0066757281969207667,
5.5770600000000004,9.8779086959498645,-0.80938715688838214,0.11158978424084437,9.1841428351220813,0.048222500768926264,0.25262740733971029,0.0039455257487693695,0.40129796341442109,0.0067001645679216669,
5.5775230000000002,9.8800677923276403,-0.8091407307018208,0.11393377377737958,9.1841428351220813,0.048222500768926264,0.25263258675554429,0.0039455260304970853,0.40129796196457312,0.0067001645679216669,
5.578487,9.8800677923276403,-0.8091407307018208,0.11393932932656889,9.1871994269412056,0.047834780416138437,0.25325887846596001,0.0039405403694964076,0.40145802978885964,0.0067495708895554665,
5.5799349999999999,9.8800677923276403,-0.8091407307018208,0.1139448848757582,9.188946885620549,0.046316533412037328,0.25356168133534818,0.0039823070904119115,0.40151269521360533,0.0068172378263549509,
5.5813759999999997,9.8800677923276403,-0.8091407307018208,0.11393796261608322,9.1899975097684656,0.046800728455840733,0.25335979526110153,0.0040418181249093615,0.40163113740318807,0.0069358831241062152,
5.5814240000000002,9.8862017426359525,-0.80892199875444593,0.1157478941563673,9.1899975097684656,0.046800728455840733,0.25335334166665996,0.0040418177738743254,0.4016311392097105,0.0069358831241062152,
5.5827790000000004,9.8862017426359525,-0.80892199875444593,0.11574097189669232,9.1926108947571112,0.047278750600564766,0.25314741463914764,0.0040106565971491613,0.40169780493520607,0.0070124012561904349,
5.5842599999999996,9.8862017426359525,-0.80892199875444593,0.11573404963701733,9.1960186925318119,0.047109757869867527,0.25357926082520288,0.0040295055733898461,0.40191547443892711,0.0069459014848886882,
5.5853390000000003,9.8924035611918608,-0.8130211260546687,0.11725594382194371,9.1960186925318119,0.047109757869867527,0.25357280723076131,0.00402950522235481,0.40191547624544954,0.0069459014848886882,
5.5856560000000002,9.8924035611918608,-0.8130211260546687,0.11724902156226873,9.1970427566623343,0.048631526891548718,0.25401678486095935,0.0039849783346293174,0.40193303824783938,0.0069997087198790716,
5.5871009999999997,9.8924035611918608,-0.8130211260546687,0.11724209930259374,9.1976663949916873,0.049949099717281308,0.25444697753946993,0.0039008322773201533,0.40199983297596126,0.0070439620373818337,
5.5885309999999997,9.8924035611918608,-0.8130211260546687,0.11723517704291876,9.1980345426903067,0.050443936546798449,0.25437681409120561,0.0038849935962393936,0.40199001375582633,0.0070001999444337729,
5.589334,9.898202653176833,-0.82177776938658875,0.11869263948485938,9.1980345426903067,0.050443936546798449,0.25437036049676404,0.0038849932452043579,0.40199001556234876,0.0070001999444337729,
5.5899650000000003,9.898202653176833,-0.82177776938658875,0.1186857172251844,9.1985722244823922,0.050971272530917315,0.25496093309585116,0.0038707996725598323,0.40201940190570323,0.0070112377712708328,
5.5913890000000004,9.898202653176833,-0.82177776938658875,0.11868614322626408,9.1989672756486431,0.051816405662334183,0.25584907388795913,0.0038054869704075567,0.40197761869027954,0.006851177194562315,
5.5928190000000004,9.898202653176833,-0.82177776938658875,0.11868656922734377,9.1992490042269495,0.054583093936779549,0.25641656408307617,0.0038068695333438561,0.40202314105774278,0.0069364884953218575,
5.5932810000000002,9.9052111301049912,-0.82955460583536711,0.11966845205780227,9.1992490042269495,0.054583093936779549,0.25641696124214403,0.0038068695549468168,0.40202314094656805,0.0069364884953218575,
5.5942679999999996,9.9052111301049912,-0.82955460583536711,0.11966887805888196,9.2000587427543739,0.057605088066258373,0.2566233996744855,0.0036293535956092755,0.40202627175475092,0.0069559437158748837,
5.5956739999999998,9.9052111301049912,-0.82955460583536711,0.11966930405996165,9.199237642212692,0.059674724162356363,0.25684469074493815,0.0035290289973642771,0.40206152662463257,0.0070480751457076048,
5.5971140000000004,9.9052111301049912,-0.82955460583536711,0.11966973006104134,9.1992573378815496,0.063850617393811732,0.25672529926121607,0.0033865932279000246,0.40204979452809608,0.0071057774040736961,
5.5971989999999998,9.9049352627473954,-0.82005161517084812,0.11976975101288111,9.1992573378815496,0.063850617393811732,0.25672569642028392,0.0033865932495029854,0.40204979441692135,0.0071057774040736961,
5.5985620000000003,9.9049352627473954,-0.82005161517084812,0.1197701770139608,9.198685538944483,0.067507204390718126,0.25708918055333724,0.0032942993310398354,0.40205996376842107,0.0070239673879586503,
5.5999889999999999,9.9049352627473954,-0.82005161517084812,0.11977060301504049,9.1993117352191902,0.07014328590087239,0.25713250254478509,0.0031558631891306387,0.40205314750311316,0.0071212301227365554,
5.6011569999999997,9.904677532982296,-0.81322434667752708,0.11984166170187301,9.1993117352191902,0.07014328590087239,0.25710893456794509,0.0031558619071806074,0.40205315410037912,0.0071212301227365554,
5.6014150000000003,9.904677532982296,-0.81322434667752708,0.1198163821995463,9.200867607766444,0.074398630887394152,0.25742988310325526,0.0030291454250244167,0.40210131339218169,0.0070602621648367643,
5.6028570000000002,9.904677532982296,-0.81322434667752708,0.11979110269721958,9.2005179840221842,0.078640456196873251,0.25740580318622353,0.0028468625339511224,0.40207028511833826,0.0069140006245294984,
5.6042920000000001,9.904677532982296,-0.81322434667752708,0.11976582319489287,9.199534559466775,0.082377473531031531,0.25838600311514098,0.0027601613986884496,0.40204708369352365,0.0068902022575423882,
5.605048,9.905547426690827,-0.80717111436455757,0.12067575827225645,9.199534559466775,0.082377473531031531,0.25836243513830098,0.0027601601167384182,0.40204709029078961,0.0068902022575423882,
5.605728,9.905547426690827,-0.80717111436455757,0.12065047876992974,9.1990182739293438,0.087270883636551069,0.25832472938759438,0.0026222584238887532,0.40203477397818788,0.0068237533894969149,
5.6071359999999997,9.905547426690827,-0.80717111436455757,0.12062519926760303,9.1984486429208729,0.088555355131573962,0.25866682336835772,0.0025585955017250156,0.40200049437743524,0.0070823550438386491,
5.6085820000000002,9.905547426690827,-0.80717111436455757,0.12059991976527631,9.1978001596048937,0.090235898464291628,0.25896716572370726,0.0024198324903048486,0.40199932237005598,0.0070738650336385741,
5.6089700000000002,9.9060415238760129,-0.79991652279175196,0.12168299727183977,9.1978001596048937,0.090235898464291628,0.25894359774686726,0.0024198312083548172,0.40199932896732193,0.0070738650336385741,
5.6100510000000003,9.9060415238760129,-0.79991652279175196,0.12165771776951306,9.1988446850525012,0.091013467317738503,0.25941269877692014,0.0023347494330881735,0.40205231545758569,0.0071662028810822939,
5.6114540000000002,9.9060415238760129,-0.79991652279175196,0.12162588734017163,9.1992501907156772,0.092375611924645204,0.25936362768971249,0.0022907555738502987,0.40207804461776586,0.0071283157349808111,
5.6128859999999996,9.9060415238760129,-0.79991652279175196,0.12159405691083019,9.1993056635013399,0.094082568836496946,0.25980239939087274,0.002198920801540361,0.40207568807111566,0.0070727055370867703,
5.6129259999999999,9.9065031395495087,-0.79347105005757335,0.12262771156204355,9.1993056635013399,0.094082568836496946,0.25977272401151474,0.0021989191873859619,0.40207569637799623,0.0070727055370867703,
5.6143039999999997,9.9065031395495087,-0.79347105005757335,0.12259588113270212,9.1993495119128905,0.094296441533827768,0.25937781174092717,0.0021406179685210637,0.40203868983176422,0.0069513515580903497,
5.6157620000000001,9.9065031395495087,-0.79347105005757335,0.12256405070336068,9.1992777991532471,0.092138172019590153,0.25950614009873318,0.0022024150151494486,0.40206657973064264,0.0069734191568205954,
5.6168459999999998,9.9085189910830902,-0.7802224376542013,0.12407946888136751,9.1992777991532471,0.092138172019590153,0.25947646471937519,0.0022024134009950495,0.40206658803752321,0.0069734191568205954,
5.6171889999999998,9.9085189910830902,-0.7802224376542013,0.12404763845202607,9.1996682256641105,0.089860859776990376,0.25926015406441683,0.0021862137271631589,0.40205349119551875,0.0069128457232145082,
5.6186259999999999,9.9085189910830902,-0.7802224376542013,0.12401580802268464,9.1998637509358954,0.086823055776822242,0.25841515158354289,0.0023578312169361712,0.40212374226504832,0.0069332190751455912,
5.6200340000000004,9.9085189910830902,-0.7802224376542013,0.1239839775933432,9.1989787464147561,0.085433184942564869,0.25808178010936483,0.0024513057590642693,0.40207971450378893,0.0069541898795474344,
5.6207390000000004,9.9130944143114057,-0.78002340468282383,0.12544756065137982,9.1989787464147561,0.085433184942564869,0.25806269993382713,0.0024513047212224642,0.40207971984480706,0.0069541898795474344,
5.6215039999999998,9.9130944143114057,-0.78002340468282383,0.1254270948581056,9.1975692777182143,0.08326634135340219,0.25675383434252641,0.0025304923707617178,0.4020439578034643,0.0068922072152443267,
5.6229310000000003,9.9130944143114057,-0.78002340468282383,0.12540662906483138,9.1956333992946817,0.08076680696359255,0.25549052730528365,0.0026147396147009672,0.402000925588681,0.0069507382673026199,
5.624352,9.9130944143114057,-0.78002340468282383,0.12538616327155716,9.1943586104880772,0.077168001959385515,0.25507319002277529,0.0027076519218731747,0.40194438251328796,0.0069672619329999167,
5.6246900000000002,9.9173689017243412,-0.77984656498642213,0.12532078653159909,9.1943586104880772,0.077168001959385515,0.25505410984723759,0.0027076508840313696,0.40194438785430608,0.0069672619329999167,
5.6258090000000003,9.9173689017243412,-0.77984656498642213,0.12530032073832487,9.1923861930189084,0.073725615388620339,0.25431634992940294,0.0028090804026137317,0.40180119246468848,0.0069065874963155837,
5.6272140000000004,9.9173689017243412,-0.77984656498642213,0.12527985494505064,9.1906186988422576,0.070542872069463053,0.25310800605885009,0.0029734689658057756,0.401738546854845,0.006892941935443952,
5.6285829999999999,9.9128030127081779,-0.78291288832742212,0.1234372220364473,9.1906186988422576,0.070542872069463053,0.25308892588331239,0.0029734679279639705,0.40173855219586313,0.006892941935443952,
5.6286519999999998,9.9128030127081779,-0.78291288832742212,0.12341675624317308,9.1872867214101372,0.068111539567047075,0.25223003564040808,0.0030660136300829999,0.40157866473480708,0.0068222938122884103,
5.6301100000000002,9.9128030127081779,-0.78291288832742212,0.12339629044989886,9.182321572144545,0.064076803892859205,0.25143674892315793,0.0032082369898265312,0.40136853652348581,0.0070141350550827156,
5.6315210000000002,9.9128030127081779,-0.78291288832742212,0.12336810619783728,9.1795390406997797,0.061971603430782146,0.24994721427380925,0.0033116290510154115,0.4012113754190918,0.0068687094691071088,
5.6325190000000003,9.9039391075035166,-0.78751732848878819,0.12160152481127472,9.1795390406997797,0.061971603430782146,0.24992093821064726,0.0033116276217624798,0.40121138277441881,0.0068687094691071088,
5.6329659999999997,9.9039391075035166,-0.78751732848878819,0.12157334055921314,9.1746551133914789,0.059837170165767388,0.24830652184352073,0.0033265776162334877,0.40104385730697123,0.0068021220212840456,
5.6343889999999996,9.9039391075035166,-0.78751732848878819,0.12154515630715156,9.1700855498493805,0.056522161220277242,0.24721397269403944,0.0034809832922693415,0.40089759708719941,0.0066248684507338338,
5.6358319999999997,9.9039391075035166,-0.78751732848878819,0.12151697205508998,9.1643998401665279,0.051739226207373687,0.24618358642881871,0.0035968041271382924,0.40066570190159234,0.0067319806649076075,
5.63645,9.8956609774634483,-0.79160593151105141,0.11794416075407631,9.1643998401665279,0.051739226207373687,0.24615731036565672,0.0035968026978853607,0.40066570925691936,0.0067319806649076075,
5.637219,9.8956609774634483,-0.79160593151105141,0.11791597650201473,9.1605185855156286,0.050023472885771178,0.24530753117551859,0.0036739231723403481,0.40049658108920094,0.0068416810550564608,
5.6386580000000004,9.8956609774634483,-0.79160593151105141,0.11788779224995315,9.1577157304519545,0.048801870655620111,0.2438170562523321,0.003789826762935588,0.40039015294894398,0.0069137088903899321,
5.6401149999999998,9.8956609774634483,-0.79160593151105141,0.11785960799789157,9.1557148497369507,0.048568240301165244,0.24284496405867381,0.0037664667884797533,0.40028097765096921,0.0070371575393844005,
5.6403610000000004,9.8917392058754796,-0.79335383209985955,0.11560048059832559,9.1557148497369507,0.048568240301165244,0.24281868799551182,0.0037664653592268216,0.40028098500629622,0.0070371575393844005,
5.6415309999999996,9.8917392058754796,-0.79335383209985955,0.11556426854674107,9.1529703821634154,0.048385692569358305,0.24152936163456479,0.0038444386294420514,0.40017929062720298,0.0070279611275380514,
5.6429669999999996,9.8917392058754796,-0.79335383209985955,0.11552805649515654,9.150163975592422,0.047702406980117212,0.24010620625264967,0.0039124323148802143,0.40007384004553659,0.0070195754269711556,
5.6442839999999999,9.925637373639141,-0.79866693853573367,0.11336331652085975,9.150163975592422,0.047702406980117212,0.24007244590475818,0.0039124304785291639,0.40007384949590202,0.0070195754269711556,
5.6444010000000002,9.925637373639141,-0.79866693853573367,0.11332710446927523,9.147525709167061,0.047110490830953818,0.23932244156210217,0.0039487155514934865,0.39995203801692225,0.0069187247044875293,
5.6458190000000004,9.925637373639141,-0.79866693853573367,0.11329089241769071,9.1461114400801655,0.04521999928387771,0.23809348701064437,0.0040223879160026727,0.39991582806744619,0.0068359490317474103,
5.6472550000000004,9.925637373639141,-0.79866693853573367,0.11325468036610618,9.1465046255690403,0.045443620847836499,0.23721823859396113,0.0040525517303669845,0.39985129738261571,0.00683576935376761,
5.6482089999999996,9.9167177189953275,-0.80338435989238277,0.10993149584967613,9.1465046255690403,0.045443620847836499,0.23718447824606964,0.0040525498940159341,0.39985130683298115,0.00683576935376761,
5.6487069999999999,9.9167177189953275,-0.80338435989238277,0.1098952837980916,9.1465576328629421,0.046987439263430554,0.23565650212248271,0.0039965779514144293,0.39985837388044942,0.0067978629405657937,
5.6501260000000002,9.9167177189953275,-0.80338435989238277,0.10986457254475859,9.1463675268314368,0.047548921403768589,0.23500019642012962,0.0040062959038773367,0.39984256209032748,0.0068148729148906186,
5.6515449999999996,9.9167177189953275,-0.80338435989238277,0.10983386129142558,9.145464353943213,0.048614438736345862,0.23451963262723144,0.0039805100302995394,0.39976866517915094,0.0067962930062629122,
5.6521229999999996,9.9098130103087918,-0.80569130719286741,0.1051985724781061,9.145464353943213,0.048614438736345862,0.23449100065109815,0.0039805084728997278,0.39976867319395687,0.0067962930062629122,
5.6529780000000001,9.9098130103087918,-0.80569130719286741,0.10516786122477309,9.1439710936689238,0.048664838322704067,0.23403215797215479,0.0040179815735147629,0.3997199998709951,0.0068208660587500709,
5.6544470000000002,9.9098130103087918,-0.80569130719286741,0.10513714997144008,9.1424258087331669,0.049417515792013089,0.23357865556917726,0.0039764863553359018,0.39961331878458778,0.0068364118639234863,
5.6558729999999997,9.9098130103087918,-0.80569130719286741,0.10510643871810707,9.1413237223421024,0.05135849767481758,0.23395786384845937,0.0039220366265235495,0.39958766498193898,0.0069285429933443566,
5.6560290000000002,9.9051123842988034,-0.80800719972021551,0.10067883453673891,9.1413237223421024,0.05135849767481758,0.23392923187232609,0.0039220350691237379,0.39958767299674491,0.0069285429933443566,
5.6572789999999999,9.9051123842988034,-0.80800719972021551,0.1006481232834059,9.141643691023484,0.053622423852378504,0.23362243241797498,0.0038448871500052508,0.39956876364791727,0.006879889217584062,
5.6587540000000001,9.9051123842988034,-0.80800719972021551,0.10061741203007289,9.1417495103147015,0.056268180351613767,0.23381549124949669,0.0037787672689197343,0.39955223827872094,0.0068511488884005489,
5.6599300000000001,9.9007240283201448,-0.81006256978087443,0.098796940268805797,9.1417495103147015,0.056268180351613767,0.2337868592733634,0.0037787657115199223,0.39955224629352687,0.0068511488884005489,
5.6601720000000002,9.9007240283201448,-0.81006256978087443,0.098766229015472787,9.138279063563747,0.058648104395003911,0.23398925016948549,0.0036671360325221201,0.39942165171270377,0.0068421980223089575,
5.6616309999999999,9.9007240283201448,-0.81006256978087443,0.098740029825294576,9.1362006081016052,0.06041067544337695,0.235023321636357,0.0036682871170185642,0.39936446911281465,0.0069119458046066826,
5.66303,9.9007240283201448,-0.81006256978087443,0.098713830635116365,9.1344868614542118,0.063764500662020426,0.23553271332905851,0.0035742642637098224,0.39927548235484289,0.006953455236022343,
5.6638780000000004,9.8967796800408081,-0.80060691106905346,0.098028481819281241,9.1344868614542118,0.063764500662020426,0.2355082879309883,0.0035742629351214572,0.39927548919212247,0.006953455236022343,
5.6644829999999997,9.8967796800408081,-0.80060691106905346,0.09800228262910303,9.1324999727681799,0.067894460622922176,0.23631980137753431,0.0034552974661193054,0.39922881863397952,0.0068907601721242212,
5.6659079999999999,9.8967796800408081,-0.80060691106905346,0.097976083438924819,9.1305448541090133,0.071012443548841106,0.2364846768007034,0.0033927753798278747,0.39917467887533381,0.0070052004704909653,
5.6673179999999999,9.8967796800408081,-0.80060691106905346,0.097949884248746608,9.128956870287098,0.075478879267642754,0.23744059862981873,0.0032382918014999804,0.39913959674436317,0.0069983121856463902,
5.6677809999999997,9.8930973705774061,-0.79785427317505775,0.097298093256449517,9.128956870287098,0.075478879267642754,0.23741617323174852,0.0032382904729116153,0.39913960358164274,0.0069983121856463902,
5.6687399999999997,9.8930973705774061,-0.79785427317505775,0.097271894066271306,9.1270555848856532,0.078270677588109683,0.23837557730628398,0.0030947761776763186,0.39906530408191965,0.0071281243368976031,
5.6701750000000004,9.8930973705774061,-0.79785427317505775,0.097249526946628598,9.1263299250452494,0.080561171601003081,0.2393027923825182,0.003025101102235187,0.39908913199277934,0.0071230357084083092,
5.6716090000000001,9.8930973705774061,-0.79785427317505775,0.09722715982698589,9.1275849230808603,0.083682002207382408,0.23954036149589134,0.0029100661052372163,0.39911132373610486,0.007100286211206357,
5.6716839999999999,9.890450861843501,-0.79541112962745875,0.09891556853182408,9.1275849230808603,0.083682002207382408,0.23951950872154062,0.0029100649709771602,0.39911132957331774,0.007100286211206357,
5.6730429999999998,9.890450861843501,-0.79541112962745875,0.098893201412181372,9.1280020485537765,0.08620287560821685,0.23993761742427472,0.0028001741650173864,0.3991513693844011,0.0072261391656887244,
5.6744890000000003,9.890450861843501,-0.79541112962745875,0.098870834292538665,9.1297359490087455,0.089066859085338068,0.23950893759086095,0.0027137180203658687,0.3991700296406504,0.0071994584553996162,
5.675605,9.8887771051556292,-0.7902884671534296,0.10090646081384724,9.1297359490087455,0.089066859085338068,0.23948808481651024,0.0027137168861058126,0.39917003547786328,0.0071994584553996162,
5.6759079999999997,9.8887771051556292,-0.7902884671534296,0.10088409369420454,9.131794522708903,0.090886069638512521,0.23939003641719611,0.0026095113316137036,0.39922011861577922,0.0071494543648308786,
5.6773600000000002,9.8887771051556292,-0.7902884671534296,0.10086172657456183,9.134892188753323,0.092050067806124444,0.23911743980885891,0.0025321864372781317,0.39930744031071486,0.0070381568126799965,
5.6787679999999998,9.8887771051556292,-0.7902884671534296,0.10083935945491912,9.1380375249063235,0.092767282483265101,0.23900799823467089,0.0024557929037750058,0.39946076388471108,0.0069266358747187683,
5.6795270000000002,9.887213922360079,-0.7868132538311734,0.10278893527879768,9.1380375249063235,0.092767282483265101,0.23898714546032018,0.0024557917695149497,0.39946076972192396,0.0069266358747187683,
5.680231,9.887213922360079,-0.7868132538311734,0.10277861336547006,9.1413928843945751,0.091641578621440609,0.23857692773204126,0.0024210751573810925,0.3995851379041096,0.0069041671611554849,
5.6816760000000004,9.887213922360079,-0.7868132538311734,0.10276829145214245,9.1445286424416956,0.091708057694391706,0.23852238455008742,0.0024565410836887409,0.39969382469780024,0.0069939531224447156,
5.6830870000000004,9.887213922360079,-0.7868132538311734,0.10275796953881483,9.1466520271918625,0.090646552203584377,0.23795638528540775,0.0024093746010449006,0.39976271771235605,0.0069205281514464331,
5.6834629999999997,9.8890762239196128,-0.78372614152508457,0.10369236153369313,9.1466520271918625,0.090646552203584377,0.23794676220774166,0.0024093740776098683,0.39976272040609606,0.0069205281514464331,
5.6845290000000004,9.8890762239196128,-0.78372614152508457,0.10368203962036551,9.149206618035798,0.09041973132388656,0.23755250312528328,0.0024140786073968347,0.39987840789041817,0.0068342573811657316,
5.6859489999999999,9.8890762239196128,-0.78372614152508457,0.1036717177070379,9.1510536517989411,0.08904695683691681,0.23701819386608985,0.0024356785582203902,0.39995569773609901,0.0068370713592340072,
5.687354,9.8908145259383353,-0.79065004933387983,0.10184222875500069,9.1510536517989411,0.08904695683691681,0.23700857078842377,0.0024356780347853579,0.39995570042983902,0.0068370713592340072,
5.6873630000000004,9.8908145259383353,-0.79065004933387983,0.10183190684167308,9.1527658739648778,0.085636014127522794,0.23682417988618357,0.0025321998511940742,0.40000614393480788,0.0068429942126781327,
5.6888189999999996,9.8908145259383353,-0.79065004933387983,0.10182158492834546,9.1540290885163227,0.082168253114506401,0.23680094309301195,0.002620255060528195,0.40003837948401844,0.0067827298954079296,
5.6902549999999996,9.8908145259383353,-0.79065004933387983,0.10181330235335839,9.1549805907595445,0.079506436097985717,0.23679945376518111,0.0027650311441881825,0.40007120987163458,0.0068413866074341538,
5.6913070000000001,9.8924388211601055,-0.80271473167034957,0.10006640394858314,9.1549805907595445,0.079506436097985717,0.23679173195432629,0.0027650307241701326,0.40007121203316248,0.0068413866074341538,
5.6916739999999999,9.8924388211601055,-0.80271473167034957,0.10005812137359607,9.1553752817659291,0.076895410410889167,0.23627570592920952,0.0028435009959770084,0.40010853107576755,0.0067458323188925272,
5.6931060000000002,9.8924388211601055,-0.80271473167034957,0.100049838798609,9.1557565893277015,0.075237475533364989,0.23626829776321157,0.002911051875626619,0.40012854160955869,0.006714170730570828,
5.6945290000000002,9.8924388211601055,-0.80271473167034957,0.10004155622362193,9.1546267396874246,0.07333982348491741,0.23611246495982707,0.0029455658443458699,0.40003167939945011,0.0067577016267657726,
5.6951890000000001,9.8925278067557691,-0.81341489943440426,0.1012010900351419,9.1546267396874246,0.07333982348491741,0.23610474314897226,0.0029455654243278201,0.40003168156097801,0.0067577016267657726,
5.695964,9.8925278067557691,-0.81341489943440426,0.10119280746015483,9.1534572488028036,0.069631700845754901,0.23580598834706057,0.0030699603281207867,0.39999141808480781,0.0068593054218610743,
5.6974229999999997,9.8925278067557691,-0.81341489943440426,0.10118452488516776,9.152894367861256,0.066694466925561829,0.23499435707077521,0.0032323399569689727,0.39996141465625823,0.0067224648609099137,
5.6988240000000001,9.8925278067557691,-0.81341489943440426,0.10117624231018069,9.1519989428202706,0.06323955748478774,0.23437284948338682,0.0033492707111158443,0.39994744463228882,0.0066935097322968718,
5.699198,9.8894412601992183,-0.81621292183394789,0.098302904831928509,9.1519989428202706,0.06323955748478774,0.23436512767253201,0.0033492702910977944,0.39994744679381672,0.0066935097322968718,
5.7002610000000002,9.8894412601992183,-0.81621292183394789,0.098288696612867404,9.1497000338990766,0.061865070934865152,0.23408981605224521,0.0033686223781497931,0.3998161936009596,0.0067449347789634668,
5.7017049999999996,9.8894412601992183,-0.81621292183394789,0.0982744883938063,9.145946600695936,0.060300189007704987,0.23366746347278952,0.003414720101512397,0.39969642632493158,0.0068238088196131679,
5.7030640000000004,9.8865619027639049,-0.81493228237529658,0.095524263307992185,9.145946600695936,0.060300189007704987,0.23365421720815022,0.0034147193809987322,0.39969643003289224,0.0068238088196131679,
5.703144,9.8865619027639049,-0.81493228237529658,0.095510055088931081,9.1416360394152765,0.057231865830083328,0.23259714101563808,0.003414366880748075,0.39951926738683113,0.0069417698679595978,
5.704548,9.8865619027639049,-0.81493228237529658,0.095495846869869977,9.1384283022363597,0.055218904075274508,0.23188839507286929,0.0034769202931975414,0.39935917746707045,0.0069958250998705482,
5.7059850000000001,9.8865619027639049,-0.81493228237529658,0.095481638650808873,9.1353701276394723,0.053194409044259011,0.23149416848936694,0.003547796964542875,0.39927163978808222,0.0068407358961865561,
5.7069619999999999,9.8810249480987142,-0.81379588145617443,0.095054180515506362,9.1353701276394723,0.053194409044259011,0.23148092222472763,0.0035477962440292102,0.39927164349604288,0.0068407358961865561,
5.707471,9.8810249480987142,-0.81379588145617443,0.095039972296445258,9.1321958305990254,0.052275536574945818,0.23127404213451802,0.0036809963186646313,0.39916865055861428,0.0067957104648523198,
5.7089080000000001,9.8810249480987142,-0.81379588145617443,0.095025764077384153,9.1294341361757656,0.051360761355127169,0.22993585432930172,0.0036917924328608866,0.39902688044391715,0.0069132446326310619,
5.7103070000000002,9.8810249480987142,-0.81379588145617443,0.095029471937144797,9.1264057784526038,0.049379409433278641,0.22964514150518006,0.0037054519296696757,0.39891132737118518,0.007117135644318034,
5.7108949999999998,9.8730011995048645,-0.80741549301161197,0.095267515109846893,9.1264057784526038,0.049379409433278641,0.22964859832770115,0.0037054521176991262,0.39891132640353411,0.007117135644318034,
5.711722,9.8730011995048645,-0.80741549301161197,0.095271222969607536,9.1239342675361019,0.047858107029549436,0.22917679732343119,0.0036923857376297774,0.39881631246569371,0.0071301931984841249,
5.7131850000000002,9.8730011995048645,-0.80741549301161197,0.095274930829368179,9.1224680130471612,0.047171383805341291,0.22853181665650421,0.0037558016599636718,0.39878068729299615,0.0070004667823080624,
5.7145890000000001,9.8730011995048645,-0.80741549301161197,0.095278638689128822,9.121868810408623,0.045296001799118239,0.2282240322066395,0.003772825716582807,0.39879025336702395,0.0069065701717685541,
5.7148289999999999,9.8655064211234986,-0.80174835254513033,0.095505815172991698,9.121868810408623,0.045296001799118239,0.2282274890291606,0.0037728259046122575,0.39879025239937288,0.0069065701717685541,
5.7160219999999997,9.8655064211234986,-0.80174835254513033,0.095509523032752341,9.1210606665352216,0.0446612925759328,0.22744816779220967,0.0038425695469714157,0.39872440361151595,0.0068957350326660279,
5.71746,9.8655064211234986,-0.80174835254513033,0.095513230892512985,9.1203208600612822,0.044808235746583505,0.22668556315558713,0.0038592963746160703,0.39866054410096197,0.0069209898497495899,
5.7187590000000004,9.8569221021451572,-0.80423959963172609,0.095939773845047899,9.1203208600612822,0.044808235746583505,0.22668901997810822,0.0038592965626455208,0.3986605431333109,0.0069209898497495899,
5.7188970000000001,9.8569221021451572,-0.80423959963172609,0.095943481704808542,9.1200642412574187,0.045196619686759469,0.22591686762270954,0.0038064809414019569,0.39864053815587164,0.0068035705967904618,
5.7203290000000004,9.8569221021451572,-0.80423959963172609,0.095949168148760589,9.1199737202374678,0.04597741448683041,0.22499731049620095,0.0037889453863910543,0.39867005998745919,0.0067162999522398098,
5.7217739999999999,9.8569221021451572,-0.80423959963172609,0.095954854592712635,9.1200644936534054,0.047296260051426731,0.22445284511872246,0.0037646152648596518,0.39867074405159192,0.0068567736535895723,
5.7227059999999996,9.8523902061495576,-0.80322632157707929,0.094057820636140196,9.1200644936534054,0.047296260051426731,0.22445814656720953,0.0037646155532251786,0.39867074256758395,0.0068567736535895723,
5.7231810000000003,9.8523902061495576,-0.80322632157707929,0.094063507080092243,9.119978540227784,0.047743914086384578,0.22440140991014354,0.0037624884008599117,0.39861266301615023,0.0067960252624802309,
5.7246059999999996,9.8523902061495576,-0.80322632157707929,0.094069193524044289,9.1191611118093814,0.049247775919129655,0.22502416147995144,0.003689466560114831,0.39857453289941902,0.0069666830102738542,
5.7260450000000001,9.8523902061495576,-0.80322632157707929,0.094074879967996336,9.1199198590490447,0.050134770560661068,0.22461929908072573,0.0036262877913625174,0.39856773486799379,0.006905324924037959,
5.7266199999999996,9.8481590472534712,-0.80232712789122607,0.092260326252482566,9.1199198590490447,0.050134770560661068,0.22462460052921279,0.0036262880797280441,0.39856773338398582,0.006905324924037959,
5.7274969999999996,9.8481590472534712,-0.80232712789122607,0.092266012696434613,9.1209899062669404,0.05195669863380601,0.22472150712140776,0.0036049979065766176,0.39858713754772596,0.0068657309716173695,
5.728904,9.8481590472534712,-0.80232712789122607,0.092271699140386659,9.1221376397660752,0.056902830545649249,0.22414016983952567,0.0034219364401899717,0.39862328021105398,0.0068274880942105903,
5.7303410000000001,9.8481590472534712,-0.80232712789122607,0.092271521107005663,9.1235240714085002,0.061114458445881807,0.22457806493937632,0.003344844555204317,0.39863940344903803,0.0069452909391715502,
5.7305060000000001,9.8481726308551529,-0.80099264173242535,0.090635749977157343,9.1235240714085002,0.061114458445881807,0.22457789895958186,0.003344844546176058,0.39863940349549992,0.0069452909391715502,
5.7317920000000004,9.8481726308551529,-0.80099264173242535,0.090635571943776347,9.1250618694978805,0.062679883046804594,0.22451106184266512,0.0032619596384522577,0.39863923213965013,0.0069907549783797584,
5.7332159999999996,9.8481726308551529,-0.80099264173242535,0.090635393910395351,9.1263477083592548,0.065297532513126533,0.22491303645675992,0.0031827953156373721,0.39868586304978143,0.0068647399384602938,
5.7344119999999998,9.8473939137465756,-0.80437111643526005,0.089071432753303745,9.1263477083592548,0.065297532513126533,0.22491287047696545,0.0031827953066091131,0.39868586309624332,0.0068647399384602938,
5.7346450000000004,9.8473939137465756,-0.80437111643526005,0.089071254719922749,9.1285151304056136,0.067486651519492472,0.22499604706291174,0.0031044171542629374,0.39873110004626244,0.0069312410899539075,
5.7360610000000003,9.8473939137465756,-0.80437111643526005,0.089071076686541753,9.1307646848502753,0.070121006759333707,0.22490300950653164,0.0030227420317868255,0.39889937210961596,0.0069501679236318439,
5.7375069999999999,9.8473939137465756,-0.80437111643526005,0.089070898653160757,9.1337169673042347,0.073164414993361557,0.22432739913614838,0.0029088280440586686,0.39894534991480274,0.0070153355504912586,
5.738359,9.8466663512739245,-0.80737341336794344,0.086841373784632497,9.1337169673042347,0.073164414993361557,0.22432723315635392,0.0029088280350304096,0.39894534996126463,0.0070153355504912586,
5.7389539999999997,9.8466663512739245,-0.80737341336794344,0.086841195751251501,9.1348235258280255,0.076561607895403422,0.22392976199768247,0.0027833022780164702,0.39901740107704559,0.0070764617949858367,
5.740456,9.8466663512739245,-0.80737341336794344,0.086853124606666388,9.1351216498045673,0.079490104143337764,0.22370028181204704,0.0026927339147440566,0.39904369052830441,0.0069549166167581396,
5.7418019999999999,9.8466663512739245,-0.80737341336794344,0.086865053462081274,9.1345972498110264,0.080482137351631025,0.22401225826424534,0.0026347734820483327,0.39903279296100835,0.0071446407764799678,
5.7422700000000004,9.8556489275614059,-0.79607317776314424,0.0866299136038296,9.1345972498110264,0.080482137351631025,0.22402337948746059,0.0026347740869730805,0.39903278984789992,0.0071446407764799678,
5.7432340000000002,9.8556489275614059,-0.79607317776314424,0.086641842459244486,9.1337379640530951,0.080692516060099764,0.22382019466701211,0.0025735605573659424,0.39902666234469319,0.0071468401651482083,
5.7447039999999996,9.8556489275614059,-0.79607317776314424,0.086653771314659372,9.1328803642475638,0.08163387570288598,0.22395523268351517,0.002552240620416011,0.39901017196914296,0.007186808913824826,
5.7461060000000002,9.8556489275614059,-0.79607317776314424,0.086665700170074259,9.1311043819026825,0.083179690292260675,0.22392793760444948,0.002541031528052132,0.39896317947651905,0.0072176148100724031,
5.7461760000000002,9.8576972929716025,-0.79651374129153896,0.086439318356097791,9.1311043819026825,0.083179690292260675,0.22393905882766474,0.0025410321329768799,0.39896317636341061,0.0072176148100724031,
5.7475209999999999,9.8576972929716025,-0.79651374129153896,0.086451247211512677,9.1297775527844767,0.084185155756002564,0.22373987622966388,0.0025533880167340926,0.3989346948814807,0.0071697527255837213,
5.7489619999999997,9.8576972929716025,-0.79651374129153896,0.086463176066927563,9.1276478813086115,0.085135123633972604,0.22320902749315519,0.0024685765255086944,0.39885085989555413,0.0070968771605633063,
5.7500900000000001,9.8596100727531262,-0.79690489474239867,0.087502793298926573,9.1276478813086115,0.085135123633972604,0.22322014871637044,0.0024685771304334423,0.3988508567824457,0.0070968771605633063,
5.7503989999999998,9.8596100727531262,-0.79690489474239867,0.087527454429225993,9.1261322300069967,0.084613471383433572,0.22287573473172778,0.0024578559085310665,0.39880628228292475,0.0070103086323845378,
5.7518399999999996,9.8596100727531262,-0.79690489474239867,0.087552115559525412,9.1242989005826214,0.083180493182382145,0.22239438504841472,0.0024528461768127266,0.3987122729898348,0.0070449444040068983,
5.7532750000000004,9.8596100727531262,-0.79690489474239867,0.087576776689824831,9.1240750591105844,0.082588307706075129,0.22207415703893124,0.002424645612981541,0.39873786931860067,0.0070706847451096561,
5.7540100000000001,9.8555378103060178,-0.79429892894056631,0.085122749119324534,9.1240750591105844,0.082588307706075129,0.2220971485100541,0.0024246468635732792,0.39873786288271312,0.0070706847451096561,
5.7546879999999998,9.8555378103060178,-0.79429892894056631,0.085147410249623953,9.1246015276812216,0.082886335383768009,0.22178987951669182,0.002433722648064289,0.39869269607208452,0.0071166250782244917,
5.7561239999999998,9.8555378103060178,-0.79429892894056631,0.085172071379923373,9.123932683953619,0.081771980060010629,0.22150212707152281,0.0024722126150368024,0.39864732948515802,0.0071905699416926813,
5.7575729999999998,9.8555378103060178,-0.79429892894056631,0.085196732510222792,9.1232984141296853,0.080446544612549548,0.2212269564639156,0.0025052836914809824,0.39857341620796688,0.0072780689721376243,
5.7579500000000001,9.8133923001516887,-0.79493877455265005,0.082846272814217678,9.1232984141296853,0.080446544612549548,0.22124994793503847,0.0025052849420727206,0.39857340977207933,0.0072780689721376243,
5.7589860000000002,9.8133923001516887,-0.79493877455265005,0.082870933944517097,9.1226524636833997,0.079072957578346217,0.22096737382335152,0.0025907206137155466,0.39856376388733999,0.0072450954901248834,
5.7604600000000001,9.8133923001516887,-0.79493877455265005,0.082897140128127073,9.1228533557091307,0.076370138659398901,0.22099591558012724,0.0026405649453712919,0.39852163875119395,0.0070481020959893203,
5.7618549999999997,9.8133923001516887,-0.79493877455265005,0.082923346311737048,9.1229949351737236,0.074919694678858534,0.22087525299804611,0.0027260534108750206,0.39850110934774235,0.0070038950526174881,
5.7618689999999999,9.8145960329781712,-0.79550681260792799,0.08035951774720862,9.1229949351737236,0.074919694678858534,0.22089968491606424,0.0027260547398180301,0.39850110250863768,0.0070038950526174881,
5.7632880000000002,9.8145960329781712,-0.79550681260792799,0.080385723930818595,9.1223853870930842,0.071751872421101051,0.22094260290036755,0.0027887226230164357,0.39850093670168441,0.0069438153694448947,
5.7647060000000003,9.8145960329781712,-0.79550681260792799,0.08041193011442857,9.121576807257787,0.069861982701132919,0.22131400643634996,0.0029007621583443778,0.39844606866820531,0.0068684963559832671,
5.7657410000000002,9.8182481753752846,-0.79708356723945617,0.079111272630128543,9.121576807257787,0.069861982701132919,0.22133843835436809,0.0029007634872873873,0.39844606182910064,0.0068684963559832671,
5.76614,9.8182481753752846,-0.79708356723945617,0.079137478813738518,9.1219397213812439,0.068376069334517287,0.22121472930910935,0.00300607335787303,0.39841172156406379,0.0068686887565770341,
5.7675789999999996,9.8182481753752846,-0.79708356723945617,0.079163684997348494,9.1222635445632676,0.06572442164523655,0.22110443459498261,0.003105543831298959,0.39845630662013665,0.0069744742450702051,
5.7690210000000004,9.8182481753752846,-0.79708356723945617,0.079189891180958469,9.1231677766239283,0.063748105422925028,0.22196349256928707,0.0031888478221047726,0.39850790401466152,0.0069618369439282575,
5.7696519999999998,9.8229296000217445,-0.79472782675634124,0.077942742824704148,9.1231677766239283,0.063748105422925028,0.2219879244873052,0.003188849151047782,0.39850789717555685,0.0069618369439282575,
5.7704579999999996,9.8229296000217445,-0.79472782675634124,0.077966847822456053,9.1245943555625217,0.061660604251784122,0.22182456922448746,0.0032906262522121323,0.39858195507260868,0.0068022653576730336,
5.7718930000000004,9.8229296000217445,-0.79472782675634124,0.077990952820207959,9.1259607623448122,0.060549741001522772,0.22198350256965221,0.0033945280900826379,0.39861157980097167,0.0066179888962699428,
5.7733340000000002,9.8229296000217445,-0.79472782675634124,0.078015057817959865,9.1272199673668677,0.057601087857770454,0.2231514867450258,0.0035288095828377832,0.39867246206605433,0.0066655656708728877,
5.7735570000000003,9.8273009876823583,-0.79263627853924168,0.078911641463450921,9.1272199673668677,0.057601087857770454,0.22317395973604451,0.0035288108052274575,0.3986724557753023,0.0066655656708728877,
5.7747599999999997,9.8273009876823583,-0.79263627853924168,0.078935746461202827,9.1295801534197647,0.056120518669512197,0.22365707789033681,0.0036086121619902786,0.39879936260831078,0.0067572727748758553,
5.7761870000000002,9.8273009876823583,-0.79263627853924168,0.078959851458954733,9.1318099925646656,0.054740187249583329,0.22462296495535006,0.0037115289640249228,0.398921276218135,0.0068323314479266347,
5.7775080000000001,9.8323330502518935,-0.79614752383031073,0.080862956379885331,9.1318099925646656,0.054740187249583329,0.22464543794636876,0.0037115301864145971,0.39892126992738297,0.0068323314479266347,
5.7775990000000004,9.8323330502518935,-0.79614752383031073,0.080887061377637237,9.1344002474708663,0.051413591000264186,0.22558976117023716,0.0037298406359675068,0.39897436734225911,0.0068816356025212869,
5.779045,9.8323330502518935,-0.79614752383031073,0.080911166375389143,9.1364153736791778,0.048630044195314324,0.22651394384251117,0.0038350163380683256,0.39905990655624474,0.0068892278587273353,
5.7804950000000002,9.8323330502518935,-0.79614752383031073,0.080933416999724492,9.1394987474253231,0.046602675399329198,0.22738875960351343,0.0039368178952365581,0.3991905121368905,0.0067216837463832694,
5.7814019999999999,9.8370306080081047,-0.8000682196780089,0.082747971270406798,9.1394987474253231,0.046602675399329198,0.22740950376976457,0.0039368190235890147,0.39919050633007974,0.0067216837463832694,
5.7819240000000001,9.8370306080081047,-0.8000682196780089,0.082770221894742146,9.1428550462461793,0.045744979999234027,0.22892626362282326,0.003971956067028006,0.39933660763330242,0.0067064332934683741,
5.7833300000000003,9.8370306080081047,-0.8000682196780089,0.082792472519077495,9.1462741191454136,0.045450567043579269,0.229585111738803,0.0039670714440794485,0.39949968695832222,0.0066841500259936255,
5.784783,9.8370306080081047,-0.8000682196780089,0.082814723143412844,9.1497355082957625,0.04566761066501504,0.2305681244497475,0.0039393661702758331,0.3996744595599348,0.0067734840581694759,
5.7853190000000003,9.8434799890145523,-0.80354994243558342,0.084651742754884851,9.1497355082957625,0.04566761066501504,0.23058886861599864,0.0039393672986282897,0.39967445375312405,0.0067734840581694759,
5.7862070000000001,9.8434799890145523,-0.80354994243558342,0.0846739933792202,9.1528117076385502,0.044707339152039914,0.23106128153252894,0.003971774544197706,0.3997992348328861,0.0067985337009024271,
5.787642,9.8434799890145523,-0.80354994243558342,0.084696244003555549,9.1555486272779198,0.045380230988011139,0.2325185343192252,0.0039910387398445204,0.39995064196515923,0.0069345959324436804,
5.789066,9.8434799890145523,-0.80354994243558342,0.084718494627890897,9.1586010379405707,0.046012601027619816,0.2329407439263973,0.0039517631410818013,0.40009152708033996,0.0069183735498717482,
5.7892479999999997,9.8498157152392292,-0.8066426829453639,0.087834114642838898,9.1586010379405707,0.046012601027619816,0.23296148809264844,0.0039517642694342579,0.4000915212735292,0.0069183735498717482,
5.7905100000000003,9.8498157152392292,-0.8066426829453639,0.087854016629357295,9.1618520886804493,0.047615895639422666,0.23420560280971958,0.0039532581523032918,0.40024269348243474,0.0070181600323230087,
5.7919349999999996,9.8498157152392292,-0.8066426829453639,0.087873918615875693,9.1648639166976817,0.048995493207066969,0.23523327796433685,0.0038554956085169894,0.40036393263228542,0.0069533530121200062,
5.7931819999999998,9.8557341406086625,-0.80509219980538016,0.090849830147151645,9.1648639166976817,0.048995493207066969,0.23525183250513729,0.0038554966177675636,0.4003639274384056,0.0069533530121200062,
5.7933770000000004,9.8557341406086625,-0.80509219980538016,0.090869732133670042,9.1671583629106976,0.050785361449037572,0.2365866615196317,0.0037704840561819451,0.40050646337068263,0.0069138059457258139,
5.7947889999999997,9.8557341406086625,-0.80509219980538016,0.090889634120188439,9.1693517352815732,0.052583022526623981,0.23725069267203955,0.0036782262827852103,0.4005870789365728,0.0069742902231627645,
5.7962259999999999,9.8557341406086625,-0.80509219980538016,0.090909536106706837,9.1720679930112592,0.055039614974756894,0.23788755501124784,0.0035285884628571693,0.40070351201544796,0.0069840154796125169,
5.7970699999999997,9.862049598582141,-0.80371674859031572,0.094798989000872733,9.1720679930112592,0.055039614974756894,0.23790610955204827,0.0035285894721077435,0.40070350682156813,0.0069840154796125169,
5.7976650000000003,9.862049598582141,-0.80371674859031572,0.09481889098739113,9.1744480355538016,0.058018332605212351,0.23870982462370985,0.0034104099045485113,0.40075072059363193,0.0070930898461076522,
5.7991000000000001,9.862049598582141,-0.80371674859031572,0.094838792973909528,9.1763749709987898,0.060979331143672773,0.24014237201541139,0.0032465531506965495,0.40087117327008964,0.0071541845075274342,
5.8005409999999999,9.862049598582141,-0.80371674859031572,0.094855604647510888,9.1776378549419118,0.064953806571375464,0.2405462884853494,0.0031346296199468012,0.40086940118384728,0.0070481637397082318,
5.8010089999999996,9.8692213248949585,-0.7939010139847138,0.09836100014365913,9.1776378549419118,0.064953806571375464,0.24056196194003052,0.0031346304724843717,0.40086939679645545,0.0070481637397082318,
5.8019540000000003,9.8692213248949585,-0.7939010139847138,0.098377811817260491,9.1787926787308596,0.067251071794877881,0.24113330540857844,0.0030578169555785049,0.40098617498336553,0.0070799185161694997,
5.8033789999999996,9.8692213248949585,-0.7939010139847138,0.098394623490861852,9.1790323147303319,0.071202554729806897,0.24167506602834019,0.0028943135704294154,0.40104545794744784,0.0070032444012883823,
5.8048200000000003,9.8692213248949585,-0.7939010139847138,0.098411435164463212,9.1802011444901428,0.073924130374793035,0.24171640425290195,0.0027575163412178515,0.4010930691394976,0.0069683777838790073,
5.8049140000000001,9.8759174086844705,-0.78545755723824939,0.10176084977748384,9.1802011444901428,0.073924130374793035,0.24173207770758307,0.002757517193755422,0.40109306475210577,0.0069683777838790073,
5.8062940000000003,9.8759174086844705,-0.78545755723824939,0.1017776614510852,9.1812637617065107,0.076201595525812862,0.24146838160723738,0.0026829849311846179,0.40108824284065558,0.0070722327832427132,
5.8077019999999999,9.8759174086844705,-0.78545755723824939,0.10179447312468656,9.1821136680589426,0.078356157164225351,0.24251145583453215,0.0025865294189221823,0.40113652429581959,0.0071017132039260158,
5.8089310000000003,9.8805955992927093,-0.77794130679232232,0.10447511347538807,9.1821136680589426,0.078356157164225351,0.24252712928921327,0.0025865302714597528,0.40113651990842775,0.0071017132039260158,
5.8091489999999997,9.8805955992927093,-0.77794130679232232,0.10449192514898943,9.1827162337965831,0.079199566310677719,0.24256520302799867,0.002526389063168339,0.40113979302325031,0.0070756532703363717,
5.8105710000000004,9.8805955992927093,-0.77794130679232232,0.10449360099391478,9.1834547588432294,0.08119535753549284,0.24290744458764421,0.0025105106142125156,0.40116044002323425,0.0069932869682473075,
5.812036,9.8805955992927093,-0.77794130679232232,0.10449527683884012,9.1834327762839383,0.083780181763263725,0.24277482262327479,0.0024061070748139261,0.40120321673144499,0.0071680660803991455,
5.8128339999999996,9.8832154128692462,-0.77315790135049245,0.10400272601948726,9.1834327762839383,0.083780181763263725,0.24277638500665866,0.0024061071597977768,0.40120321629409483,0.0071680660803991455,
5.8134209999999999,9.8832154128692462,-0.77315790135049245,0.10400440186441261,9.1841655798628796,0.084492320625916009,0.24263591486310448,0.0023600192104049266,0.40116088256040183,0.0071535587062498398,
5.8148730000000004,9.8832154128692462,-0.77315790135049245,0.10400607770933795,9.1848564564698414,0.085720074860192966,0.24215807476251036,0.0023223712211087573,0.401191121554758,0.0070744893775567599,
5.8162960000000004,9.8832154128692462,-0.77315790135049245,0.1040077535542633,9.1843620467131135,0.085174313290005979,0.242364744109207,0.002300513280618264,0.40118265332280967,0.0070961956053804164,
5.8167299999999997,9.8856606598352617,-0.77348271228497101,0.10353667881940909,9.1843620467131135,0.085174313290005979,0.24236630649259086,0.0023005133656021147,0.40118265288545951,0.0070961956053804164,
5.8177479999999999,9.8856606598352617,-0.77348271228497101,0.10353835466433443,9.1830626628339456,0.085140887382529257,0.24159904835246768,0.0023422473437326201,0.40115183254997017,0.0071709619498138994,
5.8191420000000003,9.8856606598352617,-0.77348271228497101,0.10354003050925978,9.1797766306208608,0.085812331768629638,0.24166051135847388,0.0023367077325169359,0.40110298768899022,0.0071449904013046765,
5.8205910000000003,9.8856606598352617,-0.77348271228497101,0.10354868359172341,9.1789089087198921,0.084948339230501907,0.24137596962756697,0.0023957802746939023,0.40101245428207699,0.0069379154866232454,
5.8206259999999999,9.8871516648257458,-0.77377088853226472,0.10331403276397971,9.1789089087198921,0.084948339230501907,0.24138403686102994,0.0023957807135007742,0.40101245202385666,0.0069379154866232454,
5.8220320000000001,9.8871516648257458,-0.77377088853226472,0.10332268584644334,9.1782439248530174,0.084903365209279311,0.24162884061472772,0.002430850524408962,0.40098449885918375,0.0070637620458338535,
5.8234700000000004,9.8871516648257458,-0.77377088853226472,0.10333133892890697,9.1768775200319812,0.082685218283628112,0.24101317652306556,0.0024700652974737705,0.40097709506467583,0.0068459353954057681,
5.8245319999999996,9.8856961776632666,-0.78234742965846649,0.10184922228407475,9.1768775200319812,0.082685218283628112,0.24102124375652853,0.0024700657362806424,0.40097709280645549,0.0068459353954057681,
5.8249170000000001,9.8856961776632666,-0.78234742965846649,0.10185787536653838,9.1747953743338613,0.080575679279689644,0.24043147027418713,0.0025360049197748766,0.40085576497884073,0.0067159458743876691,
5.8263420000000004,9.8856961776632666,-0.78234742965846649,0.10186652844900201,9.1728220860254019,0.079018555179789354,0.23969720969835412,0.0025736850164772003,0.40072890002954498,0.0066844746997586392,
5.8277580000000002,9.8856961776632666,-0.78234742965846649,0.10187518153146564,9.1708849805704666,0.077786827363698158,0.23947002150996191,0.002667401727149161,0.40066830784386837,0.0066375916021410419,
5.8284609999999999,9.8843366754387283,-0.78996552172136791,0.10045658236939976,9.1708849805704666,0.077786827363698158,0.23947808874342488,0.0026674021659560329,0.40066830558564803,0.0066375916021410419,
5.8291950000000003,9.8843366754387283,-0.78996552172136791,0.10046523545186339,9.169267250883264,0.076266307568805716,0.23909190380974765,0.002722809205001479,0.40053692767842242,0.0065954785930801086,
5.8306040000000001,9.8843366754387283,-0.78996552172136791,0.10047234327472054,9.1672974254284565,0.074771232899250223,0.23889147821683718,0.0028025732561185288,0.40045602907418498,0.0066723252474428958,
5.8320309999999997,9.8843366754387283,-0.78996552172136791,0.10047945109757769,9.1655669931278521,0.071752527772578512,0.23837242294539898,0.0029300037768848403,0.40037256779615105,0.0067244684001722997,
5.8323600000000004,9.8810049979034673,-0.7969947422080319,0.09859701830821567,9.1655669931278521,0.071752527772578512,0.23837904953963787,0.0029300041373299794,0.40037256594120163,0.0067244684001722997,
5.8334770000000002,9.8810049979034673,-0.7969947422080319,0.09860412613107282,9.1626110767755833,0.069827892753408408,0.238204712924347,0.0029909547386037399,0.40034157091896838,0.0068444353051317552,
5.8349190000000002,9.8810049979034673,-0.7969947422080319,0.098611233953929969,9.1591979978828348,0.065643712115327324,0.23740518468268351,0.0030804750913201295,0.4001872714251633,0.007023594374240545,
5.8362730000000003,9.8788471065000074,-0.80108906231261279,0.096810582224138131,9.1591979978828348,0.065643712115327324,0.2374118112769224,0.0030804754517652685,0.40018726957021389,0.007023594374240545,
5.8363269999999998,9.8788471065000074,-0.80108906231261279,0.096817690046995281,9.156686757559763,0.062940276719361796,0.23692030834101091,0.0032026448437722974,0.40014218000159468,0.0069255572407997392,
5.8377629999999998,9.8788471065000074,-0.80108906231261279,0.09682479786985243,9.1541483604601357,0.061203191610718924,0.23693028558560825,0.0032695190717919459,0.40000851427514339,0.0068547830648985376,
5.839207,9.8788471065000074,-0.80108906231261279,0.09683190569270958,9.1524281705462762,0.057977154622397199,0.23727600936027882,0.0033984114901191753,0.39992450790001044,0.0068392475603805377,
5.8402269999999996,9.8768306585421826,-0.8047283173197608,0.096575895261508754,9.1524281705462762,0.057977154622397199,0.2372832698703955,0.00339841188504536,0.39992450586761213,0.0068392475603805377,
5.8406399999999996,9.8768306585421826,-0.8047283173197608,0.096583683035726023,9.1505771391419817,0.054474706130983666,0.23746264812186785,0.0035421569452334079,0.39983612336227414,0.0068261643953403464,
5.8420540000000001,9.8768306585421826,-0.8047283173197608,0.096591470809943292,9.148638656055823,0.052574682678756868,0.23729793725045442,0.0036625785175852864,0.39973183543273794,0.0067445763172319494,
5.843502,9.8768306585421826,-0.8047283173197608,0.096599258584160561,9.1473730453910651,0.048975440132533257,0.23714534589619427,0.0037412805448700194,0.39970351449857477,0.0067858045264688957,
5.8441210000000003,9.8679778314356668,-0.807957040884273,0.095410770917553747,9.1473730453910651,0.048975440132533257,0.23715260640631095,0.003741280939796204,0.39970351246617647,0.0067858045264688957,
5.8449439999999999,9.8679778314356668,-0.807957040884273,0.095418558691771016,9.1461600068038269,0.047799123745008325,0.23698804495633868,0.0038230927100529515,0.39968988800169364,0.0067155495072752178,
5.8463649999999996,9.8679778314356668,-0.807957040884273,0.095426346465988285,9.1446391910027742,0.046503028138039831,0.23682059604635602,0.0038982508236759415,0.39961975428814311,0.0065945331895298272,
5.8478120000000002,9.8679778314356668,-0.807957040884273,0.095434134240205554,9.1429641503468932,0.045034483733384534,0.23700781555135672,0.0039805837391554454,0.39959058355250721,0.0066817668572996232,
5.8480309999999998,9.8684193098185098,-0.81511809729351759,0.094296698594357159,9.1429641503468932,0.045034483733384534,0.2370150760614734,0.00398058413408163,0.3995905815201089,0.0066817668572996232,
5.849297,9.8684193098185098,-0.81511809729351759,0.094304486368574428,9.1423456132010692,0.044497074628473209,0.23670675476287317,0.0040079572848664268,0.3995824413517135,0.0068043657331974391,
5.8506710000000002,9.8684193098185098,-0.81511809729351759,0.094302453837999317,9.1417472774999879,0.044766106261933683,0.23638778338619473,0.0040554203028430472,0.39955871214934563,0.0068260520197940206,
5.8519680000000003,9.8688317343220824,-0.82148016667409574,0.095090580686034307,9.1417472774999879,0.044766106261933683,0.2363858884662354,0.0040554201997712938,0.3995587126797811,0.0068260520197940206,
5.8521200000000002,9.8688317343220824,-0.82148016667409574,0.095088548155459196,9.1413666744194089,0.046198740906806236,0.23574630687493214,0.004083448759723972,0.3995738261315338,0.006873031611146236,
5.8535589999999997,9.8688317343220824,-0.82148016667409574,0.095086515624884085,9.1404988384737624,0.046745204998875786,0.23576677785561628,0.0040468420115098566,0.39954376294300853,0.0068484503275132247,
5.8549629999999997,9.8688317343220824,-0.82148016667409574,0.095084483094308975,9.14098343830522,0.046958652953916408,0.23594400397945511,0.0040491565682336944,0.39952656573265605,0.0067926904155473072,
5.855874,9.8711174101892265,-0.8222943968068076,0.093533875159599114,9.14098343830522,0.046958652953916408,0.23594210905949578,0.004049156465161941,0.39952656626309152,0.0067926904155473072,
5.8563929999999997,9.8711174101892265,-0.8222943968068076,0.093531842629024003,9.1421770219868836,0.049495188354731046,0.23594112575670856,0.0040738604300127549,0.39958179586510512,0.0067153176256197098,
5.8578510000000001,9.8711174101892265,-0.8222943968068076,0.093529810098448893,9.1436126982211832,0.051019035591239201,0.23611465917365609,0.0039618345671217983,0.39959758869536444,0.006791096645958946,
5.8592820000000003,9.8711174101892265,-0.8222943968068076,0.093527777567873782,9.1440015808636783,0.051999192973665301,0.23663342870862386,0.0038827719106394906,0.39958259620664177,0.0069571771201085136,
5.859782,9.8718247692644052,-0.81952774119500671,0.092045405729844487,9.1440015808636783,0.051999192973665301,0.23663153378866453,0.0038827718075677372,0.39958259673707724,0.0069571771201085136,
5.8606879999999997,9.8718247692644052,-0.81952774119500671,0.092056778205156745,9.1457117695454322,0.052900512230497361,0.23649011929715691,0.0037918380681649941,0.3996203256059353,0.0071011039117167612,
5.8621439999999998,9.8718247692644052,-0.81952774119500671,0.092068150680469002,9.1465504601195171,0.055895772576561926,0.23665542596744815,0.0037584074862824042,0.39968330093665738,0.0070153858391837909,
5.8635869999999999,9.8718247692644052,-0.81952774119500671,0.092079523155781259,9.1481920563819585,0.057545991344347867,0.23664484009076514,0.0036436494985583566,0.39974139506219958,0.0069444352852046018,
5.8637090000000001,9.8724854757211187,-0.81707039156317185,0.092034861948418395,9.1481920563819585,0.057545991344347867,0.23665544260308161,0.0036436500752684868,0.39974139209429133,0.0069444352852046018,
5.8650089999999997,9.8724854757211187,-0.81707039156317185,0.092046234423730652,9.1498902218078335,0.05984107238693441,0.23748925510741126,0.0035724535347336568,0.3998459078818376,0.007074088250605114,
5.8664170000000002,9.8724854757211187,-0.81707039156317185,0.09205760689904291,9.1509561772267265,0.062788857579986104,0.23845984913029647,0.003515600843017041,0.39983937539276804,0.0070682523115213553,
5.8676180000000002,9.8745293322213392,-0.81274151240530823,0.093480231810814815,9.1509561772267265,0.062788857579986104,0.23847045164261294,0.0035156014197271711,0.39983937242485978,0.0070682523115213553,
5.8678549999999996,9.8745293322213392,-0.81274151240530823,0.093491604286127072,9.1525642433110566,0.064285084204030493,0.23973225866479272,0.0034343989808965163,0.39995523307265829,0.0070037186928572888,
5.8693,9.8745293322213392,-0.81274151240530823,0.09350297676143933,9.1549993332747306,0.066698447010593437,0.24048680869313266,0.0034232382513849683,0.39999468065669319,0.007008987208612533,
5.8707349999999998,9.8745293322213392,-0.81274151240530823,0.093506562081422093,9.158527816729606,0.068988710772364653,0.24070538435288982,0.003326457742301313,0.4001424908460241,0.0069713334975684696,
5.8715270000000004,9.8791292130905379,-0.80460423666715486,0.094858260635215075,9.158527816729606,0.068988710772364653,0.24070872693207615,0.0033264579241166431,0.40014248991035262,0.0069713334975684696,
5.8721410000000001,9.8791292130905379,-0.80460423666715486,0.094861845955197838,9.1617525585006518,0.070891327254943542,0.24141981140767407,0.0031642228318449336,0.40030167271515754,0.0070188519885536881,
5.8736030000000001,9.8791292130905379,-0.80460423666715486,0.094865431275180601,9.1653836218624534,0.073563522158849926,0.24176908749424961,0.0030622599764632062,0.40044267649607435,0.0069110361146746688,
5.8750200000000001,9.8791292130905379,-0.80460423666715486,0.094869016595163363,9.1686754378769102,0.074792524090472406,0.24261470019554837,0.0029406877556546365,0.40056568219826688,0.0069051986590012359,
5.8755050000000004,9.8834292383758253,-0.79736714090202754,0.097419564265448177,9.1686754378769102,0.074792524090472406,0.2426180427747347,0.0029406879374699667,0.4005656812625954,0.0069051986590012359,
5.8764729999999998,9.8834292383758253,-0.79736714090202754,0.09742314958543094,9.1720060889257429,0.077167900433141257,0.24344562506096223,0.0028250989710261231,0.4006962243891109,0.0069347608401101142,
5.8778889999999997,9.8834292383758253,-0.79736714090202754,0.097426734905413703,9.1744070610834711,0.078033763880643162,0.24425517689184736,0.0027468302809458738,0.40078462733922637,0.0068910874874832913,
5.879308,9.8834292383758253,-0.79736714090202754,0.097430320225396466,9.1770158686990193,0.078959248556518841,0.24621637172364849,0.0027168083941967133,0.40095237289958519,0.0070456169509977538,
5.8793899999999999,9.8860149853036194,-0.78826386992875686,0.098191757306923449,9.1770158686990193,0.078959248556518841,0.24621971430283482,0.0027168085760120434,0.4009523719639137,0.0070456169509977538,
5.8807559999999999,9.8860149853036194,-0.78826386992875686,0.098187863161944916,9.1794121377899209,0.079124062857685099,0.24730087582362506,0.0025972637847708627,0.40103403702857904,0.0070781066241781196,
5.8821870000000001,9.8860149853036194,-0.78826386992875686,0.098183969016966383,9.1816358725625591,0.080302006811051346,0.24786982686737569,0.0025518425580756906,0.40114240068494333,0.0070981443087681645,
5.8833000000000002,9.8884294023268815,-0.78340480929178502,0.098905224225070684,9.1816358725625591,0.080302006811051346,0.24786619637190629,0.0025518423605995215,0.40114240170120979,0.0070981443087681645,
5.8836120000000003,9.8884294023268815,-0.78340480929178502,0.098901330080092151,9.1834084757282355,0.080865625862909393,0.24859734584447565,0.0024767876039329608,0.40116927564437721,0.0071806500680235558,
5.8850410000000002,9.8884294023268815,-0.78340480929178502,0.098897435935113617,9.1850232561020704,0.080096178144852231,0.24981015750982172,0.0024916492059498898,0.40127274546331432,0.0072532870885626205,
5.8865090000000002,9.8884294023268815,-0.78340480929178502,0.098893541790135084,9.1870391689864466,0.080602466975355253,0.25066137190751425,0.002404829373326354,0.40131589526569184,0.0072973000947193657,
5.8872270000000002,9.8962315907975107,-0.77908932778657536,0.10304081818295779,9.1870391689864466,0.080602466975355253,0.25065774141204483,0.0024048291758501849,0.4013158962819583,0.0072973000947193657,
5.8879149999999996,9.8962315907975107,-0.77908932778657536,0.10303692403797926,9.1883758945141523,0.081251119622885892,0.25114361150850967,0.0023544090933137586,0.40137325344329799,0.0071602945021050305,
5.8893839999999997,9.8962315907975107,-0.77908932778657536,0.10303302989300073,9.1895805847068655,0.080326546761809975,0.25130251237249779,0.0023896709032000937,0.4014552373027771,0.0070897432635411827,
5.8907759999999998,9.8962315907975107,-0.77908932778657536,0.10302579818944219,9.1910967956289742,0.079396799093584547,0.25161636121021658,0.002435165194010745,0.40155538409826624,0.0070390117370381323,
5.8911569999999998,9.9003524640599263,-0.77525665781976227,0.10342741991627084,9.1910967956289742,0.079396799093584547,0.2516096191225054,0.0024351648272834857,0.40155538598554513,0.0070390117370381323,
5.8922249999999998,9.9003524640599263,-0.77525665781976227,0.1034201882127123,9.1916226523789764,0.078913702458714416,0.25159597692682473,0.0024413473113332734,0.40159499835286744,0.007032403382500458,
5.8936590000000004,9.9003524640599263,-0.77525665781976227,0.10341295650915376,9.1922473015395205,0.076888190102301163,0.25174418610286803,0.0025569260577844922,0.40159661134202823,0.00692591978379185,
5.895092,9.9042016582240251,-0.77265890283430605,0.1037977067599707,9.1922473015395205,0.076888190102301163,0.25173744401515685,0.002556925691057233,0.40159661322930712,0.00692591978379185,
5.895105,9.9042016582240251,-0.77265890283430605,0.10379047505641216,9.193798269423139,0.075397593787958239,0.25206576923886659,0.0026254142300479164,0.40164410204593154,0.0070498283756367198,
5.8965500000000004,9.9042016582240251,-0.77265890283430605,0.10378324335285362,9.1945017621927416,0.074389134429318104,0.25271461900486303,0.0027090162055984027,0.40170263160629449,0.0071172930195992721,
5.8979679999999997,9.9042016582240251,-0.77265890283430605,0.10377601164929508,9.1938778297584562,0.072625727868294035,0.25219243423407145,0.0027807261486181714,0.40161002563209552,0.0070155415562425452,
5.8989839999999996,9.9062115490090648,-0.77035449558882396,0.10477327657341499,9.1938778297584562,0.072625727868294035,0.25218569214636027,0.0027807257818909122,0.40161002751937441,0.0070155415562425452,
5.8993719999999996,9.9062115490090648,-0.77035449558882396,0.10476604486985645,9.1928650980841375,0.06946568004697469,0.25282075691243461,0.002903350701339266,0.40155198167392014,0.0068916257966916946,
5.9007839999999998,9.9062115490090648,-0.77035449558882396,0.10475640290788896,9.1912545855633159,0.065579944160595274,0.25296183615023404,0.0030931358857161509,0.40153382581581243,0.0068323462368143646,
5.9022240000000004,9.9062115490090648,-0.77035449558882396,0.10474676094592146,9.1902749424259707,0.061344270605736925,0.25441113633265694,0.0032918751467461357,0.40153131371815254,0.0068031458103316438,
5.9029059999999998,9.9061877059753201,-0.76589141148017403,0.10758500263260271,9.1902749424259707,0.061344270605736925,0.25440214717086868,0.0032918746577921491,0.40153131623444366,0.0068031458103316438,
5.9036600000000004,9.9061877059753201,-0.76589141148017403,0.10757536067063521,9.1892669692950744,0.057009203279853926,0.25402041835305944,0.0033190111830855599,0.40149520803293659,0.0068569827928471223,
5.9050979999999997,9.9061877059753201,-0.76589141148017403,0.10756571870866771,9.1882228145301301,0.055311448846337104,0.25414647415946823,0.0034529289276041698,0.40139795102326115,0.0069016794708732926,
5.9065399999999997,9.9061877059753201,-0.76589141148017403,0.10755607674670022,9.1870622377463924,0.053344073910602377,0.25476304619336015,0.0035186229022390069,0.4013986430424028,0.0070145423492552284,
5.9068250000000004,9.9061654396787837,-0.77696639895871167,0.11027144670453183,9.1870622377463924,0.053344073910602377,0.25475405703157189,0.0035186224132850203,0.40139864555869392,0.0070145423492552284,
5.9079480000000002,9.9061654396787837,-0.77696639895871167,0.11026180474256433,9.187480218947135,0.053326004736067356,0.25517862532171681,0.0035956597929912553,0.40137155508195699,0.0070190704835676743,
5.9094139999999999,9.9061654396787837,-0.77696639895871167,0.11025216278059684,9.1889701437802174,0.050867319418684082,0.2551289866567209,0.0036965209507789538,0.4014273830371915,0.0072186786283099727,
5.9107669999999999,9.9061446383341369,-0.78680552270186221,0.11136940322457557,9.1889701437802174,0.050867319418684082,0.25510651380033239,0.0036965197283966023,0.40142738932790584,0.0072186786283099727,
5.9108479999999997,9.9061446383341369,-0.78680552270186221,0.11134529837123082,9.189488188336151,0.047714705178417104,0.25566777584557154,0.0037697284509853319,0.40148619947874231,0.0071083740890228436,
5.9122890000000003,9.9061446383341369,-0.78680552270186221,0.11132119351788607,9.1902100463744762,0.047625991009686092,0.25652724642676145,0.003811068872349973,0.40149756663145719,0.0069254062967460698,
5.9137219999999999,9.9061446383341369,-0.78680552270186221,0.11129708866454131,9.1902764587158057,0.048069507073705248,0.25672834939130451,0.0038841305877793629,0.40153473752013813,0.0068876310872838199,
5.9146669999999997,9.906280932236136,-0.79204463647948431,0.11352078528584558,9.1902764587158057,0.048069507073705248,0.256705876534916,0.0038841293653970113,0.40153474381085247,0.0068876310872838199,
5.915165,9.906280932236136,-0.79204463647948431,0.11349668043250083,9.1905944385302742,0.047923274194496067,0.25673294290000459,0.0038760338846411421,0.40157372406871084,0.006855675919472488,
5.9165609999999997,9.906280932236136,-0.79204463647948431,0.11347257557915608,9.1909021474163222,0.048538277171848228,0.25774569685005411,0.003862737364967255,0.40159533208431208,0.0068777882188586752,
5.9180039999999998,9.906280932236136,-0.79204463647948431,0.11344847072581132,9.191763753317181,0.049964505329683669,0.25807342318852489,0.0038576698484428873,0.40162972515984324,0.006849979778211268,
5.9186350000000001,9.906408310554756,-0.7980465238420914,0.11557918970302235,9.191763753317181,0.049964505329683669,0.25805095033213638,0.0038576686260605357,0.40162973145055758,0.006849979778211268,
5.9194250000000004,9.906408310554756,-0.7980465238420914,0.11555508484967759,9.1916278831005211,0.050865723969101731,0.25887164929965234,0.0038647045579784348,0.40162730619827719,0.0068387894098156481,
5.9208660000000002,9.906408310554756,-0.7980465238420914,0.11552473727542613,9.1915980656419887,0.051335900857606677,0.25882912416094228,0.0037547357755648679,0.40163501223071141,0.0067512209350284605,
5.9222869999999999,9.906408310554756,-0.7980465238420914,0.11549438970117466,9.1915151282666283,0.052184729840374602,0.25914282738299627,0.0036985484712621576,0.40161701089521801,0.0068589993468250645,
5.9225719999999997,9.9089041727758449,-0.80337571329544843,0.11679606525948491,9.1915151282666283,0.052184729840374602,0.25911453446338634,0.0036985469323048926,0.40161701881511352,0.0068589993468250645,
5.9237260000000003,9.9089041727758449,-0.80337571329544843,0.11676571768523344,9.1906366536084754,0.053025343636891736,0.25875881173703991,0.0037037455337082126,0.40159752879580729,0.0068334249196460506,
5.9251620000000003,9.9089041727758449,-0.80337571329544843,0.11673537011098198,9.1913240647461443,0.054323930043242631,0.25873594685518719,0.0036970847546509812,0.40162858299928339,0.0068472302422445978,
5.9264869999999998,9.9075917803159808,-0.80622301875797797,0.11924047998160592,9.1913240647461443,0.054323930043242631,0.25870765393557726,0.0036970832156937162,0.40162859091917891,0.0068472302422445978,
5.9265730000000003,9.9075917803159808,-0.80622301875797797,0.11921013240735445,9.1920887672326099,0.055535147410688102,0.25736175519295496,0.003550015935002454,0.4016681681289388,0.0068393078676756746,
5.9279979999999997,9.9075917803159808,-0.80622301875797797,0.11917978483310299,9.1918474498072396,0.056993960137938379,0.25768543485522399,0.0034605650299491934,0.40164984715343111,0.0067896778076264042,
5.9294560000000001,9.9075917803159808,-0.80622301875797797,0.11914943725885152,9.1905994508473121,0.05761733343017561,0.25705895838674131,0.0034270315492689273,0.40158212125856507,0.0069804398920835118,
5.930447,9.9063655811635662,-0.80875283679127885,0.12155320508694716,9.1905994508473121,0.05761733343017561,0.25703395012552394,0.0034270301889764649,0.40158212825900264,0.0069804398920835118,
5.9308889999999996,9.9063655811635662,-0.80875283679127885,0.12152638070562995,9.1892400551287121,0.059811209457725757,0.25640748306174815,0.0033704053440507436,0.40153301122993362,0.0070219722299498131,
5.9322990000000004,9.9063655811635662,-0.80875283679127885,0.12149955632431274,9.187571081042746,0.06150530536750197,0.25546959574407457,0.0033005719141221074,0.4014850917105558,0.0070839393937746692,
5.9337739999999997,9.9063655811635662,-0.80875283679127885,0.12147273194299553,9.1861393439865822,0.06245586338142653,0.25471937192973637,0.0032705135185095669,0.4014630937512797,0.0071331988705664639,
5.9343180000000002,9.9068053507877636,-0.80830870040901059,0.11947651756127579,9.1861393439865822,0.06245586338142653,0.254694363668519,0.0032705121582171045,0.40146310075171726,0.0071331988705664639,
5.9352070000000001,9.9068053507877636,-0.80830870040901059,0.11944969317995859,9.1840637153284383,0.065838417944867833,0.2538078822902945,0.003171474035647482,0.40133079359171203,0.007267110663423928,
5.9366190000000003,9.9068053507877636,-0.80830870040901059,0.11942286879864138,9.1810436491062788,0.067573253388300822,0.25309798406601636,0.0031925389120528447,0.40127121713014574,0.0072425677487365009,
5.9380329999999999,9.9068053507877636,-0.80830870040901059,0.11939604441732417,9.1789749156068474,0.07008371718389278,0.25207627874600813,0.0031640014641223725,0.40112368575136215,0.0072445303418222579,
5.9382339999999996,9.9054701806402043,-0.80415446928142398,0.11749081969934304,9.1789749156068474,0.07008371718389278,0.25205127048479076,0.0031640001038299101,0.40112369275179971,0.0072445303418222579,
5.9394900000000002,9.9054701806402043,-0.80415446928142398,0.11746399531802583,9.1762261958093525,0.07093724504225167,0.25105819955152969,0.0031375676976134908,0.40100646544855489,0.0072852809367401575,
5.9409070000000002,9.9054701806402043,-0.80415446928142398,0.11743871615711887,9.173249437738944,0.072151461133412198,0.2502475015258902,0.0030899766364749087,0.40087725999861984,0.0072845042957278457,
5.9421489999999997,9.9042234660467816,-0.80046654041382015,0.11300103690624425,9.173249437738944,0.072151461133412198,0.25022393386735442,0.0030899753545421912,0.4008772665957967,0.0072845042957278457,
5.9423570000000003,9.9042234660467816,-0.80046654041382015,0.11297575774533729,9.1702517926426079,0.07412844656675685,0.24942238132355379,0.0029982229908530026,0.40078497764888632,0.0072523396540215774,
5.9437610000000003,9.9042234660467816,-0.80046654041382015,0.11295047858443033,9.1662217154575298,0.074012199345039595,0.24669415905659561,0.002935909512725844,0.40063368747753997,0.007307020803030125,
5.9452020000000001,9.9042234660467816,-0.80046654041382015,0.11292519942352337,9.1619692410616498,0.074254935032205538,0.24549939445997784,0.002910647140680905,0.40049231808236585,0.0073357789901805116,
5.9460740000000003,9.9013198792685291,-0.80175752141075152,0.11161900061450587,9.1619692410616498,0.074254935032205538,0.24547582680144209,0.0029106458587481875,0.40049232467954271,0.0073357789901805116,
5.9466590000000004,9.9013198792685291,-0.80175752141075152,0.11159372145359892,9.1580021671633585,0.074141802554109196,0.24396220296433149,0.0027848482079177923,0.40035131503757027,0.0072834432231770599,
5.948099,9.9013198792685291,-0.80175752141075152,0.11156844229269196,9.1544828249493388,0.075501399801484931,0.24233238019427142,0.0027939231226774002,0.40020100529788949,0.0073090980156101078,
5.9495440000000004,9.9013198792685291,-0.80175752141075152,0.111543163131785,9.149671994500638,0.075444036466988149,0.24040125209136282,0.0027212882965523032,0.40003776983012723,0.0072618169338502722,
5.9499810000000002,9.8989269102038975,-0.79780194530456594,0.11029761911665742,9.149671994500638,0.075444036466988149,0.24037768443282706,0.0027212870146195857,0.40003777642730409,0.0072618169338502722,
5.9509470000000002,9.8989269102038975,-0.79780194530456594,0.11027580115676004,9.145084380967436,0.076059789515784515,0.23930251454500598,0.0026605775969648221,0.39990109808614333,0.0071711159062118786,
5.9523900000000003,9.8989269102038975,-0.79780194530456594,0.11025398319686266,9.1395678417032009,0.076061639163257339,0.2372788189870097,0.0025856119159410945,0.39973650688457119,0.0071624315625792769,
5.9538320000000002,9.8989269102038975,-0.79780194530456594,0.11023216523696529,9.1350641061654372,0.077020138349875811,0.23642953697955621,0.0025242597465883012,0.39961044997445566,0.007067141427583629,
5.9538739999999999,9.8966931389041388,-0.79429198121408706,0.10548623913748868,9.1350641061654372,0.077020138349875811,0.23640919618459466,0.0025242586401767108,0.39961045566835268,0.007067141427583629,
5.9552329999999998,9.8966931389041388,-0.79429198121408706,0.10546442117759131,9.1318408645579492,0.075758237978510515,0.23461645739398027,0.0025544912940993311,0.39944880606716815,0.0070776435840716433,
5.9566920000000003,9.8966931389041388,-0.79429198121408706,0.10544260321769393,9.1281524717093809,0.073566217625440578,0.23385475388113303,0.0026159107431978409,0.39934640338337868,0.0071384001754792193,
5.957789,9.8857367956929352,-0.79224846131096371,0.10425806962387855,9.1281524717093809,0.073566217625440578,0.23383441308617148,0.0026159096367862505,0.3993464090772757,0.0071384001754792193,
5.9581410000000004,9.8857367956929352,-0.79224846131096371,0.10423625166398118,9.1245300334207737,0.071477351276915929,0.23308076832230054,0.0025747932256198996,0.39920393419535044,0.0071473616539371636,
5.9595359999999999,9.8857367956929352,-0.79224846131096371,0.1042144337040838,9.1215350710025209,0.068159613875694178,0.23221025165298687,0.0026473323753217356,0.39909850388039902,0.0073205801506413702,
5.9609569999999996,9.8857367956929352,-0.79224846131096371,0.10419700396789904,9.1187269385369216,0.065886559630503425,0.23052718035065267,0.0026669238102174459,0.39897607244368333,0.0073695532653791605,
5.9617500000000003,9.8770824053884656,-0.79150631201749388,0.10307062606165894,9.1187269385369216,0.065886559630503425,0.2305109306787477,0.0026669229263372746,0.39897607699237275,0.0073695532653791605,
5.962402,9.8770824053884656,-0.79150631201749388,0.10305319632547418,9.1162539959909434,0.065376898092578573,0.22999693327611059,0.0026736896954349834,0.39886541327790509,0.0073189796945640302,
5.9638239999999998,9.8770824053884656,-0.79150631201749388,0.10303576658928941,9.114634055012079,0.062313042232497583,0.22868013221681063,0.0027075854662933232,0.39876335050991751,0.0073008734249583483,
5.9652570000000003,9.8770824053884656,-0.79150631201749388,0.10301833685310464,9.1145767278534198,0.06098083264073037,0.22834774407849312,0.0027942034591411304,0.39875508180544272,0.0071283082430627122,
5.9656510000000003,9.8690032017270983,-0.7908477855191357,0.098381589748850556,9.1145767278534198,0.06098083264073037,0.22833149440658815,0.0027942025752609591,0.39875508635413215,0.0071283082430627122,
5.9667019999999997,9.8690032017270983,-0.7908477855191357,0.098364160012665791,9.1141904110457315,0.059801743166078156,0.22866129478067826,0.0028208279357228466,0.39873065155121268,0.0070086762486281946,
5.9681519999999999,9.8690032017270983,-0.7908477855191357,0.098346730276481026,9.1143031580186875,0.057686858244380732,0.22884189533832466,0.0029325341511263173,0.39873798297045743,0.0070530516173328891,
5.9695520000000002,9.8665294534462262,-0.79241057627523903,0.098000421808087476,9.1143031580186875,0.057686858244380732,0.22882564566641969,0.002932533267246146,0.39873798751914685,0.0070530516173328891,
5.9695600000000004,9.8665294534462262,-0.79241057627523903,0.097982992071902711,9.1138975745615642,0.057204122057442366,0.22881527834689075,0.0029969509326954191,0.39867829271475103,0.0069136032980710999,
5.9710039999999998,9.8665294534462262,-0.79241057627523903,0.097969332599995101,9.1147640222646746,0.055523901566213382,0.22915319745521137,0.0031264871549315063,0.39872031382109768,0.0069484009712979401,
5.9724659999999998,9.8665294534462262,-0.79241057627523903,0.097955673128087492,9.1172013499153213,0.053970900799014808,0.22963913414985301,0.0031607214780011582,0.39872388507071543,0.0069656117866896726,
5.9734749999999996,9.8635833219454625,-0.79702009852634281,0.097630056262486303,9.1172013499153213,0.053970900799014808,0.22962639947994518,0.0031607207853150362,0.39872388863546793,0.0069656117866896726,
5.9739050000000002,9.8635833219454625,-0.79702009852634281,0.097616396790578694,9.1198691544138519,0.053684925959206903,0.22992762254799412,0.0032177179951458925,0.39885004683168696,0.0069472571709783947,
5.9753280000000002,9.8635833219454625,-0.79702009852634281,0.097602737318671084,9.1214692340537589,0.051592495260874727,0.22972889216591388,0.0032818872254240421,0.39892121771047262,0.006861582715742524,
5.97675,9.8635833219454625,-0.79702009852634281,0.097589077846763475,9.124127378734892,0.052444281879523741,0.22969389072801408,0.0033404669324753151,0.39901616524329792,0.0068297423832710457,
5.9773899999999998,9.8608321111883583,-0.80111277921539792,0.094451228569082377,9.124127378734892,0.052444281879523741,0.22968115605810624,0.0033404662397891931,0.39901616880805041,0.0068297423832710457,
5.9782120000000001,9.8608321111883583,-0.80111277921539792,0.094437569097174767,9.1257210396144117,0.052048575538271885,0.2301536429812833,0.0033852982662823266,0.39908784805528791,0.0068841453671551036,
5.9796120000000004,9.8608321111883583,-0.80111277921539792,0.094423909625267158,9.1288895576857882,0.051248851753928223,0.23044553333692935,0.0035035176556834462,0.39922044328104628,0.006883660099194543,
5.9810189999999999,9.8608321111883583,-0.80111277921539792,0.094413526029458752,9.1327424401631916,0.051115109408958054,0.23072539780665066,0.0035206138910674417,0.39938481037728207,0.0069139169885936106,
5.9813330000000002,9.864757517692901,-0.80206283418701341,0.096341535375054299,9.1327424401631916,0.051115109408958054,0.23071571722265952,0.0035206133645044263,0.39938481308711954,0.0069139169885936106,
5.9824510000000002,9.864757517692901,-0.80206283418701341,0.096331151779245894,9.1356171453895758,0.050790134743938835,0.2316486710997504,0.0036065631764301484,0.39948466930794807,0.0068792298975911079,
5.9839399999999996,9.864757517692901,-0.80206283418701341,0.096320768183437488,9.1384753477007052,0.050026704175983559,0.23189638631885748,0.0035414028955585214,0.39963169279997313,0.0068797503296226846,
5.9852069999999999,9.868420576724823,-0.79968555642416028,0.098164424438665548,9.1384753477007052,0.050026704175983559,0.23188670573486633,0.0035414023689955059,0.39963169550981059,0.0068797503296226846,
5.9853560000000003,9.868420576724823,-0.79968555642416028,0.098154040842857143,9.1407838388211378,0.04989247920160296,0.23247610205120028,0.0035295967487513433,0.39968985945118363,0.0069504590078461985,
5.9868050000000004,9.868420576724823,-0.79968555642416028,0.098143657247048738,9.1448752894214103,0.05060354629179406,0.23335894654654646,0.0035515749642988713,0.39980648886153342,0.0068989863967333954,
5.9882099999999996,9.868420576724823,-0.79968555642416028,0.098133273651240333,9.1474552579463371,0.052601989199843886,0.23454335229296303,0.0035605955134393871,0.39992119242224428,0.0068046519076359795,
5.9891649999999998,9.8740630705741026,-0.79757211672162998,0.10010797964136775,9.1474552579463371,0.052601989199843886,0.23453367170897188,0.0035605949868763717,0.39992119513208174,0.0068046519076359795,
5.9896570000000002,9.8740630705741026,-0.79757211672162998,0.10009759604555934,9.149755497931034,0.053529945603633701,0.23536767971452763,0.0035316329378944282,0.40004418595794394,0.0067650370431803896,
5.9910779999999999,9.8740630705741026,-0.79757211672162998,0.10008857214617525,9.1521456803807251,0.054388093719578701,0.23636144801577863,0.0035044043040812212,0.40007866619636634,0.006800174775339363,
5.9925030000000001,9.8740630705741026,-0.79757211672162998,0.10007954824679116,9.1542723304094533,0.056443073199978634,0.23683829798154932,0.0034218594935600168,0.4001280487268048,0.0068552241457110171,
5.9930580000000004,9.8823396738053404,-0.80375014351195262,0.10186514154794876,9.1542723304094533,0.056443073199978634,0.23682988503698491,0.003421859035948631,0.40012805108179833,0.0068552241457110171,
5.9939109999999998,9.8823396738053404,-0.80375014351195262,0.10185611764856467,9.1550846459290973,0.058052136513025189,0.23747733552823247,0.0034281148574874624,0.40016760033187543,0.0069382039478598813,
5.9953709999999996,9.8823396738053404,-0.80375014351195262,0.10184709374918058,9.1578367656563859,0.059282570563063131,0.23760276540086397,0.0033430138191502881,0.40027711820412559,0.0069869917119538896,
5.9967860000000002,9.8823396738053404,-0.80375014351195262,0.10183806984979649,9.1598132469071629,0.059946965924173409,0.23824013595869931,0.0033441709406098873,0.40035840037030951,0.0071334694137839385,
5.996969,9.8900683591054399,-0.79635176575035127,0.1035466366309729,9.1598132469071629,0.059946965924173409,0.23823172301413489,0.0033441704829985015,0.40035840272530304,0.0071334694137839385,
5.9982030000000002,9.8900683591054399,-0.79635176575035127,0.1035376127315888,9.1615222064116626,0.060500897318288407,0.23834945850300901,0.0033587408192822742,0.40039240128720671,0.0070994157652493148,
5.9996359999999997,9.8900683591054399,-0.79635176575035127,0.10352858883220471,9.1621870630886839,0.06264146331879987,0.23895770738767635,0.0033772226032151246,0.40044926280279314,0.0070870862028593398,
